kBasicLog: 1
kBreedEdges: 1
kBreedGates: 1
kBreedSample: 4
kBreedType: 1
kChildren: 100
kEvaluations: 30000
kGens: 100
kLegalGateTypes: 1
kLog: 1
kLogIter: 3
kMaxGenStagnation: 300
kMessUp: 0
kMutatePercent: 5
kMutationMode: 2
kMutations: 16
kPruneOrphans: 1
kSaveDotGraphs: 1
kSeed: 0
kThreads: 4
kThreshold: 1000
kTruthWeight: 1
columns: 8
rows: 9,9,9,9,9,9,9,1
goal_correct_count: 256
goal_total_count: 2048
goal_total_weighted_count: 65536
~
gates_used: 25
total_count: 1554
total_weighted_count: 0
percent: 0.758789
weighted_percent: 0.000000
evaluations: 30100
~
1434,1420,1422,1456,1456,1456,1458,1456,1472,1456,1452,1452,1452,1452,1452,1422,1390,1422,1422,1422,1438,1438,1454,1440,1438,1438,1438,1438,1438,1438,1440,1438,1438,1438,1438,1438,1438,1440,1438,1438,1438,1436,1428,1440,1434,1434,1434,1434,1434,1432,1424,1422,1450,1414,1414,1414,1446,1470,1472,1454,1456,1462,1462,1460,1468,1466,1466,1454,1478,1470,1468,1468,1466,1480,1480,1480,1482,1488,1472,1488,1472,1472,1472,1462,1462,1462,1462,1462,1462,1462,1460,1458,1460,1460,1460,1462,1460,1464,1464,1458,1456,1456,1458,1486,1486,1482,1482,1474,1482,1466,1436,1462,1446,1462,1470,1448,1484,1476,1492,1492,1484,1498,1498,1478,1478,1478,1478,1504,1500,1498,1498,1506,1506,1506,1506,1506,1506,1506,1522,1522,1506,1506,1506,1506,1510,1510,1514,1522,1520,1522,1532,1540,1540,1540,1542,1542,1566,1550,1546,1544,1546,1546,1546,1546,1546,1546,1546,1546,1546,1552,1546,1546,1546,1546,1546,1550,1560,1550,1544,1542,1542,1542,1542,1542,1542,1542,1550,1558,1550,1550,1550,1550,1550,1550,1550,1550,1550,1546,1550,1550,1550,1550,1550,1550,1550,1550,1550,1550,1550,1550,1550,1550,1550,1550,1550,1550,1550,1550,1550,1550,1550,1552,1552,1552,1552,1552,1554,1554,1554,1554,1554,1554,1554,1554,1554,1554,1554,1554,1554,1554,1554,1554,1556,1554,1554,1554,1554,1560,1554,1554,1554,1554,1554,1554,1554,1554,1558,1554,1554,1554,1554,1554,1554,1554,1554,1554,1554,1554,1554,1554,1554,1554,1554,1554,1554,1554,1554,1554,1548,1554,1554,1554,1554,1554,1554,1554,1554,1554,1554,1554,1554,1546,1554,1544,1554,1554,1554,1552,1554,1554,1554,
46120,45200,45640,46544,46544,46544,46568,46544,47568,46544,46424,46424,46424,46424,46424,46184,44956,45232,45232,45232,46256,46256,47280,46892,46256,46256,46256,46256,46256,46256,46264,46256,46256,46256,46256,46256,46256,46272,46256,46256,46256,46240,46072,46264,46104,46152,46152,46152,46152,46136,46180,46172,49260,45660,45660,46236,46230,48278,48286,48296,48304,49320,49320,49316,49328,49320,49320,49244,49384,49272,49240,49240,49452,50744,50780,50780,50784,50908,49372,51420,49372,49372,49372,49452,49452,49452,49452,49452,49452,49452,49420,49404,49412,49420,49420,51004,49420,49676,49676,49644,49628,49628,49644,52156,52156,52092,52092,52308,52092,52268,52212,52258,52240,52262,52274,52256,51876,51812,53860,53860,53732,55772,55772,55748,55748,55748,55748,55868,55840,55772,55772,56284,56284,56284,56284,56284,56284,56284,57308,57308,56284,56284,56284,56284,56316,56316,56572,56668,56620,56860,56872,57000,57504,57000,57008,57008,58064,57040,56920,56956,56920,57424,56920,56920,56920,56920,56920,56920,56920,57072,56920,56920,56920,56920,56976,56984,57584,56984,56978,56976,56976,56976,56976,56976,56976,56976,57488,57504,57488,57488,57488,57488,57488,57488,57488,57488,57488,57520,57488,57488,57488,57488,57488,57488,57488,57488,57488,57488,57488,57488,57488,57488,57488,57488,57488,57488,57488,57488,57488,57488,57488,57504,57504,57504,57504,57504,57520,57520,57520,57520,57520,57520,57520,57520,57520,57520,57520,57520,57520,57520,57520,57520,57524,57520,57520,57520,57520,58080,57520,57520,57520,57520,57520,57520,57520,57520,57552,57520,57520,57520,57520,57520,57520,57520,57520,57520,57520,57520,57520,57520,57520,57520,57520,57520,57520,57520,57520,57520,57540,57520,57520,57520,57520,57520,57520,57520,57520,57520,57520,57520,57520,57564,57520,57548,57520,57520,57520,57688,57520,57520,57520,
0.700195,0.693359,0.694336,0.710938,0.710938,0.710938,0.711914,0.710938,0.718750,0.710938,0.708984,0.708984,0.708984,0.708984,0.708984,0.694336,0.678711,0.694336,0.694336,0.694336,0.702148,0.702148,0.709961,0.703125,0.702148,0.702148,0.702148,0.702148,0.702148,0.702148,0.703125,0.702148,0.702148,0.702148,0.702148,0.702148,0.702148,0.703125,0.702148,0.702148,0.702148,0.701172,0.697266,0.703125,0.700195,0.700195,0.700195,0.700195,0.700195,0.699219,0.695312,0.694336,0.708008,0.690430,0.690430,0.690430,0.706055,0.717773,0.718750,0.709961,0.710938,0.713867,0.713867,0.712891,0.716797,0.715820,0.715820,0.709961,0.721680,0.717773,0.716797,0.716797,0.715820,0.722656,0.722656,0.722656,0.723633,0.726562,0.718750,0.726562,0.718750,0.718750,0.718750,0.713867,0.713867,0.713867,0.713867,0.713867,0.713867,0.713867,0.712891,0.711914,0.712891,0.712891,0.712891,0.713867,0.712891,0.714844,0.714844,0.711914,0.710938,0.710938,0.711914,0.725586,0.725586,0.723633,0.723633,0.719727,0.723633,0.715820,0.701172,0.713867,0.706055,0.713867,0.717773,0.707031,0.724609,0.720703,0.728516,0.728516,0.724609,0.731445,0.731445,0.721680,0.721680,0.721680,0.721680,0.734375,0.732422,0.731445,0.731445,0.735352,0.735352,0.735352,0.735352,0.735352,0.735352,0.735352,0.743164,0.743164,0.735352,0.735352,0.735352,0.735352,0.737305,0.737305,0.739258,0.743164,0.742188,0.743164,0.748047,0.751953,0.751953,0.751953,0.752930,0.752930,0.764648,0.756836,0.754883,0.753906,0.754883,0.754883,0.754883,0.754883,0.754883,0.754883,0.754883,0.754883,0.754883,0.757812,0.754883,0.754883,0.754883,0.754883,0.754883,0.756836,0.761719,0.756836,0.753906,0.752930,0.752930,0.752930,0.752930,0.752930,0.752930,0.752930,0.756836,0.760742,0.756836,0.756836,0.756836,0.756836,0.756836,0.756836,0.756836,0.756836,0.756836,0.754883,0.756836,0.756836,0.756836,0.756836,0.756836,0.756836,0.756836,0.756836,0.756836,0.756836,0.756836,0.756836,0.756836,0.756836,0.756836,0.756836,0.756836,0.756836,0.756836,0.756836,0.756836,0.756836,0.756836,0.757812,0.757812,0.757812,0.757812,0.757812,0.758789,0.758789,0.758789,0.758789,0.758789,0.758789,0.758789,0.758789,0.758789,0.758789,0.758789,0.758789,0.758789,0.758789,0.758789,0.758789,0.759766,0.758789,0.758789,0.758789,0.758789,0.761719,0.758789,0.758789,0.758789,0.758789,0.758789,0.758789,0.758789,0.758789,0.760742,0.758789,0.758789,0.758789,0.758789,0.758789,0.758789,0.758789,0.758789,0.758789,0.758789,0.758789,0.758789,0.758789,0.758789,0.758789,0.758789,0.758789,0.758789,0.758789,0.758789,0.758789,0.755859,0.758789,0.758789,0.758789,0.758789,0.758789,0.758789,0.758789,0.758789,0.758789,0.758789,0.758789,0.758789,0.754883,0.758789,0.753906,0.758789,0.758789,0.758789,0.757812,0.758789,0.758789,0.758789,
0.703735,0.689697,0.696411,0.710205,0.710205,0.710205,0.710571,0.710205,0.725830,0.710205,0.708374,0.708374,0.708374,0.708374,0.708374,0.704712,0.685974,0.690186,0.690186,0.690186,0.705811,0.705811,0.721436,0.715515,0.705811,0.705811,0.705811,0.705811,0.705811,0.705811,0.705933,0.705811,0.705811,0.705811,0.705811,0.705811,0.705811,0.706055,0.705811,0.705811,0.705811,0.705566,0.703003,0.705933,0.703491,0.704224,0.704224,0.704224,0.704224,0.703979,0.704651,0.704529,0.751648,0.696716,0.696716,0.705505,0.705414,0.736664,0.736786,0.736938,0.737061,0.752563,0.752563,0.752502,0.752686,0.752563,0.752563,0.751404,0.753540,0.751831,0.751343,0.751343,0.754578,0.774292,0.774841,0.774841,0.774902,0.776794,0.753357,0.784607,0.753357,0.753357,0.753357,0.754578,0.754578,0.754578,0.754578,0.754578,0.754578,0.754578,0.754089,0.753845,0.753967,0.754089,0.754089,0.778259,0.754089,0.757996,0.757996,0.757507,0.757263,0.757263,0.757507,0.795837,0.795837,0.794861,0.794861,0.798157,0.794861,0.797546,0.796692,0.797394,0.797119,0.797455,0.797638,0.797363,0.791565,0.790588,0.821838,0.821838,0.819885,0.851013,0.851013,0.850647,0.850647,0.850647,0.850647,0.852478,0.852051,0.851013,0.851013,0.858826,0.858826,0.858826,0.858826,0.858826,0.858826,0.858826,0.874451,0.874451,0.858826,0.858826,0.858826,0.858826,0.859314,0.859314,0.863220,0.864685,0.863953,0.867615,0.867798,0.869751,0.877441,0.869751,0.869873,0.869873,0.885986,0.870361,0.868530,0.869080,0.868530,0.876221,0.868530,0.868530,0.868530,0.868530,0.868530,0.868530,0.868530,0.870850,0.868530,0.868530,0.868530,0.868530,0.869385,0.869507,0.878662,0.869507,0.869415,0.869385,0.869385,0.869385,0.869385,0.869385,0.869385,0.869385,0.877197,0.877441,0.877197,0.877197,0.877197,0.877197,0.877197,0.877197,0.877197,0.877197,0.877197,0.877686,0.877197,0.877197,0.877197,0.877197,0.877197,0.877197,0.877197,0.877197,0.877197,0.877197,0.877197,0.877197,0.877197,0.877197,0.877197,0.877197,0.877197,0.877197,0.877197,0.877197,0.877197,0.877197,0.877197,0.877441,0.877441,0.877441,0.877441,0.877441,0.877686,0.877686,0.877686,0.877686,0.877686,0.877686,0.877686,0.877686,0.877686,0.877686,0.877686,0.877686,0.877686,0.877686,0.877686,0.877686,0.877747,0.877686,0.877686,0.877686,0.877686,0.886230,0.877686,0.877686,0.877686,0.877686,0.877686,0.877686,0.877686,0.877686,0.878174,0.877686,0.877686,0.877686,0.877686,0.877686,0.877686,0.877686,0.877686,0.877686,0.877686,0.877686,0.877686,0.877686,0.877686,0.877686,0.877686,0.877686,0.877686,0.877686,0.877686,0.877686,0.877991,0.877686,0.877686,0.877686,0.877686,0.877686,0.877686,0.877686,0.877686,0.877686,0.877686,0.877686,0.877686,0.878357,0.877686,0.878113,0.877686,0.877686,0.877686,0.880249,0.877686,0.877686,0.877686,
