kBasicLog: 1
kBreedEdges: 1
kBreedGates: 1
kBreedSample: 4
kBreedType: 1
kChildren: 100
kEvaluations: 30000
kGens: 100
kLegalGateTypes: 1
kLog: 1
kLogIter: 0
kMaxGenStagnation: 300
kMessUp: 0
kMutatePercent: 5
kMutationMode: 2
kMutations: 16
kPruneOrphans: 1
kSaveDotGraphs: 1
kSeed: 0
kThreads: 4
kThreshold: 1000
kTruthWeight: 1
columns: 8
rows: 9,9,9,9,9,9,9,1
goal_correct_count: 256
goal_total_count: 2048
goal_total_weighted_count: 65536
~
gates_used: 33
total_count: 1616
total_weighted_count: 0
percent: 0.789062
weighted_percent: 0.000000
evaluations: 30100
~
1426,1438,1438,1448,1442,1456,1466,1434,1440,1456,1456,1500,1488,1488,1488,1498,1496,1508,1516,1484,1522,1518,1512,1504,1528,1519,1519,1520,1540,1538,1538,1540,1540,1540,1540,1540,1540,1540,1540,1538,1538,1538,1534,1542,1542,1542,1542,1542,1542,1542,1542,1538,1538,1538,1542,1542,1542,1542,1542,1542,1542,1542,1542,1547,1544,1532,1544,1538,1538,1538,1520,1528,1524,1524,1533,1533,1535,1536,1538,1532,1532,1532,1532,1532,1558,1554,1554,1560,1556,1554,1552,1548,1554,1552,1552,1552,1548,1548,1548,1548,1548,1548,1552,1552,1556,1548,1548,1548,1556,1556,1556,1556,1560,1546,1546,1552,1558,1558,1570,1568,1568,1568,1568,1568,1568,1576,1568,1568,1568,1568,1568,1568,1568,1568,1568,1568,1568,1568,1568,1576,1568,1568,1568,1572,1570,1572,1576,1576,1576,1576,1576,1576,1576,1576,1576,1576,1576,1576,1576,1576,1576,1576,1576,1576,1576,1578,1576,1576,1576,1572,1572,1572,1572,1572,1572,1572,1576,1576,1576,1576,1576,1576,1576,1576,1576,1576,1582,1576,1576,1576,1578,1576,1580,1580,1582,1582,1582,1585,1590,1590,1590,1590,1590,1590,1590,1590,1590,1590,1590,1590,1590,1590,1590,1591,1591,1591,1591,1591,1591,1591,1591,1591,1591,1591,1591,1591,1591,1591,1591,1591,1591,1592,1592,1592,1592,1592,1592,1592,1592,1592,1592,1592,1592,1592,1592,1592,1592,1592,1592,1592,1592,1588,1588,1588,1588,1582,1592,1592,1596,1596,1596,1596,1596,1592,1610,1610,1610,1610,1610,1616,1616,1616,1616,1616,1616,1616,1616,1616,1616,1616,1616,1616,1616,1616,1616,1616,1616,1616,1616,1616,1616,1616,1616,1616,1616,1616,1616,1616,1616,1616,1616,
47912,49512,49512,49724,49564,50948,51228,49884,49656,49932,49932,54558,54272,54028,54028,54188,54184,54700,55598,53910,55700,55964,55692,55436,55966,55702,55702,55712,55804,55726,55726,55734,55734,55734,55734,55734,55734,55734,55734,55732,55732,55732,55756,55764,55764,55764,55764,55764,55764,55764,55764,55732,55732,55732,55764,55764,55764,55764,55764,55764,55764,55764,55764,55980,55772,55692,55788,55836,55836,55836,55788,55915,55804,56162,56068,56068,56076,56084,56188,56316,56372,56372,56372,56372,57864,56928,56928,57556,57044,56928,56920,56976,56928,56920,56920,56920,56916,56916,56916,56916,56916,56916,56980,56980,56984,56976,56976,56976,56984,57104,57104,57104,57440,56416,56416,56800,57472,57472,57500,57488,57488,57488,57488,57488,57488,57744,57488,57488,57488,57488,57488,57488,57488,57488,57488,57488,57488,57488,57488,57744,57488,57488,57488,57496,57488,57616,58448,58448,58448,58448,58448,58448,58448,58448,58472,58448,58448,58448,58448,58448,58448,58448,58448,58448,58448,58452,58448,58448,58448,58472,58472,58472,58472,58472,58472,58472,58536,58536,58536,58536,58536,58536,58536,58536,58536,58536,58574,58536,58536,58536,58550,58536,58552,58552,58554,58554,58554,58573,58593,58593,58593,58593,58593,58593,58593,58593,58593,58593,58593,58593,58593,58593,58593,58608,58608,58608,58608,58608,58608,58608,58608,58608,58608,58608,58608,58608,58608,58608,58608,58608,58608,58616,58616,58616,58616,58616,58616,58616,58616,58616,58616,58616,58616,58616,58616,58616,58616,58616,58616,58616,58616,58594,58594,58594,58594,58754,58658,58658,58722,58722,58722,58722,58722,58748,59002,59002,59002,59002,59002,59128,59128,59128,59128,59128,59128,59128,59128,59128,59128,59128,59128,59128,59128,59128,59128,59128,59128,59128,59128,59128,59128,59128,59128,59128,59128,59128,59128,59128,59128,59128,59128,
0.696289,0.702148,0.702148,0.707031,0.704102,0.710938,0.715820,0.700195,0.703125,0.710938,0.710938,0.732422,0.726562,0.726562,0.726562,0.731445,0.730469,0.736328,0.740234,0.724609,0.743164,0.741211,0.738281,0.734375,0.746094,0.741699,0.741699,0.742188,0.751953,0.750977,0.750977,0.751953,0.751953,0.751953,0.751953,0.751953,0.751953,0.751953,0.751953,0.750977,0.750977,0.750977,0.749023,0.752930,0.752930,0.752930,0.752930,0.752930,0.752930,0.752930,0.752930,0.750977,0.750977,0.750977,0.752930,0.752930,0.752930,0.752930,0.752930,0.752930,0.752930,0.752930,0.752930,0.755371,0.753906,0.748047,0.753906,0.750977,0.750977,0.750977,0.742188,0.746094,0.744141,0.744141,0.748535,0.748535,0.749512,0.750000,0.750977,0.748047,0.748047,0.748047,0.748047,0.748047,0.760742,0.758789,0.758789,0.761719,0.759766,0.758789,0.757812,0.755859,0.758789,0.757812,0.757812,0.757812,0.755859,0.755859,0.755859,0.755859,0.755859,0.755859,0.757812,0.757812,0.759766,0.755859,0.755859,0.755859,0.759766,0.759766,0.759766,0.759766,0.761719,0.754883,0.754883,0.757812,0.760742,0.760742,0.766602,0.765625,0.765625,0.765625,0.765625,0.765625,0.765625,0.769531,0.765625,0.765625,0.765625,0.765625,0.765625,0.765625,0.765625,0.765625,0.765625,0.765625,0.765625,0.765625,0.765625,0.769531,0.765625,0.765625,0.765625,0.767578,0.766602,0.767578,0.769531,0.769531,0.769531,0.769531,0.769531,0.769531,0.769531,0.769531,0.769531,0.769531,0.769531,0.769531,0.769531,0.769531,0.769531,0.769531,0.769531,0.769531,0.769531,0.770508,0.769531,0.769531,0.769531,0.767578,0.767578,0.767578,0.767578,0.767578,0.767578,0.767578,0.769531,0.769531,0.769531,0.769531,0.769531,0.769531,0.769531,0.769531,0.769531,0.769531,0.772461,0.769531,0.769531,0.769531,0.770508,0.769531,0.771484,0.771484,0.772461,0.772461,0.772461,0.773926,0.776367,0.776367,0.776367,0.776367,0.776367,0.776367,0.776367,0.776367,0.776367,0.776367,0.776367,0.776367,0.776367,0.776367,0.776367,0.776855,0.776855,0.776855,0.776855,0.776855,0.776855,0.776855,0.776855,0.776855,0.776855,0.776855,0.776855,0.776855,0.776855,0.776855,0.776855,0.776855,0.776855,0.777344,0.777344,0.777344,0.777344,0.777344,0.777344,0.777344,0.777344,0.777344,0.777344,0.777344,0.777344,0.777344,0.777344,0.777344,0.777344,0.777344,0.777344,0.777344,0.777344,0.775391,0.775391,0.775391,0.775391,0.772461,0.777344,0.777344,0.779297,0.779297,0.779297,0.779297,0.779297,0.777344,0.786133,0.786133,0.786133,0.786133,0.786133,0.789062,0.789062,0.789062,0.789062,0.789062,0.789062,0.789062,0.789062,0.789062,0.789062,0.789062,0.789062,0.789062,0.789062,0.789062,0.789062,0.789062,0.789062,0.789062,0.789062,0.789062,0.789062,0.789062,0.789062,0.789062,0.789062,0.789062,0.789062,0.789062,0.789062,0.789062,0.789062,
0.731079,0.755493,0.755493,0.758728,0.756287,0.777405,0.781677,0.761169,0.757690,0.761902,0.761902,0.832489,0.828125,0.824402,0.824402,0.826843,0.826782,0.834656,0.848358,0.822601,0.849915,0.853943,0.849792,0.845886,0.853973,0.849945,0.849945,0.850098,0.851501,0.850311,0.850311,0.850433,0.850433,0.850433,0.850433,0.850433,0.850433,0.850433,0.850433,0.850403,0.850403,0.850403,0.850769,0.850891,0.850891,0.850891,0.850891,0.850891,0.850891,0.850891,0.850891,0.850403,0.850403,0.850403,0.850891,0.850891,0.850891,0.850891,0.850891,0.850891,0.850891,0.850891,0.850891,0.854187,0.851013,0.849792,0.851257,0.851990,0.851990,0.851990,0.851257,0.853195,0.851501,0.856964,0.855530,0.855530,0.855652,0.855774,0.857361,0.859314,0.860168,0.860168,0.860168,0.860168,0.882935,0.868652,0.868652,0.878235,0.870422,0.868652,0.868530,0.869385,0.868652,0.868530,0.868530,0.868530,0.868469,0.868469,0.868469,0.868469,0.868469,0.868469,0.869446,0.869446,0.869507,0.869385,0.869385,0.869385,0.869507,0.871338,0.871338,0.871338,0.876465,0.860840,0.860840,0.866699,0.876953,0.876953,0.877380,0.877197,0.877197,0.877197,0.877197,0.877197,0.877197,0.881104,0.877197,0.877197,0.877197,0.877197,0.877197,0.877197,0.877197,0.877197,0.877197,0.877197,0.877197,0.877197,0.877197,0.881104,0.877197,0.877197,0.877197,0.877319,0.877197,0.879150,0.891846,0.891846,0.891846,0.891846,0.891846,0.891846,0.891846,0.891846,0.892212,0.891846,0.891846,0.891846,0.891846,0.891846,0.891846,0.891846,0.891846,0.891846,0.891846,0.891907,0.891846,0.891846,0.891846,0.892212,0.892212,0.892212,0.892212,0.892212,0.892212,0.892212,0.893188,0.893188,0.893188,0.893188,0.893188,0.893188,0.893188,0.893188,0.893188,0.893188,0.893768,0.893188,0.893188,0.893188,0.893402,0.893188,0.893433,0.893433,0.893463,0.893463,0.893463,0.893753,0.894058,0.894058,0.894058,0.894058,0.894058,0.894058,0.894058,0.894058,0.894058,0.894058,0.894058,0.894058,0.894058,0.894058,0.894058,0.894287,0.894287,0.894287,0.894287,0.894287,0.894287,0.894287,0.894287,0.894287,0.894287,0.894287,0.894287,0.894287,0.894287,0.894287,0.894287,0.894287,0.894287,0.894409,0.894409,0.894409,0.894409,0.894409,0.894409,0.894409,0.894409,0.894409,0.894409,0.894409,0.894409,0.894409,0.894409,0.894409,0.894409,0.894409,0.894409,0.894409,0.894409,0.894073,0.894073,0.894073,0.894073,0.896515,0.895050,0.895050,0.896027,0.896027,0.896027,0.896027,0.896027,0.896423,0.900299,0.900299,0.900299,0.900299,0.900299,0.902222,0.902222,0.902222,0.902222,0.902222,0.902222,0.902222,0.902222,0.902222,0.902222,0.902222,0.902222,0.902222,0.902222,0.902222,0.902222,0.902222,0.902222,0.902222,0.902222,0.902222,0.902222,0.902222,0.902222,0.902222,0.902222,0.902222,0.902222,0.902222,0.902222,0.902222,0.902222,
