kBasicLog: 1
kBreedEdges: 1
kBreedGates: 1
kBreedSample: 4
kBreedType: 1
kChildren: 100
kEvaluations: 30000
kGens: 100
kLegalGateTypes: 1
kLog: 1
kLogIter: 3
kMaxGenStagnation: 300
kMessUp: 0
kMutatePercent: 5
kMutationMode: 2
kMutations: 16
kPruneOrphans: 1
kSaveDotGraphs: 1
kSeed: 0
kThreads: 4
kThreshold: 1000
kTruthWeight: 1
columns: 7
rows: 10,10,10,10,10,10,4
goal_correct_count: 256
goal_total_count: 2048
goal_total_weighted_count: 65536
~
gates_used: 30
total_count: 1618
total_weighted_count: 0
percent: 0.790039
weighted_percent: 0.000000
evaluations: 30100
~
1408,1452,1422,1448,1452,1454,1452,1460,1444,1444,1476,1460,1452,1452,1452,1494,1456,1454,1454,1462,1468,1468,1468,1472,1470,1492,1508,1508,1508,1508,1518,1492,1504,1506,1496,1508,1506,1496,1496,1500,1496,1506,1506,1506,1506,1506,1506,1506,1506,1506,1506,1506,1506,1506,1506,1520,1550,1506,1506,1506,1506,1506,1508,1528,1524,1500,1516,1516,1512,1520,1520,1520,1516,1516,1516,1516,1536,1532,1532,1532,1532,1532,1534,1532,1532,1532,1532,1532,1532,1532,1534,1534,1534,1528,1530,1530,1530,1530,1534,1534,1534,1534,1528,1528,1526,1530,1530,1528,1530,1530,1530,1536,1532,1532,1534,1534,1546,1534,1534,1534,1534,1534,1534,1534,1534,1534,1534,1534,1534,1534,1544,1548,1548,1548,1548,1548,1548,1548,1548,1530,1548,1550,1504,1504,1498,1500,1498,1496,1534,1498,1492,1460,1482,1466,1496,1490,1480,1496,1504,1504,1504,1504,1496,1504,1498,1562,1546,1546,1554,1550,1558,1558,1558,1558,1554,1558,1558,1560,1564,1562,1560,1560,1560,1560,1560,1560,1560,1562,1564,1564,1584,1568,1568,1584,1588,1584,1582,1582,1584,1586,1586,1586,1586,1586,1586,1586,1588,1586,1586,1586,1586,1586,1586,1586,1586,1586,1592,1580,1590,1588,1588,1588,1588,1588,1588,1588,1588,1588,1588,1588,1588,1588,1588,1590,1588,1588,1588,1576,1586,1586,1586,1594,1594,1596,1596,1596,1596,1596,1596,1596,1596,1596,1596,1596,1596,1604,1604,1604,1608,1608,1608,1608,1608,1608,1612,1612,1612,1612,1612,1612,1612,1612,1616,1614,1618,1618,1618,1618,1618,1618,1618,1618,1618,1618,1620,1618,1618,1618,1618,1614,1612,1618,1614,1614,1618,1614,1616,1622,1616,1616,1618,
44596,52740,45334,46132,47124,46454,46452,49708,45940,50144,52192,51168,50400,50400,50400,54516,50464,50460,50460,51296,50536,50536,50536,50600,51420,53352,53864,53864,53864,53864,55900,53352,55392,54064,53384,53432,54172,53384,53384,53448,53800,53424,53424,53424,53424,53424,53424,53424,53424,53424,53424,53424,53424,53424,53424,55642,55440,53584,53584,53584,53584,53584,53592,53920,55512,53336,55384,55384,55428,55448,55448,55448,55384,55384,55384,55384,55912,55896,55896,55896,55896,55896,55928,55896,55896,55896,55896,55896,55896,55896,55912,55912,55912,55916,55848,55848,55848,55848,55912,55912,55912,55912,55900,55900,55884,55948,55948,55956,55948,55948,55948,55954,55950,55950,55974,55974,55986,55974,55974,55974,55974,55974,55974,55974,55974,55974,55974,55974,55974,55974,55984,56048,56048,56048,56048,56048,56048,56048,56048,56732,56048,56056,51826,51826,51670,51674,51670,51792,55768,51670,51634,47924,51500,49648,52084,52508,51956,52212,52724,52724,52724,52724,55284,55380,55388,59484,58460,58460,59356,58492,58748,58748,58748,58748,58716,58844,58844,58860,58884,58876,58860,58860,58860,58860,58860,58860,58860,58876,58884,58884,59940,58916,58916,59940,59956,59940,59924,59924,59936,59944,59944,59944,59944,59944,59944,59944,59952,59944,59944,59944,59944,59944,59944,59944,59944,59944,59916,59908,59920,59960,59960,59960,59960,59960,59960,59960,59960,59960,59960,59960,59960,59960,59960,59968,59960,59960,59960,60076,59958,59958,59958,60214,60214,60216,60216,60216,60216,60216,60216,60216,60216,60216,60216,60216,60216,60248,60248,60248,60376,60376,60376,60376,60376,60376,60342,60342,60342,60342,60342,60342,60342,60342,60374,60358,60366,60366,60366,60366,60366,60366,60366,60366,60366,60366,60382,60366,60366,60366,60366,60358,60364,60390,60358,60358,60376,60358,60360,60372,60360,60360,60376,
0.687500,0.708984,0.694336,0.707031,0.708984,0.709961,0.708984,0.712891,0.705078,0.705078,0.720703,0.712891,0.708984,0.708984,0.708984,0.729492,0.710938,0.709961,0.709961,0.713867,0.716797,0.716797,0.716797,0.718750,0.717773,0.728516,0.736328,0.736328,0.736328,0.736328,0.741211,0.728516,0.734375,0.735352,0.730469,0.736328,0.735352,0.730469,0.730469,0.732422,0.730469,0.735352,0.735352,0.735352,0.735352,0.735352,0.735352,0.735352,0.735352,0.735352,0.735352,0.735352,0.735352,0.735352,0.735352,0.742188,0.756836,0.735352,0.735352,0.735352,0.735352,0.735352,0.736328,0.746094,0.744141,0.732422,0.740234,0.740234,0.738281,0.742188,0.742188,0.742188,0.740234,0.740234,0.740234,0.740234,0.750000,0.748047,0.748047,0.748047,0.748047,0.748047,0.749023,0.748047,0.748047,0.748047,0.748047,0.748047,0.748047,0.748047,0.749023,0.749023,0.749023,0.746094,0.747070,0.747070,0.747070,0.747070,0.749023,0.749023,0.749023,0.749023,0.746094,0.746094,0.745117,0.747070,0.747070,0.746094,0.747070,0.747070,0.747070,0.750000,0.748047,0.748047,0.749023,0.749023,0.754883,0.749023,0.749023,0.749023,0.749023,0.749023,0.749023,0.749023,0.749023,0.749023,0.749023,0.749023,0.749023,0.749023,0.753906,0.755859,0.755859,0.755859,0.755859,0.755859,0.755859,0.755859,0.755859,0.747070,0.755859,0.756836,0.734375,0.734375,0.731445,0.732422,0.731445,0.730469,0.749023,0.731445,0.728516,0.712891,0.723633,0.715820,0.730469,0.727539,0.722656,0.730469,0.734375,0.734375,0.734375,0.734375,0.730469,0.734375,0.731445,0.762695,0.754883,0.754883,0.758789,0.756836,0.760742,0.760742,0.760742,0.760742,0.758789,0.760742,0.760742,0.761719,0.763672,0.762695,0.761719,0.761719,0.761719,0.761719,0.761719,0.761719,0.761719,0.762695,0.763672,0.763672,0.773438,0.765625,0.765625,0.773438,0.775391,0.773438,0.772461,0.772461,0.773438,0.774414,0.774414,0.774414,0.774414,0.774414,0.774414,0.774414,0.775391,0.774414,0.774414,0.774414,0.774414,0.774414,0.774414,0.774414,0.774414,0.774414,0.777344,0.771484,0.776367,0.775391,0.775391,0.775391,0.775391,0.775391,0.775391,0.775391,0.775391,0.775391,0.775391,0.775391,0.775391,0.775391,0.775391,0.776367,0.775391,0.775391,0.775391,0.769531,0.774414,0.774414,0.774414,0.778320,0.778320,0.779297,0.779297,0.779297,0.779297,0.779297,0.779297,0.779297,0.779297,0.779297,0.779297,0.779297,0.779297,0.783203,0.783203,0.783203,0.785156,0.785156,0.785156,0.785156,0.785156,0.785156,0.787109,0.787109,0.787109,0.787109,0.787109,0.787109,0.787109,0.787109,0.789062,0.788086,0.790039,0.790039,0.790039,0.790039,0.790039,0.790039,0.790039,0.790039,0.790039,0.790039,0.791016,0.790039,0.790039,0.790039,0.790039,0.788086,0.787109,0.790039,0.788086,0.788086,0.790039,0.788086,0.789062,0.791992,0.789062,0.789062,0.790039,
0.680481,0.804749,0.691742,0.703918,0.719055,0.708832,0.708801,0.758484,0.700989,0.765137,0.796387,0.780762,0.769043,0.769043,0.769043,0.831848,0.770020,0.769958,0.769958,0.782715,0.771118,0.771118,0.771118,0.772095,0.784607,0.814087,0.821899,0.821899,0.821899,0.821899,0.852966,0.814087,0.845215,0.824951,0.814575,0.815308,0.826599,0.814575,0.814575,0.815552,0.820923,0.815186,0.815186,0.815186,0.815186,0.815186,0.815186,0.815186,0.815186,0.815186,0.815186,0.815186,0.815186,0.815186,0.815186,0.849030,0.845947,0.817627,0.817627,0.817627,0.817627,0.817627,0.817749,0.822754,0.847046,0.813843,0.845093,0.845093,0.845764,0.846069,0.846069,0.846069,0.845093,0.845093,0.845093,0.845093,0.853149,0.852905,0.852905,0.852905,0.852905,0.852905,0.853394,0.852905,0.852905,0.852905,0.852905,0.852905,0.852905,0.852905,0.853149,0.853149,0.853149,0.853210,0.852173,0.852173,0.852173,0.852173,0.853149,0.853149,0.853149,0.853149,0.852966,0.852966,0.852722,0.853699,0.853699,0.853821,0.853699,0.853699,0.853699,0.853790,0.853729,0.853729,0.854095,0.854095,0.854279,0.854095,0.854095,0.854095,0.854095,0.854095,0.854095,0.854095,0.854095,0.854095,0.854095,0.854095,0.854095,0.854095,0.854248,0.855225,0.855225,0.855225,0.855225,0.855225,0.855225,0.855225,0.855225,0.865662,0.855225,0.855347,0.790802,0.790802,0.788422,0.788483,0.788422,0.790283,0.850952,0.788422,0.787872,0.731262,0.785828,0.757568,0.794739,0.801208,0.792786,0.796692,0.804504,0.804504,0.804504,0.804504,0.843567,0.845032,0.845154,0.907654,0.892029,0.892029,0.905701,0.892517,0.896423,0.896423,0.896423,0.896423,0.895935,0.897888,0.897888,0.898132,0.898499,0.898376,0.898132,0.898132,0.898132,0.898132,0.898132,0.898132,0.898132,0.898376,0.898499,0.898499,0.914612,0.898987,0.898987,0.914612,0.914856,0.914612,0.914368,0.914368,0.914551,0.914673,0.914673,0.914673,0.914673,0.914673,0.914673,0.914673,0.914795,0.914673,0.914673,0.914673,0.914673,0.914673,0.914673,0.914673,0.914673,0.914673,0.914246,0.914124,0.914307,0.914917,0.914917,0.914917,0.914917,0.914917,0.914917,0.914917,0.914917,0.914917,0.914917,0.914917,0.914917,0.914917,0.914917,0.915039,0.914917,0.914917,0.914917,0.916687,0.914886,0.914886,0.914886,0.918793,0.918793,0.918823,0.918823,0.918823,0.918823,0.918823,0.918823,0.918823,0.918823,0.918823,0.918823,0.918823,0.918823,0.919312,0.919312,0.919312,0.921265,0.921265,0.921265,0.921265,0.921265,0.921265,0.920746,0.920746,0.920746,0.920746,0.920746,0.920746,0.920746,0.920746,0.921234,0.920990,0.921112,0.921112,0.921112,0.921112,0.921112,0.921112,0.921112,0.921112,0.921112,0.921112,0.921356,0.921112,0.921112,0.921112,0.921112,0.920990,0.921082,0.921478,0.920990,0.920990,0.921265,0.920990,0.921021,0.921204,0.921021,0.921021,0.921265,
