kBasicLog: 1
kBreedEdges: 1
kBreedGates: 1
kBreedSample: 4
kBreedType: 1
kChildren: 100
kEvaluations: 30000
kGens: 100
kLegalGateTypes: 1
kLog: 1
kLogIter: 0
kMaxGenStagnation: 300
kMessUp: 0
kMutatePercent: 5
kMutationMode: 2
kMutations: 16
kPruneOrphans: 1
kSaveDotGraphs: 1
kSeed: 0
kThreads: 4
kThreshold: 1000
kTruthWeight: 1
columns: 7
rows: 10,10,10,10,10,10,4
goal_correct_count: 256
goal_total_count: 2048
goal_total_weighted_count: 65536
~
gates_used: 27
total_count: 1618
total_weighted_count: 0
percent: 0.790039
weighted_percent: 0.000000
evaluations: 30100
~
1440,1474,1470,1470,1464,1544,1548,1544,1554,1552,1552,1552,1560,1560,1560,1560,1564,1564,1556,1556,1556,1556,1556,1556,1556,1556,1556,1556,1562,1562,1546,1546,1546,1540,1546,1546,1546,1546,1546,1546,1546,1546,1546,1546,1542,1542,1542,1542,1554,1550,1556,1550,1550,1550,1550,1550,1550,1550,1550,1556,1566,1552,1562,1562,1562,1564,1564,1562,1562,1562,1554,1554,1554,1558,1556,1554,1540,1540,1534,1534,1546,1536,1538,1536,1536,1536,1538,1534,1534,1542,1542,1544,1544,1542,1544,1544,1544,1544,1538,1544,1544,1544,1544,1544,1544,1544,1542,1552,1538,1541,1544,1548,1548,1546,1544,1544,1544,1544,1544,1546,1544,1544,1546,1546,1546,1546,1550,1546,1546,1548,1548,1548,1548,1548,1548,1544,1544,1546,1550,1544,1544,1544,1544,1568,1544,1554,1544,1546,1554,1560,1560,1544,1544,1570,1544,1552,1552,1552,1552,1552,1554,1560,1556,1558,1556,1586,1588,1586,1586,1594,1594,1594,1594,1594,1594,1594,1594,1586,1586,1586,1586,1586,1594,1592,1592,1592,1592,1592,1592,1592,1592,1592,1594,1592,1590,1590,1590,1590,1590,1586,1590,1590,1590,1590,1590,1590,1590,1590,1590,1590,1590,1590,1590,1590,1590,1590,1590,1590,1590,1590,1590,1590,1590,1590,1590,1590,1590,1590,1590,1590,1590,1590,1590,1590,1590,1590,1574,1590,1590,1590,1590,1598,1596,1596,1596,1596,1596,1596,1596,1596,1596,1596,1592,1596,1596,1600,1600,1600,1600,1600,1600,1600,1600,1606,1606,1606,1606,1606,1606,1606,1606,1606,1606,1614,1614,1614,1614,1614,1614,1614,1614,1614,1614,1614,1614,1614,1614,1614,1614,1614,1614,1616,1616,1616,1616,1616,1616,1616,1616,1616,1618,
45508,47434,47426,48194,48244,55636,55700,55636,55908,56884,56884,56884,57012,57012,57012,57012,57028,57028,57020,57020,57020,57020,57020,57020,57020,57020,57020,57020,57068,57068,56556,56556,56556,56668,56556,56556,56556,56556,56556,56556,56556,56556,56556,56556,56492,56492,56492,56492,56806,56748,56754,56748,56804,56804,56804,56804,56804,56804,56804,56810,56822,56808,56818,56818,56818,57282,57282,57278,57278,57278,57022,57022,57278,57310,57334,57294,57268,57268,57220,57228,57460,57216,57246,57244,57244,57244,57252,57234,57234,57490,57490,57476,57476,57460,57476,57476,57476,57476,57580,57476,57476,57476,57476,57476,57476,57476,57460,57720,57456,57462,57464,57528,57528,57664,57648,57648,57648,57648,57648,57672,57648,57648,57712,57708,57708,57708,57724,57826,57826,57834,57834,57834,57834,57834,57834,57828,57828,57830,57836,57828,57828,57828,57828,57914,57828,57884,57828,57836,57884,57844,57844,57828,57828,59870,57828,57866,57832,57832,57832,57832,57840,57846,57878,57880,57872,59916,59924,59916,59916,60044,60044,60044,60148,60044,60044,60044,60044,60030,60030,60030,60030,60030,60044,60036,60036,60036,60036,60036,60036,60036,60036,60036,60036,60036,60028,60028,60028,60028,60028,60034,60028,60028,60028,60028,60028,60028,60028,60028,60028,60028,60028,60028,60028,60028,60028,60028,60028,60028,60028,60028,60028,60028,60028,60028,60028,60028,60028,60028,60028,60028,60028,60028,60028,60028,60028,60028,60162,60028,60028,60028,60028,60054,60052,60052,60052,60052,60052,60052,60052,60052,60052,60052,60266,60052,60052,60084,60084,60084,60084,60084,60084,60084,60084,60090,60090,60090,60090,60090,60090,60090,60090,60090,60090,60138,60138,60138,60138,60138,60138,60138,60138,60138,60138,60138,60138,60138,60138,60138,60140,60138,60138,60144,60144,60144,60144,60144,60144,60144,60144,60144,60148,
0.703125,0.719727,0.717773,0.717773,0.714844,0.753906,0.755859,0.753906,0.758789,0.757812,0.757812,0.757812,0.761719,0.761719,0.761719,0.761719,0.763672,0.763672,0.759766,0.759766,0.759766,0.759766,0.759766,0.759766,0.759766,0.759766,0.759766,0.759766,0.762695,0.762695,0.754883,0.754883,0.754883,0.751953,0.754883,0.754883,0.754883,0.754883,0.754883,0.754883,0.754883,0.754883,0.754883,0.754883,0.752930,0.752930,0.752930,0.752930,0.758789,0.756836,0.759766,0.756836,0.756836,0.756836,0.756836,0.756836,0.756836,0.756836,0.756836,0.759766,0.764648,0.757812,0.762695,0.762695,0.762695,0.763672,0.763672,0.762695,0.762695,0.762695,0.758789,0.758789,0.758789,0.760742,0.759766,0.758789,0.751953,0.751953,0.749023,0.749023,0.754883,0.750000,0.750977,0.750000,0.750000,0.750000,0.750977,0.749023,0.749023,0.752930,0.752930,0.753906,0.753906,0.752930,0.753906,0.753906,0.753906,0.753906,0.750977,0.753906,0.753906,0.753906,0.753906,0.753906,0.753906,0.753906,0.752930,0.757812,0.750977,0.752441,0.753906,0.755859,0.755859,0.754883,0.753906,0.753906,0.753906,0.753906,0.753906,0.754883,0.753906,0.753906,0.754883,0.754883,0.754883,0.754883,0.756836,0.754883,0.754883,0.755859,0.755859,0.755859,0.755859,0.755859,0.755859,0.753906,0.753906,0.754883,0.756836,0.753906,0.753906,0.753906,0.753906,0.765625,0.753906,0.758789,0.753906,0.754883,0.758789,0.761719,0.761719,0.753906,0.753906,0.766602,0.753906,0.757812,0.757812,0.757812,0.757812,0.757812,0.758789,0.761719,0.759766,0.760742,0.759766,0.774414,0.775391,0.774414,0.774414,0.778320,0.778320,0.778320,0.778320,0.778320,0.778320,0.778320,0.778320,0.774414,0.774414,0.774414,0.774414,0.774414,0.778320,0.777344,0.777344,0.777344,0.777344,0.777344,0.777344,0.777344,0.777344,0.777344,0.778320,0.777344,0.776367,0.776367,0.776367,0.776367,0.776367,0.774414,0.776367,0.776367,0.776367,0.776367,0.776367,0.776367,0.776367,0.776367,0.776367,0.776367,0.776367,0.776367,0.776367,0.776367,0.776367,0.776367,0.776367,0.776367,0.776367,0.776367,0.776367,0.776367,0.776367,0.776367,0.776367,0.776367,0.776367,0.776367,0.776367,0.776367,0.776367,0.776367,0.776367,0.776367,0.776367,0.776367,0.768555,0.776367,0.776367,0.776367,0.776367,0.780273,0.779297,0.779297,0.779297,0.779297,0.779297,0.779297,0.779297,0.779297,0.779297,0.779297,0.777344,0.779297,0.779297,0.781250,0.781250,0.781250,0.781250,0.781250,0.781250,0.781250,0.781250,0.784180,0.784180,0.784180,0.784180,0.784180,0.784180,0.784180,0.784180,0.784180,0.784180,0.788086,0.788086,0.788086,0.788086,0.788086,0.788086,0.788086,0.788086,0.788086,0.788086,0.788086,0.788086,0.788086,0.788086,0.788086,0.788086,0.788086,0.788086,0.789062,0.789062,0.789062,0.789062,0.789062,0.789062,0.789062,0.789062,0.789062,0.790039,
0.694397,0.723785,0.723663,0.735382,0.736145,0.848938,0.849915,0.848938,0.853088,0.867981,0.867981,0.867981,0.869934,0.869934,0.869934,0.869934,0.870178,0.870178,0.870056,0.870056,0.870056,0.870056,0.870056,0.870056,0.870056,0.870056,0.870056,0.870056,0.870789,0.870789,0.862976,0.862976,0.862976,0.864685,0.862976,0.862976,0.862976,0.862976,0.862976,0.862976,0.862976,0.862976,0.862976,0.862976,0.862000,0.862000,0.862000,0.862000,0.866791,0.865906,0.865997,0.865906,0.866760,0.866760,0.866760,0.866760,0.866760,0.866760,0.866760,0.866852,0.867035,0.866821,0.866974,0.866974,0.866974,0.874054,0.874054,0.873993,0.873993,0.873993,0.870087,0.870087,0.873993,0.874481,0.874847,0.874237,0.873840,0.873840,0.873108,0.873230,0.876770,0.873047,0.873505,0.873474,0.873474,0.873474,0.873596,0.873322,0.873322,0.877228,0.877228,0.877014,0.877014,0.876770,0.877014,0.877014,0.877014,0.877014,0.878601,0.877014,0.877014,0.877014,0.877014,0.877014,0.877014,0.877014,0.876770,0.880737,0.876709,0.876801,0.876831,0.877808,0.877808,0.879883,0.879639,0.879639,0.879639,0.879639,0.879639,0.880005,0.879639,0.879639,0.880615,0.880554,0.880554,0.880554,0.880798,0.882355,0.882355,0.882477,0.882477,0.882477,0.882477,0.882477,0.882477,0.882385,0.882385,0.882416,0.882507,0.882385,0.882385,0.882385,0.882385,0.883698,0.882385,0.883240,0.882385,0.882507,0.883240,0.882629,0.882629,0.882385,0.882385,0.913544,0.882385,0.882965,0.882446,0.882446,0.882446,0.882446,0.882568,0.882660,0.883148,0.883179,0.883057,0.914246,0.914368,0.914246,0.914246,0.916199,0.916199,0.916199,0.917786,0.916199,0.916199,0.916199,0.916199,0.915985,0.915985,0.915985,0.915985,0.915985,0.916199,0.916077,0.916077,0.916077,0.916077,0.916077,0.916077,0.916077,0.916077,0.916077,0.916077,0.916077,0.915955,0.915955,0.915955,0.915955,0.915955,0.916046,0.915955,0.915955,0.915955,0.915955,0.915955,0.915955,0.915955,0.915955,0.915955,0.915955,0.915955,0.915955,0.915955,0.915955,0.915955,0.915955,0.915955,0.915955,0.915955,0.915955,0.915955,0.915955,0.915955,0.915955,0.915955,0.915955,0.915955,0.915955,0.915955,0.915955,0.915955,0.915955,0.915955,0.915955,0.915955,0.915955,0.917999,0.915955,0.915955,0.915955,0.915955,0.916351,0.916321,0.916321,0.916321,0.916321,0.916321,0.916321,0.916321,0.916321,0.916321,0.916321,0.919586,0.916321,0.916321,0.916809,0.916809,0.916809,0.916809,0.916809,0.916809,0.916809,0.916809,0.916901,0.916901,0.916901,0.916901,0.916901,0.916901,0.916901,0.916901,0.916901,0.916901,0.917633,0.917633,0.917633,0.917633,0.917633,0.917633,0.917633,0.917633,0.917633,0.917633,0.917633,0.917633,0.917633,0.917633,0.917633,0.917664,0.917633,0.917633,0.917725,0.917725,0.917725,0.917725,0.917725,0.917725,0.917725,0.917725,0.917725,0.917786,
