kBasicLog: 1
kBreedEdges: 1
kBreedGates: 1
kBreedSample: 8
kBreedType: 0
kChildren: 100
kEvaluations: 20000
kGens: 100
kLegalGateTypes: 1
kLog: 1
kLogIter: 4
kMaxGenStagnation: 300
kMessUp: 0
kMutatePercent: 1
kMutationMode: 1
kMutations: 6
kPruneOrphans: 1
kSaveDotGraphs: 1
kSeed: 0
kThreads: 4
kThreshold: 1000
kTruthWeight: 1
columns: 13
rows: 5,5,5,5,5,5,5,5,5,5,5,5,4
goal_correct_count: 256
goal_total_count: 2048
goal_total_weighted_count: 65536
~
gates_used: 34
total_count: 1662
total_weighted_count: 0
percent: 0.811523
weighted_percent: 0.000000
evaluations: 20100
~
1452,1464,1498,1514,1538,1554,1562,1578,1588,1594,1610,1626,1630,1630,1630,1630,1632,1632,1638,1638,1638,1638,1642,1642,1642,1642,1642,1642,1642,1646,1646,1648,1648,1648,1648,1648,1648,1648,1648,1648,1648,1648,1648,1648,1648,1648,1648,1648,1648,1648,1648,1648,1648,1648,1648,1648,1648,1648,1648,1650,1650,1650,1650,1650,1650,1650,1650,1652,1652,1652,1652,1652,1652,1652,1652,1652,1652,1652,1652,1652,1652,1652,1652,1652,1652,1652,1652,1652,1652,1652,1652,1654,1654,1654,1654,1654,1656,1656,1656,1656,1656,1660,1660,1660,1660,1662,1662,1662,1662,1662,1662,1662,1662,1662,1662,1662,1662,1662,1662,1662,1662,1662,1662,1662,1662,1662,1662,1662,1662,1662,1662,1662,1662,1662,1662,1662,1662,1662,1662,1662,1662,1662,1662,1662,1662,1662,1662,1662,1662,1662,1662,1662,1662,1662,1662,1662,1662,1662,1662,1662,1662,1662,1662,1662,1662,1662,1662,1662,1662,1662,1662,1662,1662,1662,1662,1662,1662,1662,1662,1662,1662,1662,1662,1662,1662,1662,1662,1662,1662,1662,1662,1662,1662,1662,1662,1662,1662,1662,1662,1662,1662,
49284,52708,54804,55068,56924,57372,57884,59412,59436,59508,60020,60148,60212,60212,60212,60212,60244,60244,60268,60268,60268,60268,60276,60276,60276,60276,60276,60276,60276,60284,60284,60292,60292,60292,60292,60292,60292,60292,60292,60292,60292,60292,60292,60292,60292,60292,60292,60292,60292,60292,60292,60292,60292,60292,60292,60292,60292,60292,60292,60296,60296,60296,60296,60296,60296,60296,60296,60304,60304,60304,60304,60304,60304,60304,60304,60304,60304,60304,60304,60304,60304,60304,60304,60304,60304,60304,60304,60304,60304,60304,60304,60312,60312,60312,60312,60312,60320,60320,60320,60320,60320,60384,60384,60384,60384,60416,60416,60416,60416,60416,60416,60416,60416,60416,60416,60416,60416,60416,60416,60416,60416,60416,60416,60416,60416,60416,60416,60416,60416,60416,60416,60416,60416,60416,60416,60416,60416,60416,60416,60416,60416,60416,60416,60416,60416,60416,60416,60416,60416,60416,60416,60416,60416,60416,60416,60416,60416,60416,60416,60416,60416,60416,60416,60416,60416,60416,60416,60416,60416,60416,60416,60416,60416,60416,60416,60416,60416,60416,60416,60416,60416,60416,60416,60416,60416,60416,60416,60416,60416,60416,60416,60416,60416,60416,60416,60416,60416,60416,60416,60416,60416,
0.708984,0.714844,0.731445,0.739258,0.750977,0.758789,0.762695,0.770508,0.775391,0.778320,0.786133,0.793945,0.795898,0.795898,0.795898,0.795898,0.796875,0.796875,0.799805,0.799805,0.799805,0.799805,0.801758,0.801758,0.801758,0.801758,0.801758,0.801758,0.801758,0.803711,0.803711,0.804688,0.804688,0.804688,0.804688,0.804688,0.804688,0.804688,0.804688,0.804688,0.804688,0.804688,0.804688,0.804688,0.804688,0.804688,0.804688,0.804688,0.804688,0.804688,0.804688,0.804688,0.804688,0.804688,0.804688,0.804688,0.804688,0.804688,0.804688,0.805664,0.805664,0.805664,0.805664,0.805664,0.805664,0.805664,0.805664,0.806641,0.806641,0.806641,0.806641,0.806641,0.806641,0.806641,0.806641,0.806641,0.806641,0.806641,0.806641,0.806641,0.806641,0.806641,0.806641,0.806641,0.806641,0.806641,0.806641,0.806641,0.806641,0.806641,0.806641,0.807617,0.807617,0.807617,0.807617,0.807617,0.808594,0.808594,0.808594,0.808594,0.808594,0.810547,0.810547,0.810547,0.810547,0.811523,0.811523,0.811523,0.811523,0.811523,0.811523,0.811523,0.811523,0.811523,0.811523,0.811523,0.811523,0.811523,0.811523,0.811523,0.811523,0.811523,0.811523,0.811523,0.811523,0.811523,0.811523,0.811523,0.811523,0.811523,0.811523,0.811523,0.811523,0.811523,0.811523,0.811523,0.811523,0.811523,0.811523,0.811523,0.811523,0.811523,0.811523,0.811523,0.811523,0.811523,0.811523,0.811523,0.811523,0.811523,0.811523,0.811523,0.811523,0.811523,0.811523,0.811523,0.811523,0.811523,0.811523,0.811523,0.811523,0.811523,0.811523,0.811523,0.811523,0.811523,0.811523,0.811523,0.811523,0.811523,0.811523,0.811523,0.811523,0.811523,0.811523,0.811523,0.811523,0.811523,0.811523,0.811523,0.811523,0.811523,0.811523,0.811523,0.811523,0.811523,0.811523,0.811523,0.811523,0.811523,0.811523,0.811523,0.811523,0.811523,0.811523,0.811523,0.811523,0.811523,0.811523,0.811523,0.811523,
0.752014,0.804260,0.836243,0.840271,0.868591,0.875427,0.883240,0.906555,0.906921,0.908020,0.915833,0.917786,0.918762,0.918762,0.918762,0.918762,0.919250,0.919250,0.919617,0.919617,0.919617,0.919617,0.919739,0.919739,0.919739,0.919739,0.919739,0.919739,0.919739,0.919861,0.919861,0.919983,0.919983,0.919983,0.919983,0.919983,0.919983,0.919983,0.919983,0.919983,0.919983,0.919983,0.919983,0.919983,0.919983,0.919983,0.919983,0.919983,0.919983,0.919983,0.919983,0.919983,0.919983,0.919983,0.919983,0.919983,0.919983,0.919983,0.919983,0.920044,0.920044,0.920044,0.920044,0.920044,0.920044,0.920044,0.920044,0.920166,0.920166,0.920166,0.920166,0.920166,0.920166,0.920166,0.920166,0.920166,0.920166,0.920166,0.920166,0.920166,0.920166,0.920166,0.920166,0.920166,0.920166,0.920166,0.920166,0.920166,0.920166,0.920166,0.920166,0.920288,0.920288,0.920288,0.920288,0.920288,0.920410,0.920410,0.920410,0.920410,0.920410,0.921387,0.921387,0.921387,0.921387,0.921875,0.921875,0.921875,0.921875,0.921875,0.921875,0.921875,0.921875,0.921875,0.921875,0.921875,0.921875,0.921875,0.921875,0.921875,0.921875,0.921875,0.921875,0.921875,0.921875,0.921875,0.921875,0.921875,0.921875,0.921875,0.921875,0.921875,0.921875,0.921875,0.921875,0.921875,0.921875,0.921875,0.921875,0.921875,0.921875,0.921875,0.921875,0.921875,0.921875,0.921875,0.921875,0.921875,0.921875,0.921875,0.921875,0.921875,0.921875,0.921875,0.921875,0.921875,0.921875,0.921875,0.921875,0.921875,0.921875,0.921875,0.921875,0.921875,0.921875,0.921875,0.921875,0.921875,0.921875,0.921875,0.921875,0.921875,0.921875,0.921875,0.921875,0.921875,0.921875,0.921875,0.921875,0.921875,0.921875,0.921875,0.921875,0.921875,0.921875,0.921875,0.921875,0.921875,0.921875,0.921875,0.921875,0.921875,0.921875,0.921875,0.921875,0.921875,0.921875,0.921875,0.921875,0.921875,0.921875,
