kBasicLog: 1
kBreedEdges: 1
kBreedGates: 1
kBreedSample: 8
kBreedType: 0
kChildren: 100
kEvaluations: 20000
kGens: 100
kLegalGateTypes: 1
kLog: 1
kLogIter: 0
kMaxGenStagnation: 300
kMessUp: 0
kMutatePercent: 1
kMutationMode: 1
kMutations: 6
kPruneOrphans: 1
kSaveDotGraphs: 1
kSeed: 0
kThreads: 4
kThreshold: 1000
kTruthWeight: 1
columns: 13
rows: 5,5,5,5,5,5,5,5,5,5,5,5,4
goal_correct_count: 256
goal_total_count: 2048
goal_total_weighted_count: 65536
~
gates_used: 37
total_count: 1638
total_weighted_count: 0
percent: 0.799805
weighted_percent: 0.000000
evaluations: 20100
~
1450,1454,1480,1492,1500,1508,1522,1530,1542,1546,1550,1570,1574,1578,1578,1582,1584,1588,1588,1598,1598,1600,1600,1600,1604,1604,1604,1604,1604,1604,1604,1604,1604,1604,1604,1604,1604,1604,1604,1604,1604,1604,1604,1606,1606,1606,1606,1610,1610,1614,1614,1614,1618,1618,1626,1626,1626,1632,1632,1632,1632,1632,1632,1632,1632,1632,1632,1632,1632,1632,1632,1632,1632,1636,1638,1638,1638,1638,1638,1638,1638,1638,1638,1638,1638,1638,1638,1638,1638,1638,1638,1638,1638,1638,1638,1638,1638,1638,1638,1638,1638,1638,1638,1638,1638,1638,1638,1638,1638,1638,1638,1638,1638,1638,1638,1638,1638,1638,1638,1638,1638,1638,1638,1638,1638,1638,1638,1638,1638,1638,1638,1638,1638,1638,1638,1638,1638,1638,1638,1638,1638,1638,1638,1638,1638,1638,1638,1638,1638,1638,1638,1638,1638,1638,1638,1638,1638,1638,1638,1638,1638,1638,1638,1638,1638,1638,1638,1638,1638,1638,1638,1638,1638,1638,1638,1638,1638,1638,1638,1638,1638,1638,1638,1638,1638,1638,1638,1638,1638,1638,1638,1638,1638,1638,1638,1638,1638,1638,1638,1638,1638,
48828,48860,53692,54212,54724,54840,54888,55272,55784,55848,55912,56552,56584,56600,56600,56632,56640,57924,57924,57968,57968,57972,57972,57972,57980,57980,57980,57980,57980,57980,57980,57980,57980,57980,57980,57980,57980,57980,57980,57980,57980,57980,57980,57996,57996,57996,57996,58060,58060,58252,58252,58252,58316,58316,58572,58572,58572,58596,58596,58596,58596,58596,58596,58596,58596,58596,58596,58596,58596,58596,58596,58596,58596,58628,58644,58644,58644,58644,58644,58644,58644,58644,58644,58644,58644,58644,58644,58644,58644,58644,58644,58644,58644,58644,58644,58644,58644,58644,58644,58644,58644,58644,58644,58644,58644,58644,58644,58644,58644,58644,58644,58644,58644,58644,58644,58644,58644,58644,58644,58644,58644,58644,58644,58644,58644,58644,58644,58644,58644,58644,58644,58644,58644,58644,58644,58644,58644,58644,58644,58644,58644,58644,58644,58644,58644,58644,58644,58644,58644,58644,58644,58644,58644,58644,58644,58644,58644,58644,58644,58644,58644,58644,58644,58644,58644,58644,58644,58644,58644,58644,58644,58644,58644,58644,58644,58644,58644,58644,58644,58644,58644,58644,58644,58644,58644,58644,58644,58644,58644,58644,58644,58644,58644,58644,58644,58644,58644,58644,58644,58644,58644,
0.708008,0.709961,0.722656,0.728516,0.732422,0.736328,0.743164,0.747070,0.752930,0.754883,0.756836,0.766602,0.768555,0.770508,0.770508,0.772461,0.773438,0.775391,0.775391,0.780273,0.780273,0.781250,0.781250,0.781250,0.783203,0.783203,0.783203,0.783203,0.783203,0.783203,0.783203,0.783203,0.783203,0.783203,0.783203,0.783203,0.783203,0.783203,0.783203,0.783203,0.783203,0.783203,0.783203,0.784180,0.784180,0.784180,0.784180,0.786133,0.786133,0.788086,0.788086,0.788086,0.790039,0.790039,0.793945,0.793945,0.793945,0.796875,0.796875,0.796875,0.796875,0.796875,0.796875,0.796875,0.796875,0.796875,0.796875,0.796875,0.796875,0.796875,0.796875,0.796875,0.796875,0.798828,0.799805,0.799805,0.799805,0.799805,0.799805,0.799805,0.799805,0.799805,0.799805,0.799805,0.799805,0.799805,0.799805,0.799805,0.799805,0.799805,0.799805,0.799805,0.799805,0.799805,0.799805,0.799805,0.799805,0.799805,0.799805,0.799805,0.799805,0.799805,0.799805,0.799805,0.799805,0.799805,0.799805,0.799805,0.799805,0.799805,0.799805,0.799805,0.799805,0.799805,0.799805,0.799805,0.799805,0.799805,0.799805,0.799805,0.799805,0.799805,0.799805,0.799805,0.799805,0.799805,0.799805,0.799805,0.799805,0.799805,0.799805,0.799805,0.799805,0.799805,0.799805,0.799805,0.799805,0.799805,0.799805,0.799805,0.799805,0.799805,0.799805,0.799805,0.799805,0.799805,0.799805,0.799805,0.799805,0.799805,0.799805,0.799805,0.799805,0.799805,0.799805,0.799805,0.799805,0.799805,0.799805,0.799805,0.799805,0.799805,0.799805,0.799805,0.799805,0.799805,0.799805,0.799805,0.799805,0.799805,0.799805,0.799805,0.799805,0.799805,0.799805,0.799805,0.799805,0.799805,0.799805,0.799805,0.799805,0.799805,0.799805,0.799805,0.799805,0.799805,0.799805,0.799805,0.799805,0.799805,0.799805,0.799805,0.799805,0.799805,0.799805,0.799805,0.799805,0.799805,0.799805,0.799805,0.799805,
0.745056,0.745544,0.819275,0.827209,0.835022,0.836792,0.837524,0.843384,0.851196,0.852173,0.853149,0.862915,0.863403,0.863647,0.863647,0.864136,0.864258,0.883850,0.883850,0.884521,0.884521,0.884583,0.884583,0.884583,0.884705,0.884705,0.884705,0.884705,0.884705,0.884705,0.884705,0.884705,0.884705,0.884705,0.884705,0.884705,0.884705,0.884705,0.884705,0.884705,0.884705,0.884705,0.884705,0.884949,0.884949,0.884949,0.884949,0.885925,0.885925,0.888855,0.888855,0.888855,0.889832,0.889832,0.893738,0.893738,0.893738,0.894104,0.894104,0.894104,0.894104,0.894104,0.894104,0.894104,0.894104,0.894104,0.894104,0.894104,0.894104,0.894104,0.894104,0.894104,0.894104,0.894592,0.894836,0.894836,0.894836,0.894836,0.894836,0.894836,0.894836,0.894836,0.894836,0.894836,0.894836,0.894836,0.894836,0.894836,0.894836,0.894836,0.894836,0.894836,0.894836,0.894836,0.894836,0.894836,0.894836,0.894836,0.894836,0.894836,0.894836,0.894836,0.894836,0.894836,0.894836,0.894836,0.894836,0.894836,0.894836,0.894836,0.894836,0.894836,0.894836,0.894836,0.894836,0.894836,0.894836,0.894836,0.894836,0.894836,0.894836,0.894836,0.894836,0.894836,0.894836,0.894836,0.894836,0.894836,0.894836,0.894836,0.894836,0.894836,0.894836,0.894836,0.894836,0.894836,0.894836,0.894836,0.894836,0.894836,0.894836,0.894836,0.894836,0.894836,0.894836,0.894836,0.894836,0.894836,0.894836,0.894836,0.894836,0.894836,0.894836,0.894836,0.894836,0.894836,0.894836,0.894836,0.894836,0.894836,0.894836,0.894836,0.894836,0.894836,0.894836,0.894836,0.894836,0.894836,0.894836,0.894836,0.894836,0.894836,0.894836,0.894836,0.894836,0.894836,0.894836,0.894836,0.894836,0.894836,0.894836,0.894836,0.894836,0.894836,0.894836,0.894836,0.894836,0.894836,0.894836,0.894836,0.894836,0.894836,0.894836,0.894836,0.894836,0.894836,0.894836,0.894836,0.894836,0.894836,0.894836,
