kBasicLog: 1
kBreedEdges: 1
kBreedGates: 1
kBreedSample: 8
kBreedType: 0
kChildren: 100
kEvaluations: 20000
kGens: 100
kLegalGateTypes: 1
kLog: 1
kLogIter: 8
kMaxGenStagnation: 300
kMessUp: 0
kMutatePercent: 1
kMutationMode: 1
kMutations: 6
kPruneOrphans: 1
kSaveDotGraphs: 1
kSeed: 0
kThreads: 4
kThreshold: 1000
kTruthWeight: 1
columns: 13
rows: 5,5,5,5,5,5,5,5,5,5,5,5,4
goal_correct_count: 256
goal_total_count: 2048
goal_total_weighted_count: 65536
~
gates_used: 27
total_count: 1622
total_weighted_count: 0
percent: 0.791992
weighted_percent: 0.000000
evaluations: 20100
~
1474,1512,1528,1536,1544,1552,1560,1564,1564,1572,1572,1576,1580,1592,1598,1598,1598,1598,1598,1598,1602,1602,1602,1602,1602,1602,1602,1602,1602,1602,1602,1602,1602,1602,1602,1602,1602,1602,1602,1604,1604,1604,1604,1604,1604,1604,1604,1604,1604,1604,1604,1604,1604,1604,1604,1604,1604,1604,1604,1604,1604,1604,1604,1604,1604,1604,1604,1604,1604,1604,1604,1604,1604,1604,1604,1604,1604,1604,1604,1604,1604,1604,1604,1604,1604,1604,1604,1604,1604,1604,1604,1604,1604,1604,1604,1604,1604,1604,1604,1604,1604,1604,1604,1604,1604,1604,1604,1604,1604,1604,1604,1604,1604,1604,1604,1604,1604,1604,1604,1604,1604,1604,1604,1604,1604,1604,1604,1604,1608,1610,1622,1622,1622,1622,1622,1622,1622,1622,1622,1622,1622,1622,1622,1622,1622,1622,1622,1622,1622,1622,1622,1622,1622,1622,1622,1622,1622,1622,1622,1622,1622,1622,1622,1622,1622,1622,1622,1622,1622,1622,1622,1622,1622,1622,1622,1622,1622,1622,1622,1622,1622,1622,1622,1622,1622,1622,1622,1622,1622,1622,1622,1622,1622,1622,1622,1622,1622,1622,1622,1622,1622,
51548,55852,55980,56492,57004,57260,57292,57356,57356,57612,57612,57740,57868,58828,58840,58840,58840,58840,58840,58840,58904,58904,58904,58904,58904,58904,58904,58904,58904,58904,58904,58904,58904,58904,58904,58904,58904,58904,58904,58908,58908,58908,58908,58908,58908,58908,58908,58908,58908,58908,58908,58908,58908,58908,58908,58908,58908,58908,58908,58908,58908,58908,58908,58908,58908,58908,58908,58908,58908,58908,58908,58908,58908,58908,58908,58908,58908,58908,58908,58908,58908,58908,58908,58908,58908,58908,58908,58908,58908,58908,58908,58908,58908,58908,58908,58908,58908,58908,58908,58908,58908,58908,58908,58908,58908,58908,58908,58908,58908,58908,58908,58908,58908,58908,58908,58908,58908,58908,58908,58908,58908,58908,58908,58908,58908,58908,58908,58908,58916,58918,58930,58930,58930,58930,58930,58930,58930,58930,58930,58930,58930,58930,58930,58930,58930,58930,58930,58930,58930,58930,58930,58930,58930,58930,58930,58930,58930,58930,58930,58930,58930,58930,58930,58930,58930,58930,58930,58930,58930,58930,58930,58930,58930,58930,58930,58930,58930,58930,58930,58930,58930,58930,58930,58930,58930,58930,58930,58930,58930,58930,58930,58930,58930,58930,58930,58930,58930,58930,58930,58930,58930,
0.719727,0.738281,0.746094,0.750000,0.753906,0.757812,0.761719,0.763672,0.763672,0.767578,0.767578,0.769531,0.771484,0.777344,0.780273,0.780273,0.780273,0.780273,0.780273,0.780273,0.782227,0.782227,0.782227,0.782227,0.782227,0.782227,0.782227,0.782227,0.782227,0.782227,0.782227,0.782227,0.782227,0.782227,0.782227,0.782227,0.782227,0.782227,0.782227,0.783203,0.783203,0.783203,0.783203,0.783203,0.783203,0.783203,0.783203,0.783203,0.783203,0.783203,0.783203,0.783203,0.783203,0.783203,0.783203,0.783203,0.783203,0.783203,0.783203,0.783203,0.783203,0.783203,0.783203,0.783203,0.783203,0.783203,0.783203,0.783203,0.783203,0.783203,0.783203,0.783203,0.783203,0.783203,0.783203,0.783203,0.783203,0.783203,0.783203,0.783203,0.783203,0.783203,0.783203,0.783203,0.783203,0.783203,0.783203,0.783203,0.783203,0.783203,0.783203,0.783203,0.783203,0.783203,0.783203,0.783203,0.783203,0.783203,0.783203,0.783203,0.783203,0.783203,0.783203,0.783203,0.783203,0.783203,0.783203,0.783203,0.783203,0.783203,0.783203,0.783203,0.783203,0.783203,0.783203,0.783203,0.783203,0.783203,0.783203,0.783203,0.783203,0.783203,0.783203,0.783203,0.783203,0.783203,0.783203,0.783203,0.785156,0.786133,0.791992,0.791992,0.791992,0.791992,0.791992,0.791992,0.791992,0.791992,0.791992,0.791992,0.791992,0.791992,0.791992,0.791992,0.791992,0.791992,0.791992,0.791992,0.791992,0.791992,0.791992,0.791992,0.791992,0.791992,0.791992,0.791992,0.791992,0.791992,0.791992,0.791992,0.791992,0.791992,0.791992,0.791992,0.791992,0.791992,0.791992,0.791992,0.791992,0.791992,0.791992,0.791992,0.791992,0.791992,0.791992,0.791992,0.791992,0.791992,0.791992,0.791992,0.791992,0.791992,0.791992,0.791992,0.791992,0.791992,0.791992,0.791992,0.791992,0.791992,0.791992,0.791992,0.791992,0.791992,0.791992,0.791992,0.791992,0.791992,0.791992,0.791992,0.791992,
0.786560,0.852234,0.854187,0.862000,0.869812,0.873718,0.874207,0.875183,0.875183,0.879089,0.879089,0.881042,0.882996,0.897644,0.897827,0.897827,0.897827,0.897827,0.897827,0.897827,0.898804,0.898804,0.898804,0.898804,0.898804,0.898804,0.898804,0.898804,0.898804,0.898804,0.898804,0.898804,0.898804,0.898804,0.898804,0.898804,0.898804,0.898804,0.898804,0.898865,0.898865,0.898865,0.898865,0.898865,0.898865,0.898865,0.898865,0.898865,0.898865,0.898865,0.898865,0.898865,0.898865,0.898865,0.898865,0.898865,0.898865,0.898865,0.898865,0.898865,0.898865,0.898865,0.898865,0.898865,0.898865,0.898865,0.898865,0.898865,0.898865,0.898865,0.898865,0.898865,0.898865,0.898865,0.898865,0.898865,0.898865,0.898865,0.898865,0.898865,0.898865,0.898865,0.898865,0.898865,0.898865,0.898865,0.898865,0.898865,0.898865,0.898865,0.898865,0.898865,0.898865,0.898865,0.898865,0.898865,0.898865,0.898865,0.898865,0.898865,0.898865,0.898865,0.898865,0.898865,0.898865,0.898865,0.898865,0.898865,0.898865,0.898865,0.898865,0.898865,0.898865,0.898865,0.898865,0.898865,0.898865,0.898865,0.898865,0.898865,0.898865,0.898865,0.898865,0.898865,0.898865,0.898865,0.898865,0.898865,0.898987,0.899017,0.899200,0.899200,0.899200,0.899200,0.899200,0.899200,0.899200,0.899200,0.899200,0.899200,0.899200,0.899200,0.899200,0.899200,0.899200,0.899200,0.899200,0.899200,0.899200,0.899200,0.899200,0.899200,0.899200,0.899200,0.899200,0.899200,0.899200,0.899200,0.899200,0.899200,0.899200,0.899200,0.899200,0.899200,0.899200,0.899200,0.899200,0.899200,0.899200,0.899200,0.899200,0.899200,0.899200,0.899200,0.899200,0.899200,0.899200,0.899200,0.899200,0.899200,0.899200,0.899200,0.899200,0.899200,0.899200,0.899200,0.899200,0.899200,0.899200,0.899200,0.899200,0.899200,0.899200,0.899200,0.899200,0.899200,0.899200,0.899200,0.899200,0.899200,0.899200,
