kBasicLog: 1
kBreedEdges: 1
kBreedGates: 1
kBreedSample: 8
kBreedType: 0
kChildren: 100
kEvaluations: 20000
kGens: 100
kLegalGateTypes: 1
kLog: 1
kLogIter: 7
kMaxGenStagnation: 300
kMessUp: 0
kMutatePercent: 1
kMutationMode: 1
kMutations: 6
kPruneOrphans: 1
kSaveDotGraphs: 1
kSeed: 0
kThreads: 4
kThreshold: 1000
kTruthWeight: 1
columns: 13
rows: 5,5,5,5,5,5,5,5,5,5,5,5,4
goal_correct_count: 256
goal_total_count: 2048
goal_total_weighted_count: 65536
~
gates_used: 36
total_count: 1616
total_weighted_count: 0
percent: 0.789062
weighted_percent: 0.000000
evaluations: 20100
~
1422,1440,1454,1456,1460,1476,1484,1486,1488,1490,1504,1512,1520,1526,1528,1530,1544,1552,1552,1556,1558,1558,1560,1560,1584,1584,1588,1588,1588,1588,1588,1592,1592,1594,1594,1594,1594,1594,1594,1594,1594,1594,1594,1594,1594,1594,1598,1598,1598,1598,1598,1606,1610,1610,1610,1610,1610,1610,1610,1610,1610,1610,1610,1610,1610,1610,1610,1610,1610,1610,1610,1610,1610,1610,1610,1610,1610,1610,1610,1610,1610,1610,1610,1610,1612,1612,1612,1612,1612,1612,1612,1612,1612,1612,1612,1612,1612,1612,1612,1612,1612,1612,1612,1612,1612,1612,1612,1612,1612,1612,1612,1614,1614,1614,1614,1614,1614,1614,1614,1614,1614,1614,1614,1614,1614,1614,1616,1616,1616,1616,1616,1616,1616,1616,1616,1616,1616,1616,1616,1616,1616,1616,1616,1616,1616,1616,1616,1616,1616,1616,1616,1616,1616,1616,1616,1616,1616,1616,1616,1616,1616,1616,1616,1616,1616,1616,1616,1616,1616,1616,1616,1616,1616,1616,1616,1616,1616,1616,1616,1616,1616,1616,1616,1616,1616,1616,1616,1616,1616,1616,1616,1616,1616,1616,1616,1616,1616,1616,1616,1616,1616,
46132,46640,48656,48672,48776,50824,51336,51352,51368,52912,54952,55208,55720,55768,55776,55784,56800,57312,57312,57440,57648,57648,57656,57656,59192,59192,59320,59320,59320,59320,59320,60200,60200,60208,60208,60208,60208,60208,60208,60208,60208,60208,60208,60208,60208,60208,60240,60240,60240,60240,60240,60496,60528,60528,60528,60528,60528,60528,60528,60528,60528,60528,60528,60528,60528,60528,60528,60528,60528,60528,60528,60528,60528,60528,60528,60528,60528,60528,60528,60528,60528,60528,60528,60528,60532,60532,60532,60532,60532,60532,60532,60532,60532,60532,60532,60532,60532,60532,60532,60532,60532,60532,60532,60532,60532,60532,60532,60532,60532,60532,60532,60548,60548,60548,60548,60548,60548,60548,60548,60548,60548,60548,60548,60548,60548,60548,60556,60556,60556,60556,60556,60556,60556,60556,60556,60556,60556,60556,60556,60556,60556,60556,60556,60556,60556,60556,60556,60556,60556,60556,60556,60556,60556,60556,60556,60556,60556,60556,60556,60556,60556,60556,60556,60556,60556,60556,60556,60556,60556,60556,60556,60556,60556,60556,60556,60556,60556,60556,60556,60556,60556,60556,60556,60556,60556,60556,60556,60556,60556,60556,60556,60556,60556,60556,60556,60556,60556,60556,60556,60556,60556,
0.694336,0.703125,0.709961,0.710938,0.712891,0.720703,0.724609,0.725586,0.726562,0.727539,0.734375,0.738281,0.742188,0.745117,0.746094,0.747070,0.753906,0.757812,0.757812,0.759766,0.760742,0.760742,0.761719,0.761719,0.773438,0.773438,0.775391,0.775391,0.775391,0.775391,0.775391,0.777344,0.777344,0.778320,0.778320,0.778320,0.778320,0.778320,0.778320,0.778320,0.778320,0.778320,0.778320,0.778320,0.778320,0.778320,0.780273,0.780273,0.780273,0.780273,0.780273,0.784180,0.786133,0.786133,0.786133,0.786133,0.786133,0.786133,0.786133,0.786133,0.786133,0.786133,0.786133,0.786133,0.786133,0.786133,0.786133,0.786133,0.786133,0.786133,0.786133,0.786133,0.786133,0.786133,0.786133,0.786133,0.786133,0.786133,0.786133,0.786133,0.786133,0.786133,0.786133,0.786133,0.787109,0.787109,0.787109,0.787109,0.787109,0.787109,0.787109,0.787109,0.787109,0.787109,0.787109,0.787109,0.787109,0.787109,0.787109,0.787109,0.787109,0.787109,0.787109,0.787109,0.787109,0.787109,0.787109,0.787109,0.787109,0.787109,0.787109,0.788086,0.788086,0.788086,0.788086,0.788086,0.788086,0.788086,0.788086,0.788086,0.788086,0.788086,0.788086,0.788086,0.788086,0.788086,0.789062,0.789062,0.789062,0.789062,0.789062,0.789062,0.789062,0.789062,0.789062,0.789062,0.789062,0.789062,0.789062,0.789062,0.789062,0.789062,0.789062,0.789062,0.789062,0.789062,0.789062,0.789062,0.789062,0.789062,0.789062,0.789062,0.789062,0.789062,0.789062,0.789062,0.789062,0.789062,0.789062,0.789062,0.789062,0.789062,0.789062,0.789062,0.789062,0.789062,0.789062,0.789062,0.789062,0.789062,0.789062,0.789062,0.789062,0.789062,0.789062,0.789062,0.789062,0.789062,0.789062,0.789062,0.789062,0.789062,0.789062,0.789062,0.789062,0.789062,0.789062,0.789062,0.789062,0.789062,0.789062,0.789062,0.789062,0.789062,0.789062,0.789062,0.789062,0.789062,0.789062,0.789062,0.789062,
0.703918,0.711670,0.742432,0.742676,0.744263,0.775513,0.783325,0.783569,0.783813,0.807373,0.838501,0.842407,0.850220,0.850952,0.851074,0.851196,0.866699,0.874512,0.874512,0.876465,0.879639,0.879639,0.879761,0.879761,0.903198,0.903198,0.905151,0.905151,0.905151,0.905151,0.905151,0.918579,0.918579,0.918701,0.918701,0.918701,0.918701,0.918701,0.918701,0.918701,0.918701,0.918701,0.918701,0.918701,0.918701,0.918701,0.919189,0.919189,0.919189,0.919189,0.919189,0.923096,0.923584,0.923584,0.923584,0.923584,0.923584,0.923584,0.923584,0.923584,0.923584,0.923584,0.923584,0.923584,0.923584,0.923584,0.923584,0.923584,0.923584,0.923584,0.923584,0.923584,0.923584,0.923584,0.923584,0.923584,0.923584,0.923584,0.923584,0.923584,0.923584,0.923584,0.923584,0.923584,0.923645,0.923645,0.923645,0.923645,0.923645,0.923645,0.923645,0.923645,0.923645,0.923645,0.923645,0.923645,0.923645,0.923645,0.923645,0.923645,0.923645,0.923645,0.923645,0.923645,0.923645,0.923645,0.923645,0.923645,0.923645,0.923645,0.923645,0.923889,0.923889,0.923889,0.923889,0.923889,0.923889,0.923889,0.923889,0.923889,0.923889,0.923889,0.923889,0.923889,0.923889,0.923889,0.924011,0.924011,0.924011,0.924011,0.924011,0.924011,0.924011,0.924011,0.924011,0.924011,0.924011,0.924011,0.924011,0.924011,0.924011,0.924011,0.924011,0.924011,0.924011,0.924011,0.924011,0.924011,0.924011,0.924011,0.924011,0.924011,0.924011,0.924011,0.924011,0.924011,0.924011,0.924011,0.924011,0.924011,0.924011,0.924011,0.924011,0.924011,0.924011,0.924011,0.924011,0.924011,0.924011,0.924011,0.924011,0.924011,0.924011,0.924011,0.924011,0.924011,0.924011,0.924011,0.924011,0.924011,0.924011,0.924011,0.924011,0.924011,0.924011,0.924011,0.924011,0.924011,0.924011,0.924011,0.924011,0.924011,0.924011,0.924011,0.924011,0.924011,0.924011,0.924011,0.924011,0.924011,0.924011,
