kBasicLog: 1
kBreedEdges: 1
kBreedGates: 1
kBreedSample: 8
kBreedType: 0
kChildren: 100
kEvaluations: 20000
kGens: 100
kLegalGateTypes: 1
kLog: 1
kLogIter: 2
kMaxGenStagnation: 300
kMessUp: 0
kMutatePercent: 1
kMutationMode: 1
kMutations: 6
kPruneOrphans: 1
kSaveDotGraphs: 1
kSeed: 0
kThreads: 4
kThreshold: 1000
kTruthWeight: 1
columns: 13
rows: 5,5,5,5,5,5,5,5,5,5,5,5,4
goal_correct_count: 256
goal_total_count: 2048
goal_total_weighted_count: 65536
~
gates_used: 48
total_count: 1634
total_weighted_count: 0
percent: 0.797852
weighted_percent: 0.000000
evaluations: 20100
~
1444,1450,1462,1496,1504,1524,1532,1534,1536,1538,1540,1546,1548,1548,1548,1548,1548,1550,1556,1558,1558,1558,1558,1560,1560,1560,1564,1564,1564,1564,1564,1564,1566,1570,1572,1572,1572,1572,1572,1576,1576,1576,1576,1576,1576,1576,1576,1576,1576,1576,1576,1576,1576,1576,1576,1578,1578,1578,1584,1588,1590,1592,1592,1596,1596,1598,1598,1598,1598,1598,1598,1598,1598,1598,1598,1598,1598,1598,1598,1598,1598,1598,1598,1598,1598,1602,1608,1608,1608,1608,1608,1608,1608,1608,1608,1608,1608,1608,1608,1608,1608,1608,1610,1610,1610,1610,1610,1610,1610,1612,1612,1612,1612,1612,1612,1614,1614,1614,1614,1614,1614,1614,1614,1614,1614,1614,1614,1614,1614,1614,1614,1614,1614,1614,1614,1614,1614,1614,1614,1618,1618,1620,1620,1620,1620,1624,1626,1626,1626,1626,1626,1626,1626,1626,1626,1626,1626,1626,1626,1626,1626,1626,1630,1630,1630,1630,1630,1632,1632,1632,1634,1634,1634,1634,1634,1634,1634,1634,1634,1634,1634,1634,1634,1634,1634,1634,1634,1634,1634,1634,1634,1634,1634,1634,1634,1634,1634,1634,1634,1634,1634,
48564,48756,50172,52236,52492,55052,55104,55180,55212,55244,55276,55324,55532,55532,55532,55532,55532,55536,55632,55648,55648,55648,55648,55680,55680,55680,55712,55712,55712,55712,55712,55712,55744,55808,55824,55824,55824,55824,55824,55856,55856,55856,55856,55856,55856,55856,55856,55856,55856,55856,55856,55856,55856,55856,55796,55812,55812,55812,55818,55850,55866,55882,55882,55890,55890,55938,55938,55938,55938,55938,55938,55938,55938,55938,55938,55938,55938,55938,55938,55938,55938,55938,55938,55938,55938,59458,59698,59698,59698,59698,59698,59698,59698,59698,59698,59698,59698,59698,59698,59698,59698,59698,59730,59730,59730,59730,59730,59730,59730,59746,59746,59746,59746,59746,59746,59754,59754,59754,59754,59754,59754,59754,59754,59754,59754,59754,59754,59754,59754,59754,59754,59754,59754,59754,59754,59754,59754,59754,59754,59788,59788,59792,59792,59792,59792,59824,59832,59832,59832,59832,59832,59832,59832,59832,59832,59832,59832,59832,59832,59832,59832,59832,59864,59864,59864,59864,59864,59866,59866,59866,59882,59882,59882,59882,59882,59882,59882,59882,59882,59882,59882,59882,59882,59882,59882,59882,59882,59882,59882,59882,59882,59882,59882,59882,59882,59882,59882,59882,59882,59882,59882,
0.705078,0.708008,0.713867,0.730469,0.734375,0.744141,0.748047,0.749023,0.750000,0.750977,0.751953,0.754883,0.755859,0.755859,0.755859,0.755859,0.755859,0.756836,0.759766,0.760742,0.760742,0.760742,0.760742,0.761719,0.761719,0.761719,0.763672,0.763672,0.763672,0.763672,0.763672,0.763672,0.764648,0.766602,0.767578,0.767578,0.767578,0.767578,0.767578,0.769531,0.769531,0.769531,0.769531,0.769531,0.769531,0.769531,0.769531,0.769531,0.769531,0.769531,0.769531,0.769531,0.769531,0.769531,0.769531,0.770508,0.770508,0.770508,0.773438,0.775391,0.776367,0.777344,0.777344,0.779297,0.779297,0.780273,0.780273,0.780273,0.780273,0.780273,0.780273,0.780273,0.780273,0.780273,0.780273,0.780273,0.780273,0.780273,0.780273,0.780273,0.780273,0.780273,0.780273,0.780273,0.780273,0.782227,0.785156,0.785156,0.785156,0.785156,0.785156,0.785156,0.785156,0.785156,0.785156,0.785156,0.785156,0.785156,0.785156,0.785156,0.785156,0.785156,0.786133,0.786133,0.786133,0.786133,0.786133,0.786133,0.786133,0.787109,0.787109,0.787109,0.787109,0.787109,0.787109,0.788086,0.788086,0.788086,0.788086,0.788086,0.788086,0.788086,0.788086,0.788086,0.788086,0.788086,0.788086,0.788086,0.788086,0.788086,0.788086,0.788086,0.788086,0.788086,0.788086,0.788086,0.788086,0.788086,0.788086,0.790039,0.790039,0.791016,0.791016,0.791016,0.791016,0.792969,0.793945,0.793945,0.793945,0.793945,0.793945,0.793945,0.793945,0.793945,0.793945,0.793945,0.793945,0.793945,0.793945,0.793945,0.793945,0.793945,0.795898,0.795898,0.795898,0.795898,0.795898,0.796875,0.796875,0.796875,0.797852,0.797852,0.797852,0.797852,0.797852,0.797852,0.797852,0.797852,0.797852,0.797852,0.797852,0.797852,0.797852,0.797852,0.797852,0.797852,0.797852,0.797852,0.797852,0.797852,0.797852,0.797852,0.797852,0.797852,0.797852,0.797852,0.797852,0.797852,0.797852,0.797852,0.797852,
0.741028,0.743958,0.765564,0.797058,0.800964,0.840027,0.840820,0.841980,0.842468,0.842957,0.843445,0.844177,0.847351,0.847351,0.847351,0.847351,0.847351,0.847412,0.848877,0.849121,0.849121,0.849121,0.849121,0.849609,0.849609,0.849609,0.850098,0.850098,0.850098,0.850098,0.850098,0.850098,0.850586,0.851562,0.851807,0.851807,0.851807,0.851807,0.851807,0.852295,0.852295,0.852295,0.852295,0.852295,0.852295,0.852295,0.852295,0.852295,0.852295,0.852295,0.852295,0.852295,0.852295,0.852295,0.851379,0.851624,0.851624,0.851624,0.851715,0.852203,0.852448,0.852692,0.852692,0.852814,0.852814,0.853546,0.853546,0.853546,0.853546,0.853546,0.853546,0.853546,0.853546,0.853546,0.853546,0.853546,0.853546,0.853546,0.853546,0.853546,0.853546,0.853546,0.853546,0.853546,0.853546,0.907257,0.910919,0.910919,0.910919,0.910919,0.910919,0.910919,0.910919,0.910919,0.910919,0.910919,0.910919,0.910919,0.910919,0.910919,0.910919,0.910919,0.911407,0.911407,0.911407,0.911407,0.911407,0.911407,0.911407,0.911652,0.911652,0.911652,0.911652,0.911652,0.911652,0.911774,0.911774,0.911774,0.911774,0.911774,0.911774,0.911774,0.911774,0.911774,0.911774,0.911774,0.911774,0.911774,0.911774,0.911774,0.911774,0.911774,0.911774,0.911774,0.911774,0.911774,0.911774,0.911774,0.911774,0.912292,0.912292,0.912354,0.912354,0.912354,0.912354,0.912842,0.912964,0.912964,0.912964,0.912964,0.912964,0.912964,0.912964,0.912964,0.912964,0.912964,0.912964,0.912964,0.912964,0.912964,0.912964,0.912964,0.913452,0.913452,0.913452,0.913452,0.913452,0.913483,0.913483,0.913483,0.913727,0.913727,0.913727,0.913727,0.913727,0.913727,0.913727,0.913727,0.913727,0.913727,0.913727,0.913727,0.913727,0.913727,0.913727,0.913727,0.913727,0.913727,0.913727,0.913727,0.913727,0.913727,0.913727,0.913727,0.913727,0.913727,0.913727,0.913727,0.913727,0.913727,0.913727,
