kBasicLog: 1
kBreedEdges: 1
kBreedGates: 1
kBreedSample: 8
kBreedType: 0
kChildren: 100
kEvaluations: 20000
kGens: 100
kLegalGateTypes: 1
kLog: 1
kLogIter: 6
kMaxGenStagnation: 300
kMessUp: 0
kMutatePercent: 1
kMutationMode: 1
kMutations: 6
kPruneOrphans: 1
kSaveDotGraphs: 1
kSeed: 0
kThreads: 4
kThreshold: 1000
kTruthWeight: 1
columns: 13
rows: 5,5,5,5,5,5,5,5,5,5,5,5,4
goal_correct_count: 256
goal_total_count: 2048
goal_total_weighted_count: 65536
~
gates_used: 35
total_count: 1668
total_weighted_count: 0
percent: 0.814453
weighted_percent: 0.000000
evaluations: 20100
~
1464,1480,1492,1506,1520,1528,1530,1532,1534,1542,1542,1558,1560,1566,1568,1572,1572,1574,1578,1578,1580,1580,1580,1580,1580,1580,1588,1592,1592,1592,1592,1592,1592,1592,1592,1592,1594,1594,1594,1594,1594,1596,1600,1602,1602,1602,1602,1602,1602,1602,1602,1602,1602,1602,1602,1604,1604,1604,1604,1604,1604,1604,1604,1610,1610,1610,1612,1614,1614,1614,1614,1614,1622,1622,1622,1622,1622,1622,1622,1622,1622,1622,1622,1622,1622,1622,1622,1622,1622,1622,1622,1622,1622,1622,1622,1622,1622,1622,1630,1630,1630,1630,1630,1630,1630,1630,1630,1630,1630,1630,1630,1630,1630,1630,1630,1630,1630,1630,1630,1630,1630,1630,1630,1630,1630,1630,1630,1630,1630,1630,1630,1630,1630,1630,1630,1630,1630,1630,1630,1660,1660,1660,1660,1660,1660,1660,1660,1660,1662,1662,1662,1662,1664,1664,1666,1666,1666,1666,1666,1666,1666,1666,1666,1666,1666,1666,1666,1666,1666,1666,1666,1666,1666,1666,1666,1666,1666,1666,1666,1666,1666,1666,1666,1666,1666,1666,1666,1666,1666,1666,1666,1666,1666,1666,1666,1666,1666,1666,1668,1668,1668,
49284,49988,50520,51536,51776,51968,51972,51988,51996,52252,52252,54300,54302,54938,54940,55004,55004,55008,55012,55012,55014,55014,55014,55014,55014,55014,56934,56998,56998,56998,56998,56998,56998,56998,56998,56998,57054,57054,57054,57054,57054,57070,57134,57142,57142,57142,57142,57142,57142,57142,57142,57142,57142,57142,57142,57144,57144,57144,57144,57144,57144,57144,57144,57192,57192,57192,57204,57208,57208,57208,57208,57208,57720,57720,57720,57720,57720,57720,57720,57720,57720,57720,57720,57720,57720,57720,57720,57720,57720,57720,57720,57720,57720,57720,57720,57720,57720,57720,58232,58232,58232,58232,58232,58232,58232,58232,58232,58232,58232,58232,58232,58232,58232,58232,58232,58232,58232,58232,58232,58232,58232,58232,58232,58232,58232,58232,58232,58232,58232,58232,58232,58232,58232,58232,58232,58232,58232,58232,58232,61128,61128,61128,61128,61128,61128,61128,61128,61128,61160,61160,61160,61160,61192,61192,61216,61216,61216,61216,61216,61216,61216,61216,61216,61216,61216,61216,61216,61216,61216,61216,61216,61216,61216,61216,61216,61216,61216,61216,61216,61216,61216,61216,61216,61216,61216,61216,61216,61216,61216,61216,61216,61216,61216,61216,61216,61216,61216,61216,61224,61224,61224,
0.714844,0.722656,0.728516,0.735352,0.742188,0.746094,0.747070,0.748047,0.749023,0.752930,0.752930,0.760742,0.761719,0.764648,0.765625,0.767578,0.767578,0.768555,0.770508,0.770508,0.771484,0.771484,0.771484,0.771484,0.771484,0.771484,0.775391,0.777344,0.777344,0.777344,0.777344,0.777344,0.777344,0.777344,0.777344,0.777344,0.778320,0.778320,0.778320,0.778320,0.778320,0.779297,0.781250,0.782227,0.782227,0.782227,0.782227,0.782227,0.782227,0.782227,0.782227,0.782227,0.782227,0.782227,0.782227,0.783203,0.783203,0.783203,0.783203,0.783203,0.783203,0.783203,0.783203,0.786133,0.786133,0.786133,0.787109,0.788086,0.788086,0.788086,0.788086,0.788086,0.791992,0.791992,0.791992,0.791992,0.791992,0.791992,0.791992,0.791992,0.791992,0.791992,0.791992,0.791992,0.791992,0.791992,0.791992,0.791992,0.791992,0.791992,0.791992,0.791992,0.791992,0.791992,0.791992,0.791992,0.791992,0.791992,0.795898,0.795898,0.795898,0.795898,0.795898,0.795898,0.795898,0.795898,0.795898,0.795898,0.795898,0.795898,0.795898,0.795898,0.795898,0.795898,0.795898,0.795898,0.795898,0.795898,0.795898,0.795898,0.795898,0.795898,0.795898,0.795898,0.795898,0.795898,0.795898,0.795898,0.795898,0.795898,0.795898,0.795898,0.795898,0.795898,0.795898,0.795898,0.795898,0.795898,0.795898,0.810547,0.810547,0.810547,0.810547,0.810547,0.810547,0.810547,0.810547,0.810547,0.811523,0.811523,0.811523,0.811523,0.812500,0.812500,0.813477,0.813477,0.813477,0.813477,0.813477,0.813477,0.813477,0.813477,0.813477,0.813477,0.813477,0.813477,0.813477,0.813477,0.813477,0.813477,0.813477,0.813477,0.813477,0.813477,0.813477,0.813477,0.813477,0.813477,0.813477,0.813477,0.813477,0.813477,0.813477,0.813477,0.813477,0.813477,0.813477,0.813477,0.813477,0.813477,0.813477,0.813477,0.813477,0.813477,0.813477,0.813477,0.813477,0.813477,0.814453,0.814453,0.814453,
0.752014,0.762756,0.770874,0.786377,0.790039,0.792969,0.793030,0.793274,0.793396,0.797302,0.797302,0.828552,0.828583,0.838287,0.838318,0.839294,0.839294,0.839355,0.839417,0.839417,0.839447,0.839447,0.839447,0.839447,0.839447,0.839447,0.868744,0.869720,0.869720,0.869720,0.869720,0.869720,0.869720,0.869720,0.869720,0.869720,0.870575,0.870575,0.870575,0.870575,0.870575,0.870819,0.871796,0.871918,0.871918,0.871918,0.871918,0.871918,0.871918,0.871918,0.871918,0.871918,0.871918,0.871918,0.871918,0.871948,0.871948,0.871948,0.871948,0.871948,0.871948,0.871948,0.871948,0.872681,0.872681,0.872681,0.872864,0.872925,0.872925,0.872925,0.872925,0.872925,0.880737,0.880737,0.880737,0.880737,0.880737,0.880737,0.880737,0.880737,0.880737,0.880737,0.880737,0.880737,0.880737,0.880737,0.880737,0.880737,0.880737,0.880737,0.880737,0.880737,0.880737,0.880737,0.880737,0.880737,0.880737,0.880737,0.888550,0.888550,0.888550,0.888550,0.888550,0.888550,0.888550,0.888550,0.888550,0.888550,0.888550,0.888550,0.888550,0.888550,0.888550,0.888550,0.888550,0.888550,0.888550,0.888550,0.888550,0.888550,0.888550,0.888550,0.888550,0.888550,0.888550,0.888550,0.888550,0.888550,0.888550,0.888550,0.888550,0.888550,0.888550,0.888550,0.888550,0.888550,0.888550,0.888550,0.888550,0.932739,0.932739,0.932739,0.932739,0.932739,0.932739,0.932739,0.932739,0.932739,0.933228,0.933228,0.933228,0.933228,0.933716,0.933716,0.934082,0.934082,0.934082,0.934082,0.934082,0.934082,0.934082,0.934082,0.934082,0.934082,0.934082,0.934082,0.934082,0.934082,0.934082,0.934082,0.934082,0.934082,0.934082,0.934082,0.934082,0.934082,0.934082,0.934082,0.934082,0.934082,0.934082,0.934082,0.934082,0.934082,0.934082,0.934082,0.934082,0.934082,0.934082,0.934082,0.934082,0.934082,0.934082,0.934082,0.934082,0.934082,0.934082,0.934082,0.934204,0.934204,0.934204,
