kBasicLog: 1
kBreedEdges: 1
kBreedGates: 1
kBreedSample: 8
kBreedType: 0
kChildren: 100
kEvaluations: 20000
kGens: 100
kLegalGateTypes: 1
kLog: 1
kLogIter: 1
kMaxGenStagnation: 300
kMessUp: 0
kMutatePercent: 1
kMutationMode: 1
kMutations: 6
kPruneOrphans: 1
kSaveDotGraphs: 1
kSeed: 0
kThreads: 4
kThreshold: 1000
kTruthWeight: 1
columns: 13
rows: 5,5,5,5,5,5,5,5,5,5,5,5,4
goal_correct_count: 256
goal_total_count: 2048
goal_total_weighted_count: 65536
~
gates_used: 34
total_count: 1590
total_weighted_count: 0
percent: 0.776367
weighted_percent: 0.000000
evaluations: 20100
~
1396,1404,1468,1478,1486,1494,1494,1498,1498,1498,1500,1502,1502,1502,1502,1502,1502,1502,1506,1514,1514,1514,1514,1514,1518,1518,1518,1518,1518,1518,1518,1518,1518,1518,1520,1522,1522,1524,1528,1528,1530,1530,1530,1530,1530,1530,1530,1530,1532,1532,1532,1532,1532,1532,1532,1532,1536,1538,1538,1538,1538,1538,1542,1542,1542,1542,1542,1542,1542,1542,1542,1542,1542,1542,1542,1542,1542,1542,1542,1542,1542,1542,1542,1542,1574,1574,1574,1574,1574,1574,1574,1574,1574,1574,1574,1574,1574,1574,1574,1574,1574,1574,1574,1574,1574,1574,1578,1578,1578,1578,1578,1578,1578,1578,1578,1578,1578,1578,1578,1578,1578,1582,1582,1582,1582,1582,1582,1582,1582,1582,1582,1582,1582,1590,1590,1590,1590,1590,1590,1590,1590,1590,1590,1590,1590,1590,1590,1590,1590,1590,1590,1590,1590,1590,1590,1590,1590,1590,1590,1590,1590,1590,1590,1590,1590,1590,1590,1590,1590,1590,1590,1590,1590,1590,1590,1590,1590,1590,1590,1590,1590,1590,1590,1590,1590,1590,1590,1590,1590,1590,1590,1590,1590,1590,1590,1590,1590,1590,1590,1590,1590,
45024,45142,53292,54268,54396,54460,54460,54492,54492,54492,54500,54508,54508,54508,54508,54508,54508,54508,54540,55308,55308,55308,55308,55308,55532,55532,55532,55532,55532,55532,55532,55532,55532,55532,55540,55548,55548,55556,55564,55564,55572,55572,55572,55572,55572,55572,55572,55572,55580,55580,55580,55580,55580,55580,55580,55580,55644,55648,55648,55648,55648,55648,55712,55712,55712,55712,55712,55712,55712,55712,55712,55712,55712,55712,55712,55712,55712,55712,55712,55712,55712,55712,55712,55712,57760,57760,57760,57760,57760,57760,57760,57760,57760,57760,57760,57760,57760,57760,57760,57760,57760,57760,57760,57760,57760,57760,57792,57792,57792,57792,57792,57792,57792,57792,57792,57792,57792,57792,57792,57792,57792,58032,58032,58032,58032,58032,58032,58032,58032,58032,58032,58032,58032,58288,58288,58288,58288,58288,58288,58288,58288,58288,58288,58288,58288,58288,58288,58288,58288,58288,58288,58288,58288,58288,58288,58288,58288,58288,58288,58288,58288,58288,58288,58288,58288,58288,58288,58288,58288,58288,58288,58288,58288,58288,58288,58288,58288,58288,58288,58288,58288,58288,58288,58288,58288,58288,58288,58288,58288,58288,58288,58288,58288,58288,58288,58288,58288,58288,58288,58288,58288,
0.681641,0.685547,0.716797,0.721680,0.725586,0.729492,0.729492,0.731445,0.731445,0.731445,0.732422,0.733398,0.733398,0.733398,0.733398,0.733398,0.733398,0.733398,0.735352,0.739258,0.739258,0.739258,0.739258,0.739258,0.741211,0.741211,0.741211,0.741211,0.741211,0.741211,0.741211,0.741211,0.741211,0.741211,0.742188,0.743164,0.743164,0.744141,0.746094,0.746094,0.747070,0.747070,0.747070,0.747070,0.747070,0.747070,0.747070,0.747070,0.748047,0.748047,0.748047,0.748047,0.748047,0.748047,0.748047,0.748047,0.750000,0.750977,0.750977,0.750977,0.750977,0.750977,0.752930,0.752930,0.752930,0.752930,0.752930,0.752930,0.752930,0.752930,0.752930,0.752930,0.752930,0.752930,0.752930,0.752930,0.752930,0.752930,0.752930,0.752930,0.752930,0.752930,0.752930,0.752930,0.768555,0.768555,0.768555,0.768555,0.768555,0.768555,0.768555,0.768555,0.768555,0.768555,0.768555,0.768555,0.768555,0.768555,0.768555,0.768555,0.768555,0.768555,0.768555,0.768555,0.768555,0.768555,0.770508,0.770508,0.770508,0.770508,0.770508,0.770508,0.770508,0.770508,0.770508,0.770508,0.770508,0.770508,0.770508,0.770508,0.770508,0.772461,0.772461,0.772461,0.772461,0.772461,0.772461,0.772461,0.772461,0.772461,0.772461,0.772461,0.772461,0.776367,0.776367,0.776367,0.776367,0.776367,0.776367,0.776367,0.776367,0.776367,0.776367,0.776367,0.776367,0.776367,0.776367,0.776367,0.776367,0.776367,0.776367,0.776367,0.776367,0.776367,0.776367,0.776367,0.776367,0.776367,0.776367,0.776367,0.776367,0.776367,0.776367,0.776367,0.776367,0.776367,0.776367,0.776367,0.776367,0.776367,0.776367,0.776367,0.776367,0.776367,0.776367,0.776367,0.776367,0.776367,0.776367,0.776367,0.776367,0.776367,0.776367,0.776367,0.776367,0.776367,0.776367,0.776367,0.776367,0.776367,0.776367,0.776367,0.776367,0.776367,0.776367,0.776367,0.776367,0.776367,0.776367,0.776367,0.776367,
0.687012,0.688812,0.813171,0.828064,0.830017,0.830994,0.830994,0.831482,0.831482,0.831482,0.831604,0.831726,0.831726,0.831726,0.831726,0.831726,0.831726,0.831726,0.832214,0.843933,0.843933,0.843933,0.843933,0.843933,0.847351,0.847351,0.847351,0.847351,0.847351,0.847351,0.847351,0.847351,0.847351,0.847351,0.847473,0.847595,0.847595,0.847717,0.847839,0.847839,0.847961,0.847961,0.847961,0.847961,0.847961,0.847961,0.847961,0.847961,0.848083,0.848083,0.848083,0.848083,0.848083,0.848083,0.848083,0.848083,0.849060,0.849121,0.849121,0.849121,0.849121,0.849121,0.850098,0.850098,0.850098,0.850098,0.850098,0.850098,0.850098,0.850098,0.850098,0.850098,0.850098,0.850098,0.850098,0.850098,0.850098,0.850098,0.850098,0.850098,0.850098,0.850098,0.850098,0.850098,0.881348,0.881348,0.881348,0.881348,0.881348,0.881348,0.881348,0.881348,0.881348,0.881348,0.881348,0.881348,0.881348,0.881348,0.881348,0.881348,0.881348,0.881348,0.881348,0.881348,0.881348,0.881348,0.881836,0.881836,0.881836,0.881836,0.881836,0.881836,0.881836,0.881836,0.881836,0.881836,0.881836,0.881836,0.881836,0.881836,0.881836,0.885498,0.885498,0.885498,0.885498,0.885498,0.885498,0.885498,0.885498,0.885498,0.885498,0.885498,0.885498,0.889404,0.889404,0.889404,0.889404,0.889404,0.889404,0.889404,0.889404,0.889404,0.889404,0.889404,0.889404,0.889404,0.889404,0.889404,0.889404,0.889404,0.889404,0.889404,0.889404,0.889404,0.889404,0.889404,0.889404,0.889404,0.889404,0.889404,0.889404,0.889404,0.889404,0.889404,0.889404,0.889404,0.889404,0.889404,0.889404,0.889404,0.889404,0.889404,0.889404,0.889404,0.889404,0.889404,0.889404,0.889404,0.889404,0.889404,0.889404,0.889404,0.889404,0.889404,0.889404,0.889404,0.889404,0.889404,0.889404,0.889404,0.889404,0.889404,0.889404,0.889404,0.889404,0.889404,0.889404,0.889404,0.889404,0.889404,0.889404,
