kBasicLog: 1
kBreedEdges: 1
kBreedGates: 1
kBreedSample: 8
kBreedType: 0
kChildren: 100
kEvaluations: 20000
kGens: 100
kLegalGateTypes: 1
kLog: 1
kLogIter: 9
kMaxGenStagnation: 300
kMessUp: 0
kMutatePercent: 1
kMutationMode: 1
kMutations: 6
kPruneOrphans: 1
kSaveDotGraphs: 1
kSeed: 0
kThreads: 4
kThreshold: 1000
kTruthWeight: 1
columns: 13
rows: 5,5,5,5,5,5,5,5,5,5,5,5,4
goal_correct_count: 256
goal_total_count: 2048
goal_total_weighted_count: 65536
~
gates_used: 30
total_count: 1598
total_weighted_count: 0
percent: 0.780273
weighted_percent: 0.000000
evaluations: 20100
~
1434,1466,1490,1498,1508,1530,1530,1532,1540,1556,1556,1556,1560,1568,1568,1568,1568,1568,1568,1568,1574,1574,1574,1574,1574,1578,1578,1578,1578,1578,1578,1580,1580,1580,1580,1580,1582,1586,1586,1586,1586,1586,1586,1586,1586,1586,1586,1586,1586,1586,1586,1586,1586,1586,1586,1586,1586,1586,1586,1586,1586,1586,1586,1586,1586,1588,1588,1590,1590,1590,1590,1590,1590,1590,1590,1590,1590,1590,1590,1590,1590,1590,1590,1590,1590,1590,1590,1590,1590,1590,1590,1590,1590,1590,1590,1590,1590,1590,1590,1590,1590,1590,1590,1590,1590,1590,1590,1590,1590,1590,1590,1590,1590,1590,1590,1590,1590,1590,1590,1590,1590,1590,1590,1590,1590,1590,1590,1590,1590,1590,1590,1590,1590,1590,1590,1590,1590,1590,1590,1590,1590,1590,1590,1592,1592,1592,1592,1592,1592,1592,1592,1592,1592,1592,1592,1592,1592,1592,1592,1592,1592,1592,1592,1598,1598,1598,1598,1598,1598,1598,1598,1598,1598,1598,1598,1598,1598,1598,1598,1598,1598,1598,1598,1598,1598,1598,1598,1598,1598,1598,1598,1598,1598,1598,1598,1598,1598,1598,1598,1598,1598,
47964,54108,55260,55516,55596,55696,55696,55704,55960,56984,56984,56984,56988,56996,56996,56996,56996,56996,56996,56996,57044,57044,57044,57044,57044,57060,57060,57060,57060,57060,57060,57092,57092,57092,57092,57092,57100,57116,57116,57116,57116,57116,57116,57116,57116,57116,57116,57116,57116,57116,57116,57116,57116,57116,57116,57116,57116,57116,57116,57116,57116,57116,57116,57116,57116,57120,57120,57124,57124,57124,57124,57124,57124,57124,57124,57124,57124,57124,57124,57124,57124,57124,57124,57124,57124,57124,57124,57124,57124,57124,57124,57124,57124,57124,57124,57124,57124,57124,57124,57124,57124,57124,57124,57124,57124,57124,57124,57124,57124,57124,57124,57124,57124,57124,57124,57124,57124,57124,57124,57124,57124,57124,57124,57124,57124,57124,57124,57124,57124,57124,57124,57124,57124,57124,57124,57124,57124,57124,57124,57124,57124,57124,57124,57128,57128,57128,57128,57128,57128,57128,57128,57128,57128,57128,57128,57128,57128,57128,57128,57128,57128,57128,57128,57140,57140,57140,57140,57140,57140,57140,57140,57140,57140,57140,57140,57140,57140,57140,57140,57140,57140,57140,57140,57140,57140,57140,57140,57140,57140,57140,57140,57140,57140,57140,57140,57140,57140,57140,57140,57140,57140,
0.700195,0.715820,0.727539,0.731445,0.736328,0.747070,0.747070,0.748047,0.751953,0.759766,0.759766,0.759766,0.761719,0.765625,0.765625,0.765625,0.765625,0.765625,0.765625,0.765625,0.768555,0.768555,0.768555,0.768555,0.768555,0.770508,0.770508,0.770508,0.770508,0.770508,0.770508,0.771484,0.771484,0.771484,0.771484,0.771484,0.772461,0.774414,0.774414,0.774414,0.774414,0.774414,0.774414,0.774414,0.774414,0.774414,0.774414,0.774414,0.774414,0.774414,0.774414,0.774414,0.774414,0.774414,0.774414,0.774414,0.774414,0.774414,0.774414,0.774414,0.774414,0.774414,0.774414,0.774414,0.774414,0.775391,0.775391,0.776367,0.776367,0.776367,0.776367,0.776367,0.776367,0.776367,0.776367,0.776367,0.776367,0.776367,0.776367,0.776367,0.776367,0.776367,0.776367,0.776367,0.776367,0.776367,0.776367,0.776367,0.776367,0.776367,0.776367,0.776367,0.776367,0.776367,0.776367,0.776367,0.776367,0.776367,0.776367,0.776367,0.776367,0.776367,0.776367,0.776367,0.776367,0.776367,0.776367,0.776367,0.776367,0.776367,0.776367,0.776367,0.776367,0.776367,0.776367,0.776367,0.776367,0.776367,0.776367,0.776367,0.776367,0.776367,0.776367,0.776367,0.776367,0.776367,0.776367,0.776367,0.776367,0.776367,0.776367,0.776367,0.776367,0.776367,0.776367,0.776367,0.776367,0.776367,0.776367,0.776367,0.776367,0.776367,0.776367,0.777344,0.777344,0.777344,0.777344,0.777344,0.777344,0.777344,0.777344,0.777344,0.777344,0.777344,0.777344,0.777344,0.777344,0.777344,0.777344,0.777344,0.777344,0.777344,0.777344,0.780273,0.780273,0.780273,0.780273,0.780273,0.780273,0.780273,0.780273,0.780273,0.780273,0.780273,0.780273,0.780273,0.780273,0.780273,0.780273,0.780273,0.780273,0.780273,0.780273,0.780273,0.780273,0.780273,0.780273,0.780273,0.780273,0.780273,0.780273,0.780273,0.780273,0.780273,0.780273,0.780273,0.780273,0.780273,0.780273,0.780273,0.780273,
0.731873,0.825623,0.843201,0.847107,0.848328,0.849854,0.849854,0.849976,0.853882,0.869507,0.869507,0.869507,0.869568,0.869690,0.869690,0.869690,0.869690,0.869690,0.869690,0.869690,0.870422,0.870422,0.870422,0.870422,0.870422,0.870667,0.870667,0.870667,0.870667,0.870667,0.870667,0.871155,0.871155,0.871155,0.871155,0.871155,0.871277,0.871521,0.871521,0.871521,0.871521,0.871521,0.871521,0.871521,0.871521,0.871521,0.871521,0.871521,0.871521,0.871521,0.871521,0.871521,0.871521,0.871521,0.871521,0.871521,0.871521,0.871521,0.871521,0.871521,0.871521,0.871521,0.871521,0.871521,0.871521,0.871582,0.871582,0.871643,0.871643,0.871643,0.871643,0.871643,0.871643,0.871643,0.871643,0.871643,0.871643,0.871643,0.871643,0.871643,0.871643,0.871643,0.871643,0.871643,0.871643,0.871643,0.871643,0.871643,0.871643,0.871643,0.871643,0.871643,0.871643,0.871643,0.871643,0.871643,0.871643,0.871643,0.871643,0.871643,0.871643,0.871643,0.871643,0.871643,0.871643,0.871643,0.871643,0.871643,0.871643,0.871643,0.871643,0.871643,0.871643,0.871643,0.871643,0.871643,0.871643,0.871643,0.871643,0.871643,0.871643,0.871643,0.871643,0.871643,0.871643,0.871643,0.871643,0.871643,0.871643,0.871643,0.871643,0.871643,0.871643,0.871643,0.871643,0.871643,0.871643,0.871643,0.871643,0.871643,0.871643,0.871643,0.871643,0.871704,0.871704,0.871704,0.871704,0.871704,0.871704,0.871704,0.871704,0.871704,0.871704,0.871704,0.871704,0.871704,0.871704,0.871704,0.871704,0.871704,0.871704,0.871704,0.871704,0.871887,0.871887,0.871887,0.871887,0.871887,0.871887,0.871887,0.871887,0.871887,0.871887,0.871887,0.871887,0.871887,0.871887,0.871887,0.871887,0.871887,0.871887,0.871887,0.871887,0.871887,0.871887,0.871887,0.871887,0.871887,0.871887,0.871887,0.871887,0.871887,0.871887,0.871887,0.871887,0.871887,0.871887,0.871887,0.871887,0.871887,0.871887,
