kBasicLog: 1
kBreedEdges: 1
kBreedGates: 1
kBreedSample: 8
kBreedType: 0
kChildren: 100
kEvaluations: 20000
kGens: 100
kLegalGateTypes: 1
kLog: 1
kLogIter: 5
kMaxGenStagnation: 300
kMessUp: 0
kMutatePercent: 1
kMutationMode: 1
kMutations: 6
kPruneOrphans: 1
kSaveDotGraphs: 1
kSeed: 0
kThreads: 4
kThreshold: 1000
kTruthWeight: 1
columns: 13
rows: 5,5,5,5,5,5,5,5,5,5,5,5,4
goal_correct_count: 256
goal_total_count: 2048
goal_total_weighted_count: 65536
~
gates_used: 34
total_count: 1632
total_weighted_count: 0
percent: 0.796875
weighted_percent: 0.000000
evaluations: 20100
~
1468,1480,1492,1500,1504,1516,1540,1544,1550,1552,1558,1566,1572,1574,1574,1582,1582,1582,1582,1582,1584,1584,1584,1584,1584,1584,1584,1586,1586,1586,1586,1586,1586,1586,1586,1586,1586,1586,1586,1586,1586,1586,1586,1586,1586,1586,1586,1586,1586,1586,1586,1586,1586,1586,1586,1586,1586,1586,1586,1586,1586,1586,1590,1590,1590,1590,1590,1590,1590,1590,1590,1590,1590,1590,1590,1590,1590,1596,1596,1596,1596,1596,1596,1596,1596,1596,1596,1596,1596,1596,1596,1596,1596,1596,1596,1596,1596,1598,1598,1598,1598,1598,1598,1598,1598,1598,1598,1598,1598,1598,1598,1598,1598,1598,1598,1598,1598,1598,1598,1598,1598,1598,1598,1598,1600,1600,1600,1600,1600,1600,1600,1600,1600,1600,1600,1600,1602,1602,1602,1602,1602,1602,1602,1602,1602,1602,1602,1602,1602,1602,1602,1602,1602,1602,1602,1602,1602,1602,1602,1604,1604,1604,1608,1608,1608,1608,1608,1608,1608,1608,1608,1614,1614,1614,1622,1622,1622,1624,1624,1625,1625,1625,1625,1625,1625,1629,1632,1632,1632,1632,1632,1632,1632,1632,1632,1632,1632,1632,1632,1632,1632,
51478,51958,52036,52548,52580,52856,54392,54400,55420,55424,55476,56500,56524,56528,56528,58320,58320,58320,58320,58320,58328,58328,58328,58328,58328,58328,58328,58336,58336,58336,58336,58336,58336,58336,58336,58336,58336,58336,58336,58336,58336,58336,58336,58336,58336,58336,58336,58336,58336,58336,58336,58336,58336,58336,58336,58336,58336,58336,58336,58336,58336,58336,58400,58400,58400,58400,58400,58400,58400,58400,58400,58400,58400,58400,58400,58400,58400,58406,58406,58406,58406,58406,58406,58406,58406,58406,58406,58406,58406,58406,58406,58406,58406,58406,58406,58406,58406,58528,58528,58528,58528,58528,58528,58528,58528,58528,58528,58528,58528,58528,58528,58528,58528,58528,58528,58528,58528,58528,58528,58528,58528,58528,58528,58528,58530,58530,58530,58530,58530,58530,58530,58530,58530,58530,58530,58530,58532,58532,58532,58532,58532,58532,58532,58532,58532,58532,58532,58532,58532,58532,58532,58532,58532,58532,58532,58532,58532,58532,58532,58534,58534,58534,58538,58538,58538,58538,58538,58538,58538,58538,58538,58558,58558,58558,58686,58686,58686,58690,58690,58696,58696,58696,58696,58696,58696,58824,58946,58946,58946,58946,58946,58946,58946,58946,58946,58946,58946,58946,58946,58946,58946,
0.716797,0.722656,0.728516,0.732422,0.734375,0.740234,0.751953,0.753906,0.756836,0.757812,0.760742,0.764648,0.767578,0.768555,0.768555,0.772461,0.772461,0.772461,0.772461,0.772461,0.773438,0.773438,0.773438,0.773438,0.773438,0.773438,0.773438,0.774414,0.774414,0.774414,0.774414,0.774414,0.774414,0.774414,0.774414,0.774414,0.774414,0.774414,0.774414,0.774414,0.774414,0.774414,0.774414,0.774414,0.774414,0.774414,0.774414,0.774414,0.774414,0.774414,0.774414,0.774414,0.774414,0.774414,0.774414,0.774414,0.774414,0.774414,0.774414,0.774414,0.774414,0.774414,0.776367,0.776367,0.776367,0.776367,0.776367,0.776367,0.776367,0.776367,0.776367,0.776367,0.776367,0.776367,0.776367,0.776367,0.776367,0.779297,0.779297,0.779297,0.779297,0.779297,0.779297,0.779297,0.779297,0.779297,0.779297,0.779297,0.779297,0.779297,0.779297,0.779297,0.779297,0.779297,0.779297,0.779297,0.779297,0.780273,0.780273,0.780273,0.780273,0.780273,0.780273,0.780273,0.780273,0.780273,0.780273,0.780273,0.780273,0.780273,0.780273,0.780273,0.780273,0.780273,0.780273,0.780273,0.780273,0.780273,0.780273,0.780273,0.780273,0.780273,0.780273,0.780273,0.781250,0.781250,0.781250,0.781250,0.781250,0.781250,0.781250,0.781250,0.781250,0.781250,0.781250,0.781250,0.782227,0.782227,0.782227,0.782227,0.782227,0.782227,0.782227,0.782227,0.782227,0.782227,0.782227,0.782227,0.782227,0.782227,0.782227,0.782227,0.782227,0.782227,0.782227,0.782227,0.782227,0.782227,0.782227,0.783203,0.783203,0.783203,0.785156,0.785156,0.785156,0.785156,0.785156,0.785156,0.785156,0.785156,0.785156,0.788086,0.788086,0.788086,0.791992,0.791992,0.791992,0.792969,0.792969,0.793457,0.793457,0.793457,0.793457,0.793457,0.793457,0.795410,0.796875,0.796875,0.796875,0.796875,0.796875,0.796875,0.796875,0.796875,0.796875,0.796875,0.796875,0.796875,0.796875,0.796875,0.796875,
0.785492,0.792816,0.794006,0.801819,0.802307,0.806519,0.829956,0.830078,0.845642,0.845703,0.846497,0.862122,0.862488,0.862549,0.862549,0.889893,0.889893,0.889893,0.889893,0.889893,0.890015,0.890015,0.890015,0.890015,0.890015,0.890015,0.890015,0.890137,0.890137,0.890137,0.890137,0.890137,0.890137,0.890137,0.890137,0.890137,0.890137,0.890137,0.890137,0.890137,0.890137,0.890137,0.890137,0.890137,0.890137,0.890137,0.890137,0.890137,0.890137,0.890137,0.890137,0.890137,0.890137,0.890137,0.890137,0.890137,0.890137,0.890137,0.890137,0.890137,0.890137,0.890137,0.891113,0.891113,0.891113,0.891113,0.891113,0.891113,0.891113,0.891113,0.891113,0.891113,0.891113,0.891113,0.891113,0.891113,0.891113,0.891205,0.891205,0.891205,0.891205,0.891205,0.891205,0.891205,0.891205,0.891205,0.891205,0.891205,0.891205,0.891205,0.891205,0.891205,0.891205,0.891205,0.891205,0.891205,0.891205,0.893066,0.893066,0.893066,0.893066,0.893066,0.893066,0.893066,0.893066,0.893066,0.893066,0.893066,0.893066,0.893066,0.893066,0.893066,0.893066,0.893066,0.893066,0.893066,0.893066,0.893066,0.893066,0.893066,0.893066,0.893066,0.893066,0.893066,0.893097,0.893097,0.893097,0.893097,0.893097,0.893097,0.893097,0.893097,0.893097,0.893097,0.893097,0.893097,0.893127,0.893127,0.893127,0.893127,0.893127,0.893127,0.893127,0.893127,0.893127,0.893127,0.893127,0.893127,0.893127,0.893127,0.893127,0.893127,0.893127,0.893127,0.893127,0.893127,0.893127,0.893127,0.893127,0.893158,0.893158,0.893158,0.893219,0.893219,0.893219,0.893219,0.893219,0.893219,0.893219,0.893219,0.893219,0.893524,0.893524,0.893524,0.895477,0.895477,0.895477,0.895538,0.895538,0.895630,0.895630,0.895630,0.895630,0.895630,0.895630,0.897583,0.899445,0.899445,0.899445,0.899445,0.899445,0.899445,0.899445,0.899445,0.899445,0.899445,0.899445,0.899445,0.899445,0.899445,0.899445,
