kBasicLog: 1
kBreedEdges: 1
kBreedGates: 1
kBreedSample: 8
kBreedType: 0
kChildren: 100
kEvaluations: 20000
kGens: 100
kLegalGateTypes: 1
kLog: 1
kLogIter: 3
kMaxGenStagnation: 300
kMessUp: 0
kMutatePercent: 1
kMutationMode: 1
kMutations: 6
kPruneOrphans: 1
kSaveDotGraphs: 1
kSeed: 0
kThreads: 4
kThreshold: 1000
kTruthWeight: 1
columns: 13
rows: 5,5,5,5,5,5,5,5,5,5,5,5,4
goal_correct_count: 256
goal_total_count: 2048
goal_total_weighted_count: 65536
~
gates_used: 31
total_count: 1636
total_weighted_count: 0
percent: 0.798828
weighted_percent: 0.000000
evaluations: 20100
~
1460,1492,1508,1526,1528,1530,1534,1540,1540,1548,1554,1558,1560,1560,1562,1562,1562,1562,1562,1584,1588,1590,1596,1596,1598,1604,1606,1606,1606,1610,1610,1612,1614,1614,1614,1614,1614,1614,1614,1614,1614,1614,1614,1614,1614,1614,1614,1614,1614,1614,1614,1614,1614,1614,1616,1616,1616,1616,1616,1616,1616,1618,1618,1618,1618,1618,1618,1618,1618,1618,1618,1618,1618,1618,1618,1618,1618,1618,1618,1618,1618,1618,1618,1618,1618,1618,1618,1618,1618,1618,1618,1618,1618,1618,1618,1618,1618,1618,1618,1630,1630,1630,1630,1630,1630,1630,1630,1630,1630,1630,1630,1632,1632,1632,1632,1632,1632,1632,1632,1632,1632,1632,1632,1632,1632,1632,1632,1632,1632,1632,1632,1632,1632,1632,1632,1632,1632,1632,1632,1632,1632,1632,1632,1632,1632,1632,1632,1632,1632,1632,1632,1632,1632,1632,1632,1632,1632,1632,1632,1632,1632,1632,1632,1632,1632,1632,1632,1632,1632,1632,1632,1632,1632,1632,1632,1632,1632,1632,1632,1632,1634,1634,1636,1636,1636,1636,1636,1636,1636,1636,1636,1636,1636,1636,1636,1636,1636,1636,1636,1636,1636,
50040,54136,54648,54912,54916,54932,55432,55480,55480,55992,56456,56464,56472,56472,56480,56480,56480,56480,56480,58260,58268,58272,58284,58284,58340,58342,58344,58344,58344,58348,58348,58352,58384,58384,58384,58384,58384,58384,58384,58384,58384,58384,58384,58384,58384,58384,58384,58384,58384,58384,58384,58384,58384,58384,58386,58386,58386,58386,58386,58386,58386,58394,58394,58394,58394,58394,58394,58394,58394,58394,58394,58394,58394,58394,58394,58394,58394,58394,58394,58394,58394,58394,58394,58394,58394,58394,58394,58394,58394,58394,58394,58394,58394,58394,58394,58394,58394,58394,58394,59162,59162,59162,59162,59162,59162,59162,59162,59162,59162,59162,59162,59178,59178,59178,59178,59178,59178,59178,59178,59178,59178,59178,59178,59178,59178,59178,59178,59178,59178,59178,59178,59178,59178,59178,59178,59178,59178,59178,59178,59178,59178,59178,59178,59178,59178,59178,59178,59178,59178,59178,59178,59178,59178,59178,59178,59178,59178,59178,59178,59178,59178,59178,59178,59178,59178,59178,59178,59178,59178,59178,59178,59178,59178,59178,59178,59178,59178,59178,59178,59178,59194,59194,59210,59210,59210,59210,59210,59210,59210,59210,59210,59210,59210,59210,59210,59210,59210,59210,59210,59210,59210,
0.712891,0.728516,0.736328,0.745117,0.746094,0.747070,0.749023,0.751953,0.751953,0.755859,0.758789,0.760742,0.761719,0.761719,0.762695,0.762695,0.762695,0.762695,0.762695,0.773438,0.775391,0.776367,0.779297,0.779297,0.780273,0.783203,0.784180,0.784180,0.784180,0.786133,0.786133,0.787109,0.788086,0.788086,0.788086,0.788086,0.788086,0.788086,0.788086,0.788086,0.788086,0.788086,0.788086,0.788086,0.788086,0.788086,0.788086,0.788086,0.788086,0.788086,0.788086,0.788086,0.788086,0.788086,0.789062,0.789062,0.789062,0.789062,0.789062,0.789062,0.789062,0.790039,0.790039,0.790039,0.790039,0.790039,0.790039,0.790039,0.790039,0.790039,0.790039,0.790039,0.790039,0.790039,0.790039,0.790039,0.790039,0.790039,0.790039,0.790039,0.790039,0.790039,0.790039,0.790039,0.790039,0.790039,0.790039,0.790039,0.790039,0.790039,0.790039,0.790039,0.790039,0.790039,0.790039,0.790039,0.790039,0.790039,0.790039,0.795898,0.795898,0.795898,0.795898,0.795898,0.795898,0.795898,0.795898,0.795898,0.795898,0.795898,0.795898,0.796875,0.796875,0.796875,0.796875,0.796875,0.796875,0.796875,0.796875,0.796875,0.796875,0.796875,0.796875,0.796875,0.796875,0.796875,0.796875,0.796875,0.796875,0.796875,0.796875,0.796875,0.796875,0.796875,0.796875,0.796875,0.796875,0.796875,0.796875,0.796875,0.796875,0.796875,0.796875,0.796875,0.796875,0.796875,0.796875,0.796875,0.796875,0.796875,0.796875,0.796875,0.796875,0.796875,0.796875,0.796875,0.796875,0.796875,0.796875,0.796875,0.796875,0.796875,0.796875,0.796875,0.796875,0.796875,0.796875,0.796875,0.796875,0.796875,0.796875,0.796875,0.796875,0.796875,0.796875,0.796875,0.796875,0.796875,0.796875,0.796875,0.797852,0.797852,0.798828,0.798828,0.798828,0.798828,0.798828,0.798828,0.798828,0.798828,0.798828,0.798828,0.798828,0.798828,0.798828,0.798828,0.798828,0.798828,0.798828,0.798828,0.798828,
0.763550,0.826050,0.833862,0.837891,0.837952,0.838196,0.845825,0.846558,0.846558,0.854370,0.861450,0.861572,0.861694,0.861694,0.861816,0.861816,0.861816,0.861816,0.861816,0.888977,0.889099,0.889160,0.889343,0.889343,0.890198,0.890228,0.890259,0.890259,0.890259,0.890320,0.890320,0.890381,0.890869,0.890869,0.890869,0.890869,0.890869,0.890869,0.890869,0.890869,0.890869,0.890869,0.890869,0.890869,0.890869,0.890869,0.890869,0.890869,0.890869,0.890869,0.890869,0.890869,0.890869,0.890869,0.890900,0.890900,0.890900,0.890900,0.890900,0.890900,0.890900,0.891022,0.891022,0.891022,0.891022,0.891022,0.891022,0.891022,0.891022,0.891022,0.891022,0.891022,0.891022,0.891022,0.891022,0.891022,0.891022,0.891022,0.891022,0.891022,0.891022,0.891022,0.891022,0.891022,0.891022,0.891022,0.891022,0.891022,0.891022,0.891022,0.891022,0.891022,0.891022,0.891022,0.891022,0.891022,0.891022,0.891022,0.891022,0.902740,0.902740,0.902740,0.902740,0.902740,0.902740,0.902740,0.902740,0.902740,0.902740,0.902740,0.902740,0.902985,0.902985,0.902985,0.902985,0.902985,0.902985,0.902985,0.902985,0.902985,0.902985,0.902985,0.902985,0.902985,0.902985,0.902985,0.902985,0.902985,0.902985,0.902985,0.902985,0.902985,0.902985,0.902985,0.902985,0.902985,0.902985,0.902985,0.902985,0.902985,0.902985,0.902985,0.902985,0.902985,0.902985,0.902985,0.902985,0.902985,0.902985,0.902985,0.902985,0.902985,0.902985,0.902985,0.902985,0.902985,0.902985,0.902985,0.902985,0.902985,0.902985,0.902985,0.902985,0.902985,0.902985,0.902985,0.902985,0.902985,0.902985,0.902985,0.902985,0.902985,0.902985,0.902985,0.902985,0.902985,0.902985,0.902985,0.902985,0.902985,0.903229,0.903229,0.903473,0.903473,0.903473,0.903473,0.903473,0.903473,0.903473,0.903473,0.903473,0.903473,0.903473,0.903473,0.903473,0.903473,0.903473,0.903473,0.903473,0.903473,0.903473,
