kBasicLog: 1
kBreedEdges: 1
kBreedGates: 1
kBreedSample: 4
kBreedType: 1
kChildren: 100
kEvaluations: 30000
kGens: 100
kLegalGateTypes: 1
kLog: 1
kLogIter: 0
kMaxGenStagnation: 300
kMessUp: 0
kMutatePercent: 5
kMutationMode: 2
kMutations: 16
kPruneOrphans: 1
kSaveDotGraphs: 1
kSeed: 0
kThreads: 4
kThreshold: 1000
kTruthWeight: 1
columns: 32
rows: 2,2,2,2,2,2,2,2,2,2,2,2,2,2,2,2,2,2,2,2,2,2,2,2,2,2,2,2,2,2,2,2
goal_correct_count: 256
goal_total_count: 2048
goal_total_weighted_count: 65536
~
gates_used: 28
total_count: 1504
total_weighted_count: 0
percent: 0.734375
weighted_percent: 0.000000
evaluations: 30100
~
1382,1382,1384,1390,1390,1396,1404,1390,1398,1418,1398,1398,1398,1394,1402,1418,1398,1408,1408,1408,1412,1412,1412,1412,1412,1412,1412,1406,1406,1410,1410,1410,1410,1410,1406,1406,1406,1412,1412,1418,1418,1418,1418,1418,1410,1410,1410,1420,1410,1430,1426,1426,1426,1458,1436,1432,1440,1440,1426,1438,1424,1442,1450,1426,1426,1418,1446,1442,1450,1454,1458,1458,1458,1462,1462,1462,1462,1462,1462,1474,1458,1458,1458,1462,1446,1446,1442,1436,1458,1460,1458,1458,1458,1474,1464,1458,1474,1490,1490,1490,1490,1474,1480,1474,1482,1490,1490,1506,1490,1490,1496,1490,1492,1492,1490,1490,1490,1490,1490,1494,1494,1494,1494,1494,1510,1510,1510,1510,1510,1510,1510,1516,1510,1512,1510,1510,1510,1510,1510,1524,1512,1510,1516,1516,1516,1516,1516,1512,1512,1512,1512,1512,1512,1512,1512,1512,1512,1512,1512,1512,1512,1512,1512,1494,1494,1516,1494,1490,1490,1490,1490,1490,1490,1490,1490,1490,1490,1498,1498,1498,1498,1498,1498,1498,1498,1498,1498,1498,1498,1498,1502,1502,1502,1502,1502,1502,1494,1494,1494,1494,1494,1494,1494,1494,1494,1494,1494,1494,1494,1494,1494,1494,1494,1494,1494,1494,1494,1498,1494,1494,1498,1498,1498,1498,1498,1498,1498,1498,1498,1498,1498,1498,1498,1494,1494,1496,1494,1494,1494,1494,1494,1498,1500,1490,1490,1490,1490,1490,1490,1494,1490,1494,1490,1490,1490,1494,1494,1494,1494,1494,1494,1494,1494,1494,1494,1494,1494,1494,1494,1494,1494,1494,1494,1494,1494,1494,1494,1494,1490,1490,1494,1494,1494,1494,1504,1494,1494,1494,1494,1494,1494,1496,1496,1496,1496,1498,1496,1500,1496,1496,1504,
44572,44572,44580,45004,45004,45100,45648,45004,45260,46092,45260,45260,45260,45132,45520,46108,45516,45676,45676,45676,45740,45740,45740,45740,45740,45740,45740,45804,45804,45836,45836,45836,45836,45836,45804,45820,45820,45844,45844,45964,45964,45964,45964,46748,46524,46524,46524,46956,46524,47100,47068,47068,47068,51164,47140,47108,47364,47364,49244,48876,47348,49116,50908,47068,47068,46812,49148,49244,51036,51068,51164,51164,51164,51196,51196,51196,51196,51196,51196,52188,51164,51164,51164,51196,49148,49148,50780,47972,51036,51172,51164,51164,51164,53212,52724,52700,54748,54236,54236,54236,54236,53724,53748,53724,55004,54236,54236,56284,54236,54236,54260,54236,54244,54244,54236,54236,54236,54236,54236,54268,54268,54268,54268,54268,56316,56316,56316,56444,56316,56316,56316,56340,56316,56324,56316,56316,56316,56316,56316,56596,56324,56316,56340,56340,56340,56340,56340,56324,56324,56324,56324,56324,56324,56324,56324,56324,56324,56324,56324,56324,56324,56324,56324,55292,55292,56340,55292,55260,55260,55260,55260,55260,55260,55260,55260,55260,55260,55324,55324,55324,55324,55324,55324,55324,55324,55324,55324,55324,55324,55324,55388,55388,55388,55388,55388,55388,55324,55324,55324,55324,55324,55324,55324,55324,55324,55324,55324,55324,55324,55324,55324,55324,55324,55324,55324,55324,55324,55388,55324,55324,55388,55388,55388,55388,55388,55388,55388,55388,55388,55388,55388,55388,55388,55292,55292,55300,55292,55292,55292,55292,55292,55388,55300,55260,55260,55260,55260,55260,55260,55284,55260,55276,55260,55260,55260,55276,55276,55276,55276,55276,55276,55276,55276,55276,55276,55276,55276,55276,55276,55276,55276,55276,55276,55276,55276,55276,55276,55276,55260,55260,55276,55276,55276,55276,55344,55276,55276,55292,55276,55276,55276,55280,55280,55280,55280,55284,55280,55312,55280,55280,55344,
0.674805,0.674805,0.675781,0.678711,0.678711,0.681641,0.685547,0.678711,0.682617,0.692383,0.682617,0.682617,0.682617,0.680664,0.684570,0.692383,0.682617,0.687500,0.687500,0.687500,0.689453,0.689453,0.689453,0.689453,0.689453,0.689453,0.689453,0.686523,0.686523,0.688477,0.688477,0.688477,0.688477,0.688477,0.686523,0.686523,0.686523,0.689453,0.689453,0.692383,0.692383,0.692383,0.692383,0.692383,0.688477,0.688477,0.688477,0.693359,0.688477,0.698242,0.696289,0.696289,0.696289,0.711914,0.701172,0.699219,0.703125,0.703125,0.696289,0.702148,0.695312,0.704102,0.708008,0.696289,0.696289,0.692383,0.706055,0.704102,0.708008,0.709961,0.711914,0.711914,0.711914,0.713867,0.713867,0.713867,0.713867,0.713867,0.713867,0.719727,0.711914,0.711914,0.711914,0.713867,0.706055,0.706055,0.704102,0.701172,0.711914,0.712891,0.711914,0.711914,0.711914,0.719727,0.714844,0.711914,0.719727,0.727539,0.727539,0.727539,0.727539,0.719727,0.722656,0.719727,0.723633,0.727539,0.727539,0.735352,0.727539,0.727539,0.730469,0.727539,0.728516,0.728516,0.727539,0.727539,0.727539,0.727539,0.727539,0.729492,0.729492,0.729492,0.729492,0.729492,0.737305,0.737305,0.737305,0.737305,0.737305,0.737305,0.737305,0.740234,0.737305,0.738281,0.737305,0.737305,0.737305,0.737305,0.737305,0.744141,0.738281,0.737305,0.740234,0.740234,0.740234,0.740234,0.740234,0.738281,0.738281,0.738281,0.738281,0.738281,0.738281,0.738281,0.738281,0.738281,0.738281,0.738281,0.738281,0.738281,0.738281,0.738281,0.738281,0.729492,0.729492,0.740234,0.729492,0.727539,0.727539,0.727539,0.727539,0.727539,0.727539,0.727539,0.727539,0.727539,0.727539,0.731445,0.731445,0.731445,0.731445,0.731445,0.731445,0.731445,0.731445,0.731445,0.731445,0.731445,0.731445,0.731445,0.733398,0.733398,0.733398,0.733398,0.733398,0.733398,0.729492,0.729492,0.729492,0.729492,0.729492,0.729492,0.729492,0.729492,0.729492,0.729492,0.729492,0.729492,0.729492,0.729492,0.729492,0.729492,0.729492,0.729492,0.729492,0.729492,0.729492,0.731445,0.729492,0.729492,0.731445,0.731445,0.731445,0.731445,0.731445,0.731445,0.731445,0.731445,0.731445,0.731445,0.731445,0.731445,0.731445,0.729492,0.729492,0.730469,0.729492,0.729492,0.729492,0.729492,0.729492,0.731445,0.732422,0.727539,0.727539,0.727539,0.727539,0.727539,0.727539,0.729492,0.727539,0.729492,0.727539,0.727539,0.727539,0.729492,0.729492,0.729492,0.729492,0.729492,0.729492,0.729492,0.729492,0.729492,0.729492,0.729492,0.729492,0.729492,0.729492,0.729492,0.729492,0.729492,0.729492,0.729492,0.729492,0.729492,0.729492,0.729492,0.727539,0.727539,0.729492,0.729492,0.729492,0.729492,0.734375,0.729492,0.729492,0.729492,0.729492,0.729492,0.729492,0.730469,0.730469,0.730469,0.730469,0.731445,0.730469,0.732422,0.730469,0.730469,0.734375,
0.680115,0.680115,0.680237,0.686707,0.686707,0.688171,0.696533,0.686707,0.690613,0.703308,0.690613,0.690613,0.690613,0.688660,0.694580,0.703552,0.694519,0.696960,0.696960,0.696960,0.697937,0.697937,0.697937,0.697937,0.697937,0.697937,0.697937,0.698914,0.698914,0.699402,0.699402,0.699402,0.699402,0.699402,0.698914,0.699158,0.699158,0.699524,0.699524,0.701355,0.701355,0.701355,0.701355,0.713318,0.709900,0.709900,0.709900,0.716492,0.709900,0.718689,0.718201,0.718201,0.718201,0.780701,0.719299,0.718811,0.722717,0.722717,0.751404,0.745789,0.722473,0.749451,0.776794,0.718201,0.718201,0.714294,0.749939,0.751404,0.778748,0.779236,0.780701,0.780701,0.780701,0.781189,0.781189,0.781189,0.781189,0.781189,0.781189,0.796326,0.780701,0.780701,0.780701,0.781189,0.749939,0.749939,0.774841,0.731995,0.778748,0.780823,0.780701,0.780701,0.780701,0.811951,0.804504,0.804138,0.835388,0.827576,0.827576,0.827576,0.827576,0.819763,0.820129,0.819763,0.839294,0.827576,0.827576,0.858826,0.827576,0.827576,0.827942,0.827576,0.827698,0.827698,0.827576,0.827576,0.827576,0.827576,0.827576,0.828064,0.828064,0.828064,0.828064,0.828064,0.859314,0.859314,0.859314,0.861267,0.859314,0.859314,0.859314,0.859680,0.859314,0.859436,0.859314,0.859314,0.859314,0.859314,0.859314,0.863586,0.859436,0.859314,0.859680,0.859680,0.859680,0.859680,0.859680,0.859436,0.859436,0.859436,0.859436,0.859436,0.859436,0.859436,0.859436,0.859436,0.859436,0.859436,0.859436,0.859436,0.859436,0.859436,0.859436,0.843689,0.843689,0.859680,0.843689,0.843201,0.843201,0.843201,0.843201,0.843201,0.843201,0.843201,0.843201,0.843201,0.843201,0.844177,0.844177,0.844177,0.844177,0.844177,0.844177,0.844177,0.844177,0.844177,0.844177,0.844177,0.844177,0.844177,0.845154,0.845154,0.845154,0.845154,0.845154,0.845154,0.844177,0.844177,0.844177,0.844177,0.844177,0.844177,0.844177,0.844177,0.844177,0.844177,0.844177,0.844177,0.844177,0.844177,0.844177,0.844177,0.844177,0.844177,0.844177,0.844177,0.844177,0.845154,0.844177,0.844177,0.845154,0.845154,0.845154,0.845154,0.845154,0.845154,0.845154,0.845154,0.845154,0.845154,0.845154,0.845154,0.845154,0.843689,0.843689,0.843811,0.843689,0.843689,0.843689,0.843689,0.843689,0.845154,0.843811,0.843201,0.843201,0.843201,0.843201,0.843201,0.843201,0.843567,0.843201,0.843445,0.843201,0.843201,0.843201,0.843445,0.843445,0.843445,0.843445,0.843445,0.843445,0.843445,0.843445,0.843445,0.843445,0.843445,0.843445,0.843445,0.843445,0.843445,0.843445,0.843445,0.843445,0.843445,0.843445,0.843445,0.843445,0.843445,0.843201,0.843201,0.843445,0.843445,0.843445,0.843445,0.844482,0.843445,0.843445,0.843689,0.843445,0.843445,0.843445,0.843506,0.843506,0.843506,0.843506,0.843567,0.843506,0.843994,0.843506,0.843506,0.844482,
