kBasicLog: 1
kBreedEdges: 1
kBreedGates: 1
kBreedSample: 4
kBreedType: 1
kChildren: 100
kEvaluations: 30000
kGens: 100
kLegalGateTypes: 1
kLog: 1
kLogIter: 3
kMaxGenStagnation: 300
kMessUp: 0
kMutatePercent: 5
kMutationMode: 2
kMutations: 16
kPruneOrphans: 1
kSaveDotGraphs: 1
kSeed: 0
kThreads: 4
kThreshold: 1000
kTruthWeight: 1
columns: 32
rows: 2,2,2,2,2,2,2,2,2,2,2,2,2,2,2,2,2,2,2,2,2,2,2,2,2,2,2,2,2,2,2,2
goal_correct_count: 256
goal_total_count: 2048
goal_total_weighted_count: 65536
~
gates_used: 26
total_count: 1500
total_weighted_count: 0
percent: 0.732422
weighted_percent: 0.000000
evaluations: 30100
~
1394,1394,1394,1394,1410,1404,1396,1406,1390,1412,1410,1404,1404,1404,1404,1404,1404,1396,1404,1410,1416,1416,1416,1416,1396,1416,1414,1420,1412,1408,1412,1412,1412,1406,1406,1412,1412,1412,1406,1412,1420,1420,1420,1420,1420,1424,1456,1420,1420,1420,1426,1420,1420,1426,1426,1426,1426,1426,1420,1420,1420,1392,1420,1420,1420,1424,1424,1424,1424,1424,1424,1424,1424,1424,1424,1424,1424,1424,1424,1424,1424,1424,1428,1424,1424,1424,1424,1424,1424,1424,1424,1424,1434,1424,1424,1424,1424,1424,1418,1418,1418,1418,1418,1450,1466,1450,1450,1450,1452,1450,1450,1450,1450,1450,1460,1450,1450,1450,1466,1450,1450,1450,1450,1450,1450,1434,1452,1450,1434,1450,1458,1458,1460,1460,1460,1460,1464,1458,1458,1458,1434,1458,1458,1458,1458,1458,1458,1458,1458,1458,1462,1462,1462,1462,1464,1464,1464,1468,1464,1464,1464,1464,1464,1464,1464,1482,1464,1464,1464,1464,1464,1464,1464,1464,1464,1464,1490,1464,1464,1464,1464,1464,1464,1464,1464,1464,1464,1464,1464,1464,1464,1464,1464,1438,1464,1490,1490,1490,1490,1490,1490,1490,1490,1490,1490,1490,1490,1490,1490,1490,1490,1490,1490,1490,1490,1490,1490,1490,1490,1490,1490,1490,1490,1490,1490,1490,1490,1490,1490,1490,1490,1490,1490,1490,1490,1490,1490,1490,1490,1490,1490,1490,1490,1490,1490,1490,1490,1490,1490,1490,1490,1490,1490,1490,1500,1502,1500,1500,1500,1500,1500,1500,1500,1500,1500,1500,1500,1500,1500,1500,1500,1500,1500,1500,1500,1500,1500,1500,1500,1500,1500,1500,1516,1500,1500,1516,1500,1500,1500,1500,1500,1500,1500,1500,1500,1508,1500,1500,1500,1500,1500,
45532,45532,45532,45532,48604,45804,45548,45820,44780,45832,46044,45804,45804,45804,45804,45804,45804,45548,45804,46044,45840,45840,45840,45840,45548,45840,45848,46068,45992,45928,45992,45992,45992,45980,45980,45992,45992,45992,45980,45992,46068,46068,47972,47972,48484,48516,52100,48484,48484,48484,48500,48484,48484,48496,48496,48496,48496,48496,48484,48484,48484,44920,48484,48484,48484,48500,48500,48500,48500,48500,48500,48500,48500,48500,48500,48500,48500,48500,48500,48500,48500,48500,48516,48500,48500,48500,48500,48500,48500,48500,48500,48500,50524,48500,48500,48500,48500,48500,48988,48988,48988,48988,48988,51036,54620,51036,51036,51036,51044,51036,51036,51036,53084,51036,51172,51036,51036,51036,52060,51036,51036,51036,51036,51036,51036,50012,51044,51036,52572,51036,51164,51164,51172,51172,51172,51172,51188,51164,51164,51164,52572,51164,51164,51164,51164,51164,51164,51164,51164,51164,51196,51196,51196,51196,51204,51204,51204,51360,51204,51204,51204,51204,51204,51204,51204,55132,51204,51204,51204,51204,51204,51204,51204,51204,51204,51204,55260,51204,51204,51204,51204,51204,51204,51204,51204,51204,51204,51204,51204,51204,51204,51204,51204,52604,51204,55260,55260,55260,55260,55260,55260,55260,55260,55260,55260,55260,55260,55260,55260,55260,55260,55260,55260,55260,55260,55260,55260,55260,55260,55260,55260,55260,55260,55260,55260,55260,55260,55260,55260,55260,55260,55260,55260,55260,55260,55260,55260,55260,55260,55260,55260,55260,55260,55260,55260,55260,55260,55260,55260,55260,55260,55260,55260,55260,55364,55484,55364,55364,55364,55364,55364,55364,55364,55364,55364,55364,55364,55364,55364,55364,55364,55364,55364,55364,55364,55364,55364,55364,55364,55364,55364,55364,55876,55364,55364,55876,55364,55364,55364,55364,55364,55364,55364,55364,55364,55620,55364,55364,55364,55364,55364,
0.680664,0.680664,0.680664,0.680664,0.688477,0.685547,0.681641,0.686523,0.678711,0.689453,0.688477,0.685547,0.685547,0.685547,0.685547,0.685547,0.685547,0.681641,0.685547,0.688477,0.691406,0.691406,0.691406,0.691406,0.681641,0.691406,0.690430,0.693359,0.689453,0.687500,0.689453,0.689453,0.689453,0.686523,0.686523,0.689453,0.689453,0.689453,0.686523,0.689453,0.693359,0.693359,0.693359,0.693359,0.693359,0.695312,0.710938,0.693359,0.693359,0.693359,0.696289,0.693359,0.693359,0.696289,0.696289,0.696289,0.696289,0.696289,0.693359,0.693359,0.693359,0.679688,0.693359,0.693359,0.693359,0.695312,0.695312,0.695312,0.695312,0.695312,0.695312,0.695312,0.695312,0.695312,0.695312,0.695312,0.695312,0.695312,0.695312,0.695312,0.695312,0.695312,0.697266,0.695312,0.695312,0.695312,0.695312,0.695312,0.695312,0.695312,0.695312,0.695312,0.700195,0.695312,0.695312,0.695312,0.695312,0.695312,0.692383,0.692383,0.692383,0.692383,0.692383,0.708008,0.715820,0.708008,0.708008,0.708008,0.708984,0.708008,0.708008,0.708008,0.708008,0.708008,0.712891,0.708008,0.708008,0.708008,0.715820,0.708008,0.708008,0.708008,0.708008,0.708008,0.708008,0.700195,0.708984,0.708008,0.700195,0.708008,0.711914,0.711914,0.712891,0.712891,0.712891,0.712891,0.714844,0.711914,0.711914,0.711914,0.700195,0.711914,0.711914,0.711914,0.711914,0.711914,0.711914,0.711914,0.711914,0.711914,0.713867,0.713867,0.713867,0.713867,0.714844,0.714844,0.714844,0.716797,0.714844,0.714844,0.714844,0.714844,0.714844,0.714844,0.714844,0.723633,0.714844,0.714844,0.714844,0.714844,0.714844,0.714844,0.714844,0.714844,0.714844,0.714844,0.727539,0.714844,0.714844,0.714844,0.714844,0.714844,0.714844,0.714844,0.714844,0.714844,0.714844,0.714844,0.714844,0.714844,0.714844,0.714844,0.714844,0.702148,0.714844,0.727539,0.727539,0.727539,0.727539,0.727539,0.727539,0.727539,0.727539,0.727539,0.727539,0.727539,0.727539,0.727539,0.727539,0.727539,0.727539,0.727539,0.727539,0.727539,0.727539,0.727539,0.727539,0.727539,0.727539,0.727539,0.727539,0.727539,0.727539,0.727539,0.727539,0.727539,0.727539,0.727539,0.727539,0.727539,0.727539,0.727539,0.727539,0.727539,0.727539,0.727539,0.727539,0.727539,0.727539,0.727539,0.727539,0.727539,0.727539,0.727539,0.727539,0.727539,0.727539,0.727539,0.727539,0.727539,0.727539,0.727539,0.727539,0.727539,0.732422,0.733398,0.732422,0.732422,0.732422,0.732422,0.732422,0.732422,0.732422,0.732422,0.732422,0.732422,0.732422,0.732422,0.732422,0.732422,0.732422,0.732422,0.732422,0.732422,0.732422,0.732422,0.732422,0.732422,0.732422,0.732422,0.732422,0.732422,0.740234,0.732422,0.732422,0.740234,0.732422,0.732422,0.732422,0.732422,0.732422,0.732422,0.732422,0.732422,0.732422,0.736328,0.732422,0.732422,0.732422,0.732422,0.732422,
0.694763,0.694763,0.694763,0.694763,0.741638,0.698914,0.695007,0.699158,0.683289,0.699341,0.702576,0.698914,0.698914,0.698914,0.698914,0.698914,0.698914,0.695007,0.698914,0.702576,0.699463,0.699463,0.699463,0.699463,0.695007,0.699463,0.699585,0.702942,0.701782,0.700806,0.701782,0.701782,0.701782,0.701599,0.701599,0.701782,0.701782,0.701782,0.701599,0.701782,0.702942,0.702942,0.731995,0.731995,0.739807,0.740295,0.794983,0.739807,0.739807,0.739807,0.740051,0.739807,0.739807,0.739990,0.739990,0.739990,0.739990,0.739990,0.739807,0.739807,0.739807,0.685425,0.739807,0.739807,0.739807,0.740051,0.740051,0.740051,0.740051,0.740051,0.740051,0.740051,0.740051,0.740051,0.740051,0.740051,0.740051,0.740051,0.740051,0.740051,0.740051,0.740051,0.740295,0.740051,0.740051,0.740051,0.740051,0.740051,0.740051,0.740051,0.740051,0.740051,0.770935,0.740051,0.740051,0.740051,0.740051,0.740051,0.747498,0.747498,0.747498,0.747498,0.747498,0.778748,0.833435,0.778748,0.778748,0.778748,0.778870,0.778748,0.778748,0.778748,0.809998,0.778748,0.780823,0.778748,0.778748,0.778748,0.794373,0.778748,0.778748,0.778748,0.778748,0.778748,0.778748,0.763123,0.778870,0.778748,0.802185,0.778748,0.780701,0.780701,0.780823,0.780823,0.780823,0.780823,0.781067,0.780701,0.780701,0.780701,0.802185,0.780701,0.780701,0.780701,0.780701,0.780701,0.780701,0.780701,0.780701,0.780701,0.781189,0.781189,0.781189,0.781189,0.781311,0.781311,0.781311,0.783691,0.781311,0.781311,0.781311,0.781311,0.781311,0.781311,0.781311,0.841248,0.781311,0.781311,0.781311,0.781311,0.781311,0.781311,0.781311,0.781311,0.781311,0.781311,0.843201,0.781311,0.781311,0.781311,0.781311,0.781311,0.781311,0.781311,0.781311,0.781311,0.781311,0.781311,0.781311,0.781311,0.781311,0.781311,0.781311,0.802673,0.781311,0.843201,0.843201,0.843201,0.843201,0.843201,0.843201,0.843201,0.843201,0.843201,0.843201,0.843201,0.843201,0.843201,0.843201,0.843201,0.843201,0.843201,0.843201,0.843201,0.843201,0.843201,0.843201,0.843201,0.843201,0.843201,0.843201,0.843201,0.843201,0.843201,0.843201,0.843201,0.843201,0.843201,0.843201,0.843201,0.843201,0.843201,0.843201,0.843201,0.843201,0.843201,0.843201,0.843201,0.843201,0.843201,0.843201,0.843201,0.843201,0.843201,0.843201,0.843201,0.843201,0.843201,0.843201,0.843201,0.843201,0.843201,0.843201,0.843201,0.844788,0.846619,0.844788,0.844788,0.844788,0.844788,0.844788,0.844788,0.844788,0.844788,0.844788,0.844788,0.844788,0.844788,0.844788,0.844788,0.844788,0.844788,0.844788,0.844788,0.844788,0.844788,0.844788,0.844788,0.844788,0.844788,0.844788,0.844788,0.852600,0.844788,0.844788,0.852600,0.844788,0.844788,0.844788,0.844788,0.844788,0.844788,0.844788,0.844788,0.844788,0.848694,0.844788,0.844788,0.844788,0.844788,0.844788,
