kBasicLog: 1
kBreedEdges: 1
kBreedGates: 1
kBreedSample: 4
kBreedType: 1
kChildren: 100
kEvaluations: 30000
kGens: 100
kLegalGateTypes: 1
kLog: 1
kLogIter: 0
kMaxGenStagnation: 300
kMessUp: 0
kMutatePercent: 5
kMutationMode: 2
kMutations: 16
kPruneOrphans: 1
kSaveDotGraphs: 1
kSeed: 0
kThreads: 4
kThreshold: 1000
kTruthWeight: 1
columns: 22
rows: 3,3,3,3,3,3,3,3,3,3,3,3,3,3,3,3,3,3,3,3,3,1
goal_correct_count: 256
goal_total_count: 2048
goal_total_weighted_count: 65536
~
gates_used: 34
total_count: 1520
total_weighted_count: 0
percent: 0.742188
weighted_percent: 0.000000
evaluations: 30100
~
1402,1404,1398,1400,1428,1436,1438,1438,1444,1444,1438,1454,1434,1436,1436,1436,1436,1434,1442,1450,1444,1444,1446,1446,1442,1456,1432,1448,1454,1446,1444,1440,1456,1468,1464,1466,1466,1476,1464,1464,1460,1462,1456,1468,1446,1440,1440,1448,1428,1442,1458,1488,1466,1466,1470,1470,1472,1472,1504,1504,1504,1520,1504,1504,1504,1504,1504,1504,1504,1520,1520,1520,1520,1520,1520,1520,1520,1520,1520,1520,1520,1520,1520,1520,1520,1520,1520,1520,1520,1520,1520,1520,1520,1520,1520,1520,1520,1520,1520,1520,1520,1520,1520,1520,1528,1520,1520,1520,1520,1520,1520,1520,1520,1520,1520,1520,1520,1520,1520,1520,1520,1520,1520,1520,1520,1520,1520,1520,1520,1520,1520,1520,1520,1520,1520,1520,1520,1520,1520,1520,1520,1520,1520,1520,1520,1520,1520,1520,1520,1520,1520,1520,1520,1520,1520,1520,1520,1520,1520,1520,1520,1520,1520,1520,1520,1520,1520,1520,1520,1520,1520,1520,1520,1520,1520,1520,1520,1520,1520,1520,1520,1520,1520,1520,1520,1520,1520,1520,1520,1520,1520,1520,1520,1520,1520,1520,1520,1520,1520,1520,1520,1520,1520,1520,1520,1520,1520,1520,1520,1520,1520,1520,1520,1520,1520,1520,1520,1520,1520,1520,1520,1520,1520,1520,1520,1520,1520,1520,1520,1520,1520,1520,1520,1520,1520,1520,1520,1520,1520,1520,1520,1520,1520,1520,1520,1520,1520,1520,1520,1520,1520,1520,1520,1520,1520,1520,1520,1520,1520,1520,1520,1520,1520,1520,1520,1520,1520,1520,1520,1520,1520,1520,1520,1520,1520,1520,1520,1520,1520,1520,1520,1520,1520,1520,1520,1520,1520,1520,1520,1520,1520,1520,1520,1520,1520,1520,1520,1520,1520,1520,1520,
45116,45124,44924,44932,46948,47204,47228,47212,47252,47252,47228,52968,47196,47212,47212,47212,47212,47088,47208,47350,47358,47344,47352,47416,47342,47670,48116,48898,49548,49060,49124,49028,50052,50584,50564,50580,50580,51604,50564,50564,49584,49644,49572,50608,49004,48752,48752,49264,47792,49116,50100,55668,50348,50348,50828,50828,50856,50856,56692,56692,56692,57204,56692,56692,56692,56692,56692,56692,56692,57204,57204,57204,57204,57204,57204,57204,57204,57204,57204,57204,57204,57204,57204,57204,57204,57204,57204,57204,57204,57204,57204,57204,57204,57204,57204,57204,57204,57204,57204,57204,57204,57204,57204,57204,57332,57204,57204,57204,57204,57204,57204,57204,57204,57204,57204,57204,57204,57204,57204,57204,57204,57204,57204,57204,57204,57204,57204,57204,57204,57204,57204,57204,57204,57204,57204,57204,57204,57204,57204,57204,57204,57204,57204,57204,57204,57204,57204,57204,57204,57204,57204,57204,57204,57204,57204,57204,57204,57204,57204,57204,57204,57204,57204,57204,57204,57204,57204,57204,57204,57204,57204,57204,57204,57204,57204,57204,57204,57204,57204,57204,57204,57204,57204,57204,57204,57204,57204,57204,57204,57204,57204,57204,57204,57204,57204,57204,57204,57204,57204,57204,57204,57204,57204,57204,57204,57204,57204,57204,57204,57204,57204,57204,57204,57204,57204,57204,57204,57204,57204,57204,57204,57204,57204,57204,57204,57204,57204,57204,57204,57204,57204,57204,57204,57204,57204,57204,57204,57204,57204,57204,57204,57204,57204,57204,57204,57204,57204,57204,57204,57204,57204,57204,57204,57204,57204,57204,57204,57204,57204,57204,57204,57204,57204,57204,57204,57204,57204,57204,57204,57204,57204,57204,57204,57204,57204,57204,57204,57204,57204,57204,57204,57204,57204,57204,57204,57204,57204,57204,57204,57204,57204,57204,57204,57204,57204,57204,57204,57204,57204,57204,57204,
0.684570,0.685547,0.682617,0.683594,0.697266,0.701172,0.702148,0.702148,0.705078,0.705078,0.702148,0.709961,0.700195,0.701172,0.701172,0.701172,0.701172,0.700195,0.704102,0.708008,0.705078,0.705078,0.706055,0.706055,0.704102,0.710938,0.699219,0.707031,0.709961,0.706055,0.705078,0.703125,0.710938,0.716797,0.714844,0.715820,0.715820,0.720703,0.714844,0.714844,0.712891,0.713867,0.710938,0.716797,0.706055,0.703125,0.703125,0.707031,0.697266,0.704102,0.711914,0.726562,0.715820,0.715820,0.717773,0.717773,0.718750,0.718750,0.734375,0.734375,0.734375,0.742188,0.734375,0.734375,0.734375,0.734375,0.734375,0.734375,0.734375,0.742188,0.742188,0.742188,0.742188,0.742188,0.742188,0.742188,0.742188,0.742188,0.742188,0.742188,0.742188,0.742188,0.742188,0.742188,0.742188,0.742188,0.742188,0.742188,0.742188,0.742188,0.742188,0.742188,0.742188,0.742188,0.742188,0.742188,0.742188,0.742188,0.742188,0.742188,0.742188,0.742188,0.742188,0.742188,0.746094,0.742188,0.742188,0.742188,0.742188,0.742188,0.742188,0.742188,0.742188,0.742188,0.742188,0.742188,0.742188,0.742188,0.742188,0.742188,0.742188,0.742188,0.742188,0.742188,0.742188,0.742188,0.742188,0.742188,0.742188,0.742188,0.742188,0.742188,0.742188,0.742188,0.742188,0.742188,0.742188,0.742188,0.742188,0.742188,0.742188,0.742188,0.742188,0.742188,0.742188,0.742188,0.742188,0.742188,0.742188,0.742188,0.742188,0.742188,0.742188,0.742188,0.742188,0.742188,0.742188,0.742188,0.742188,0.742188,0.742188,0.742188,0.742188,0.742188,0.742188,0.742188,0.742188,0.742188,0.742188,0.742188,0.742188,0.742188,0.742188,0.742188,0.742188,0.742188,0.742188,0.742188,0.742188,0.742188,0.742188,0.742188,0.742188,0.742188,0.742188,0.742188,0.742188,0.742188,0.742188,0.742188,0.742188,0.742188,0.742188,0.742188,0.742188,0.742188,0.742188,0.742188,0.742188,0.742188,0.742188,0.742188,0.742188,0.742188,0.742188,0.742188,0.742188,0.742188,0.742188,0.742188,0.742188,0.742188,0.742188,0.742188,0.742188,0.742188,0.742188,0.742188,0.742188,0.742188,0.742188,0.742188,0.742188,0.742188,0.742188,0.742188,0.742188,0.742188,0.742188,0.742188,0.742188,0.742188,0.742188,0.742188,0.742188,0.742188,0.742188,0.742188,0.742188,0.742188,0.742188,0.742188,0.742188,0.742188,0.742188,0.742188,0.742188,0.742188,0.742188,0.742188,0.742188,0.742188,0.742188,0.742188,0.742188,0.742188,0.742188,0.742188,0.742188,0.742188,0.742188,0.742188,0.742188,0.742188,0.742188,0.742188,0.742188,0.742188,0.742188,0.742188,0.742188,0.742188,0.742188,0.742188,0.742188,0.742188,0.742188,0.742188,0.742188,0.742188,0.742188,0.742188,0.742188,0.742188,0.742188,0.742188,0.742188,0.742188,0.742188,0.742188,0.742188,0.742188,0.742188,0.742188,0.742188,0.742188,0.742188,0.742188,0.742188,0.742188,0.742188,
0.688416,0.688538,0.685486,0.685608,0.716370,0.720276,0.720642,0.720398,0.721008,0.721008,0.720642,0.808228,0.720154,0.720398,0.720398,0.720398,0.720398,0.718506,0.720337,0.722504,0.722626,0.722412,0.722534,0.723511,0.722382,0.727386,0.734192,0.746124,0.756042,0.748596,0.749573,0.748108,0.763733,0.771851,0.771545,0.771790,0.771790,0.787415,0.771545,0.771545,0.756592,0.757507,0.756409,0.772217,0.747742,0.743896,0.743896,0.751709,0.729248,0.749451,0.764465,0.849426,0.768250,0.768250,0.775574,0.775574,0.776001,0.776001,0.865051,0.865051,0.865051,0.872864,0.865051,0.865051,0.865051,0.865051,0.865051,0.865051,0.865051,0.872864,0.872864,0.872864,0.872864,0.872864,0.872864,0.872864,0.872864,0.872864,0.872864,0.872864,0.872864,0.872864,0.872864,0.872864,0.872864,0.872864,0.872864,0.872864,0.872864,0.872864,0.872864,0.872864,0.872864,0.872864,0.872864,0.872864,0.872864,0.872864,0.872864,0.872864,0.872864,0.872864,0.872864,0.872864,0.874817,0.872864,0.872864,0.872864,0.872864,0.872864,0.872864,0.872864,0.872864,0.872864,0.872864,0.872864,0.872864,0.872864,0.872864,0.872864,0.872864,0.872864,0.872864,0.872864,0.872864,0.872864,0.872864,0.872864,0.872864,0.872864,0.872864,0.872864,0.872864,0.872864,0.872864,0.872864,0.872864,0.872864,0.872864,0.872864,0.872864,0.872864,0.872864,0.872864,0.872864,0.872864,0.872864,0.872864,0.872864,0.872864,0.872864,0.872864,0.872864,0.872864,0.872864,0.872864,0.872864,0.872864,0.872864,0.872864,0.872864,0.872864,0.872864,0.872864,0.872864,0.872864,0.872864,0.872864,0.872864,0.872864,0.872864,0.872864,0.872864,0.872864,0.872864,0.872864,0.872864,0.872864,0.872864,0.872864,0.872864,0.872864,0.872864,0.872864,0.872864,0.872864,0.872864,0.872864,0.872864,0.872864,0.872864,0.872864,0.872864,0.872864,0.872864,0.872864,0.872864,0.872864,0.872864,0.872864,0.872864,0.872864,0.872864,0.872864,0.872864,0.872864,0.872864,0.872864,0.872864,0.872864,0.872864,0.872864,0.872864,0.872864,0.872864,0.872864,0.872864,0.872864,0.872864,0.872864,0.872864,0.872864,0.872864,0.872864,0.872864,0.872864,0.872864,0.872864,0.872864,0.872864,0.872864,0.872864,0.872864,0.872864,0.872864,0.872864,0.872864,0.872864,0.872864,0.872864,0.872864,0.872864,0.872864,0.872864,0.872864,0.872864,0.872864,0.872864,0.872864,0.872864,0.872864,0.872864,0.872864,0.872864,0.872864,0.872864,0.872864,0.872864,0.872864,0.872864,0.872864,0.872864,0.872864,0.872864,0.872864,0.872864,0.872864,0.872864,0.872864,0.872864,0.872864,0.872864,0.872864,0.872864,0.872864,0.872864,0.872864,0.872864,0.872864,0.872864,0.872864,0.872864,0.872864,0.872864,0.872864,0.872864,0.872864,0.872864,0.872864,0.872864,0.872864,0.872864,0.872864,0.872864,0.872864,0.872864,0.872864,0.872864,0.872864,0.872864,0.872864,
