kBasicLog: 1
kBreedEdges: 1
kBreedGates: 1
kBreedSample: 4
kBreedType: 1
kChildren: 100
kEvaluations: 30000
kGens: 100
kLegalGateTypes: 1
kLog: 1
kLogIter: 3
kMaxGenStagnation: 300
kMessUp: 0
kMutatePercent: 5
kMutationMode: 2
kMutations: 16
kPruneOrphans: 1
kSaveDotGraphs: 1
kSeed: 0
kThreads: 4
kThreshold: 1000
kTruthWeight: 1
columns: 22
rows: 3,3,3,3,3,3,3,3,3,3,3,3,3,3,3,3,3,3,3,3,3,1
goal_correct_count: 256
goal_total_count: 2048
goal_total_weighted_count: 65536
~
gates_used: 30
total_count: 1510
total_weighted_count: 0
percent: 0.737305
weighted_percent: 0.000000
evaluations: 30100
~
1394,1394,1442,1442,1450,1446,1450,1454,1454,1454,1454,1454,1454,1454,1454,1454,1454,1454,1486,1486,1486,1486,1486,1486,1486,1486,1486,1486,1486,1486,1494,1494,1494,1494,1494,1494,1494,1494,1494,1494,1494,1494,1494,1494,1494,1494,1494,1494,1508,1508,1508,1508,1508,1508,1508,1508,1508,1508,1508,1508,1508,1508,1508,1512,1512,1512,1512,1512,1512,1512,1512,1512,1512,1512,1512,1512,1512,1512,1512,1512,1512,1512,1512,1512,1512,1512,1512,1512,1512,1512,1512,1512,1512,1512,1512,1512,1512,1474,1478,1478,1512,1512,1522,1522,1522,1522,1522,1522,1522,1522,1522,1522,1522,1522,1522,1522,1522,1522,1522,1522,1522,1522,1522,1522,1522,1522,1522,1522,1522,1522,1522,1522,1522,1522,1522,1522,1522,1522,1522,1522,1522,1522,1522,1520,1522,1522,1522,1522,1522,1522,1522,1522,1522,1522,1522,1522,1526,1522,1522,1522,1522,1522,1522,1522,1522,1522,1522,1522,1522,1528,1528,1528,1528,1528,1528,1528,1528,1528,1528,1528,1528,1528,1528,1528,1528,1528,1528,1528,1528,1528,1528,1528,1528,1516,1518,1518,1518,1518,1518,1518,1518,1518,1520,1520,1520,1520,1520,1520,1520,1520,1520,1520,1520,1520,1520,1520,1520,1520,1520,1524,1524,1524,1524,1524,1524,1524,1524,1526,1528,1526,1508,1524,1524,1538,1524,1524,1526,1528,1528,1528,1528,1526,1526,1526,1526,1526,1526,1526,1526,1526,1534,1534,1534,1534,1540,1534,1534,1534,1534,1534,1534,1534,1534,1540,1534,1534,1538,1538,1538,1538,1506,1510,1506,1506,1500,1512,1512,1512,1520,1520,1524,1520,1520,1520,1506,1498,1502,1516,1502,1512,1516,1516,1522,1510,1510,1510,1518,1510,1510,1510,1510,
44588,45148,52700,52700,52828,52716,52828,52844,52844,52844,52844,52844,52844,52844,52844,52844,52844,52844,54892,54892,54892,54892,54892,54892,54892,54892,54892,54892,54892,54892,55020,55020,55020,55020,55020,55020,55020,55020,55020,55020,55020,55020,55020,55020,55020,55020,55020,55020,55052,55052,55052,55052,55052,55052,55052,55052,55052,55052,55052,55052,55052,55052,55052,55056,55056,55056,55056,55056,55056,55056,55056,55056,55056,55056,55056,55056,55056,55056,55056,55056,55056,55056,55056,55056,55056,55056,55056,55056,55056,55056,55056,55056,55056,55056,55056,55056,55056,54748,54764,54764,55796,55796,55876,55876,55876,55876,55876,55876,55876,55876,55876,55876,55876,55876,55876,55876,55876,55876,55876,55876,55876,55876,55876,55876,55876,55876,55876,55876,55876,55876,55876,55876,55876,55876,55876,55876,55876,55876,55876,55876,55876,55876,55876,55924,55876,55876,55876,55876,55876,55876,55876,55876,55876,55876,55876,55876,55892,55876,55876,55876,55876,55876,55876,55876,55876,55876,55876,55876,55876,55900,55900,55900,55900,55900,55900,55900,55900,55900,55900,55900,55900,55900,55900,55900,55900,55900,55900,55900,55900,55900,55900,55900,55900,55908,55916,55916,55916,55916,55916,55916,55916,55916,55924,55924,55924,55924,55924,55924,55924,55924,55924,55924,55924,55924,55924,55924,55924,55924,55924,55964,55964,55964,55964,55964,55964,55964,55964,55968,55972,55968,54940,55964,55964,55992,55964,55964,55972,55976,55976,55976,55976,55972,55972,55972,55972,55972,55972,55972,55972,55972,55988,55988,55988,55988,56000,55988,55988,55988,55988,55988,55988,55988,55988,56000,55988,55988,56004,56004,56004,56004,53956,54020,53956,53956,53944,53968,53968,53968,54480,54480,54928,54480,54480,54480,54454,53942,53958,53984,53958,54868,54968,54968,54980,54920,54920,54920,54996,54920,54920,54920,54920,
0.680664,0.680664,0.704102,0.704102,0.708008,0.706055,0.708008,0.709961,0.709961,0.709961,0.709961,0.709961,0.709961,0.709961,0.709961,0.709961,0.709961,0.709961,0.725586,0.725586,0.725586,0.725586,0.725586,0.725586,0.725586,0.725586,0.725586,0.725586,0.725586,0.725586,0.729492,0.729492,0.729492,0.729492,0.729492,0.729492,0.729492,0.729492,0.729492,0.729492,0.729492,0.729492,0.729492,0.729492,0.729492,0.729492,0.729492,0.729492,0.736328,0.736328,0.736328,0.736328,0.736328,0.736328,0.736328,0.736328,0.736328,0.736328,0.736328,0.736328,0.736328,0.736328,0.736328,0.738281,0.738281,0.738281,0.738281,0.738281,0.738281,0.738281,0.738281,0.738281,0.738281,0.738281,0.738281,0.738281,0.738281,0.738281,0.738281,0.738281,0.738281,0.738281,0.738281,0.738281,0.738281,0.738281,0.738281,0.738281,0.738281,0.738281,0.738281,0.738281,0.738281,0.738281,0.738281,0.738281,0.738281,0.719727,0.721680,0.721680,0.738281,0.738281,0.743164,0.743164,0.743164,0.743164,0.743164,0.743164,0.743164,0.743164,0.743164,0.743164,0.743164,0.743164,0.743164,0.743164,0.743164,0.743164,0.743164,0.743164,0.743164,0.743164,0.743164,0.743164,0.743164,0.743164,0.743164,0.743164,0.743164,0.743164,0.743164,0.743164,0.743164,0.743164,0.743164,0.743164,0.743164,0.743164,0.743164,0.743164,0.743164,0.743164,0.743164,0.742188,0.743164,0.743164,0.743164,0.743164,0.743164,0.743164,0.743164,0.743164,0.743164,0.743164,0.743164,0.743164,0.745117,0.743164,0.743164,0.743164,0.743164,0.743164,0.743164,0.743164,0.743164,0.743164,0.743164,0.743164,0.743164,0.746094,0.746094,0.746094,0.746094,0.746094,0.746094,0.746094,0.746094,0.746094,0.746094,0.746094,0.746094,0.746094,0.746094,0.746094,0.746094,0.746094,0.746094,0.746094,0.746094,0.746094,0.746094,0.746094,0.746094,0.740234,0.741211,0.741211,0.741211,0.741211,0.741211,0.741211,0.741211,0.741211,0.742188,0.742188,0.742188,0.742188,0.742188,0.742188,0.742188,0.742188,0.742188,0.742188,0.742188,0.742188,0.742188,0.742188,0.742188,0.742188,0.742188,0.744141,0.744141,0.744141,0.744141,0.744141,0.744141,0.744141,0.744141,0.745117,0.746094,0.745117,0.736328,0.744141,0.744141,0.750977,0.744141,0.744141,0.745117,0.746094,0.746094,0.746094,0.746094,0.745117,0.745117,0.745117,0.745117,0.745117,0.745117,0.745117,0.745117,0.745117,0.749023,0.749023,0.749023,0.749023,0.751953,0.749023,0.749023,0.749023,0.749023,0.749023,0.749023,0.749023,0.749023,0.751953,0.749023,0.749023,0.750977,0.750977,0.750977,0.750977,0.735352,0.737305,0.735352,0.735352,0.732422,0.738281,0.738281,0.738281,0.742188,0.742188,0.744141,0.742188,0.742188,0.742188,0.735352,0.731445,0.733398,0.740234,0.733398,0.738281,0.740234,0.740234,0.743164,0.737305,0.737305,0.737305,0.741211,0.737305,0.737305,0.737305,0.737305,
0.680359,0.688904,0.804138,0.804138,0.806091,0.804382,0.806091,0.806335,0.806335,0.806335,0.806335,0.806335,0.806335,0.806335,0.806335,0.806335,0.806335,0.806335,0.837585,0.837585,0.837585,0.837585,0.837585,0.837585,0.837585,0.837585,0.837585,0.837585,0.837585,0.837585,0.839539,0.839539,0.839539,0.839539,0.839539,0.839539,0.839539,0.839539,0.839539,0.839539,0.839539,0.839539,0.839539,0.839539,0.839539,0.839539,0.839539,0.839539,0.840027,0.840027,0.840027,0.840027,0.840027,0.840027,0.840027,0.840027,0.840027,0.840027,0.840027,0.840027,0.840027,0.840027,0.840027,0.840088,0.840088,0.840088,0.840088,0.840088,0.840088,0.840088,0.840088,0.840088,0.840088,0.840088,0.840088,0.840088,0.840088,0.840088,0.840088,0.840088,0.840088,0.840088,0.840088,0.840088,0.840088,0.840088,0.840088,0.840088,0.840088,0.840088,0.840088,0.840088,0.840088,0.840088,0.840088,0.840088,0.840088,0.835388,0.835632,0.835632,0.851379,0.851379,0.852600,0.852600,0.852600,0.852600,0.852600,0.852600,0.852600,0.852600,0.852600,0.852600,0.852600,0.852600,0.852600,0.852600,0.852600,0.852600,0.852600,0.852600,0.852600,0.852600,0.852600,0.852600,0.852600,0.852600,0.852600,0.852600,0.852600,0.852600,0.852600,0.852600,0.852600,0.852600,0.852600,0.852600,0.852600,0.852600,0.852600,0.852600,0.852600,0.852600,0.852600,0.853333,0.852600,0.852600,0.852600,0.852600,0.852600,0.852600,0.852600,0.852600,0.852600,0.852600,0.852600,0.852600,0.852844,0.852600,0.852600,0.852600,0.852600,0.852600,0.852600,0.852600,0.852600,0.852600,0.852600,0.852600,0.852600,0.852966,0.852966,0.852966,0.852966,0.852966,0.852966,0.852966,0.852966,0.852966,0.852966,0.852966,0.852966,0.852966,0.852966,0.852966,0.852966,0.852966,0.852966,0.852966,0.852966,0.852966,0.852966,0.852966,0.852966,0.853088,0.853210,0.853210,0.853210,0.853210,0.853210,0.853210,0.853210,0.853210,0.853333,0.853333,0.853333,0.853333,0.853333,0.853333,0.853333,0.853333,0.853333,0.853333,0.853333,0.853333,0.853333,0.853333,0.853333,0.853333,0.853333,0.853943,0.853943,0.853943,0.853943,0.853943,0.853943,0.853943,0.853943,0.854004,0.854065,0.854004,0.838318,0.853943,0.853943,0.854370,0.853943,0.853943,0.854065,0.854126,0.854126,0.854126,0.854126,0.854065,0.854065,0.854065,0.854065,0.854065,0.854065,0.854065,0.854065,0.854065,0.854309,0.854309,0.854309,0.854309,0.854492,0.854309,0.854309,0.854309,0.854309,0.854309,0.854309,0.854309,0.854309,0.854492,0.854309,0.854309,0.854553,0.854553,0.854553,0.854553,0.823303,0.824280,0.823303,0.823303,0.823120,0.823486,0.823486,0.823486,0.831299,0.831299,0.838135,0.831299,0.831299,0.831299,0.830902,0.823090,0.823334,0.823730,0.823334,0.837219,0.838745,0.838745,0.838928,0.838013,0.838013,0.838013,0.839172,0.838013,0.838013,0.838013,0.838013,
