kBasicLog: 1
kBreedEdges: 1
kBreedGates: 1
kBreedSample: 4
kBreedType: 0
kChildren: 100
kEvaluations: 20000
kGens: 100
kLegalGateTypes: 1
kLog: 1
kLogIter: 9
kMaxGenStagnation: 300
kMessUp: 0
kMutatePercent: 1
kMutationMode: 1
kMutations: 6
kPruneOrphans: 1
kSaveDotGraphs: 1
kSeed: 0
kThreads: 4
kThreshold: 1000
kTruthWeight: 1
columns: 13
rows: 5,5,5,5,5,5,5,5,5,5,5,5,4
goal_correct_count: 256
goal_total_count: 2048
goal_total_weighted_count: 65536
~
gates_used: 37
total_count: 1613
total_weighted_count: 0
percent: 0.787598
weighted_percent: 0.000000
evaluations: 20100
~
1468,1494,1502,1504,1504,1510,1512,1514,1520,1544,1548,1550,1552,1556,1556,1560,1560,1560,1560,1560,1560,1560,1560,1560,1560,1560,1560,1560,1560,1560,1564,1564,1564,1566,1570,1570,1570,1570,1570,1570,1570,1570,1570,1574,1576,1576,1578,1584,1584,1584,1584,1584,1584,1584,1586,1588,1588,1588,1588,1588,1588,1594,1594,1594,1594,1594,1596,1596,1596,1596,1596,1596,1600,1600,1604,1604,1604,1604,1604,1604,1604,1604,1604,1604,1604,1604,1604,1604,1604,1604,1604,1604,1604,1604,1604,1604,1604,1604,1604,1604,1604,1604,1604,1604,1604,1604,1604,1604,1604,1604,1604,1604,1604,1604,1604,1604,1604,1604,1604,1604,1604,1604,1604,1604,1604,1604,1607,1607,1607,1607,1607,1607,1607,1607,1607,1607,1607,1607,1607,1607,1607,1611,1611,1611,1611,1611,1611,1611,1611,1611,1611,1611,1611,1611,1611,1611,1611,1611,1611,1611,1611,1611,1611,1611,1611,1613,1613,1613,1613,1613,1613,1613,1613,1613,1613,1613,1613,1613,1613,1613,1613,1613,1613,1613,1613,1613,1613,1613,1613,1613,1613,1613,1613,1613,1613,1613,1613,1613,1613,1613,1613,
51180,51340,51368,51620,51552,51576,51584,51600,51792,55776,55784,55816,55832,55960,55960,55992,55992,55992,55992,55992,55992,55992,55992,55992,55992,55992,55992,55992,55992,55992,56024,56024,56024,56040,56168,56168,56168,56168,56168,56168,56168,56168,56168,56328,56360,56360,56368,56380,56380,56380,56380,56380,56380,56380,56412,56444,56444,56444,56444,56444,56444,56540,56540,56540,56540,56540,56572,56572,56572,56572,56572,56572,56636,56636,56700,56700,56700,56700,56700,56700,56700,56700,56700,56700,56700,56700,56700,56700,56700,56700,56700,56700,56700,56700,56700,56700,56700,56700,56700,56700,56700,56700,56700,56700,56700,56700,56700,56700,56700,56700,56700,56700,56700,56700,56700,56700,56700,56700,56700,56700,56700,56700,56700,56700,56700,56700,56724,56724,56724,56724,56724,56724,56724,56724,56724,56724,56724,56724,56724,56724,56724,56732,56732,56732,56732,56732,56732,56732,56732,56732,56732,56732,56732,56732,56732,56732,56732,56732,56732,56732,56732,56732,56732,56732,56732,56740,56740,56740,56740,56740,56740,56740,56740,56740,56740,56740,56740,56740,56740,56740,56740,56740,56740,56740,56740,56740,56740,56740,56740,56740,56740,56740,56740,56740,56740,56740,56740,56740,56740,56740,56740,
0.716797,0.729492,0.733398,0.734375,0.734375,0.737305,0.738281,0.739258,0.742188,0.753906,0.755859,0.756836,0.757812,0.759766,0.759766,0.761719,0.761719,0.761719,0.761719,0.761719,0.761719,0.761719,0.761719,0.761719,0.761719,0.761719,0.761719,0.761719,0.761719,0.761719,0.763672,0.763672,0.763672,0.764648,0.766602,0.766602,0.766602,0.766602,0.766602,0.766602,0.766602,0.766602,0.766602,0.768555,0.769531,0.769531,0.770508,0.773438,0.773438,0.773438,0.773438,0.773438,0.773438,0.773438,0.774414,0.775391,0.775391,0.775391,0.775391,0.775391,0.775391,0.778320,0.778320,0.778320,0.778320,0.778320,0.779297,0.779297,0.779297,0.779297,0.779297,0.779297,0.781250,0.781250,0.783203,0.783203,0.783203,0.783203,0.783203,0.783203,0.783203,0.783203,0.783203,0.783203,0.783203,0.783203,0.783203,0.783203,0.783203,0.783203,0.783203,0.783203,0.783203,0.783203,0.783203,0.783203,0.783203,0.783203,0.783203,0.783203,0.783203,0.783203,0.783203,0.783203,0.783203,0.783203,0.783203,0.783203,0.783203,0.783203,0.783203,0.783203,0.783203,0.783203,0.783203,0.783203,0.783203,0.783203,0.783203,0.783203,0.783203,0.783203,0.783203,0.783203,0.783203,0.783203,0.784668,0.784668,0.784668,0.784668,0.784668,0.784668,0.784668,0.784668,0.784668,0.784668,0.784668,0.784668,0.784668,0.784668,0.784668,0.786621,0.786621,0.786621,0.786621,0.786621,0.786621,0.786621,0.786621,0.786621,0.786621,0.786621,0.786621,0.786621,0.786621,0.786621,0.786621,0.786621,0.786621,0.786621,0.786621,0.786621,0.786621,0.786621,0.786621,0.787598,0.787598,0.787598,0.787598,0.787598,0.787598,0.787598,0.787598,0.787598,0.787598,0.787598,0.787598,0.787598,0.787598,0.787598,0.787598,0.787598,0.787598,0.787598,0.787598,0.787598,0.787598,0.787598,0.787598,0.787598,0.787598,0.787598,0.787598,0.787598,0.787598,0.787598,0.787598,0.787598,0.787598,0.787598,0.787598,
0.780945,0.783386,0.783813,0.787659,0.786621,0.786987,0.787109,0.787354,0.790283,0.851074,0.851196,0.851685,0.851929,0.853882,0.853882,0.854370,0.854370,0.854370,0.854370,0.854370,0.854370,0.854370,0.854370,0.854370,0.854370,0.854370,0.854370,0.854370,0.854370,0.854370,0.854858,0.854858,0.854858,0.855103,0.857056,0.857056,0.857056,0.857056,0.857056,0.857056,0.857056,0.857056,0.857056,0.859497,0.859985,0.859985,0.860107,0.860291,0.860291,0.860291,0.860291,0.860291,0.860291,0.860291,0.860779,0.861267,0.861267,0.861267,0.861267,0.861267,0.861267,0.862732,0.862732,0.862732,0.862732,0.862732,0.863220,0.863220,0.863220,0.863220,0.863220,0.863220,0.864197,0.864197,0.865173,0.865173,0.865173,0.865173,0.865173,0.865173,0.865173,0.865173,0.865173,0.865173,0.865173,0.865173,0.865173,0.865173,0.865173,0.865173,0.865173,0.865173,0.865173,0.865173,0.865173,0.865173,0.865173,0.865173,0.865173,0.865173,0.865173,0.865173,0.865173,0.865173,0.865173,0.865173,0.865173,0.865173,0.865173,0.865173,0.865173,0.865173,0.865173,0.865173,0.865173,0.865173,0.865173,0.865173,0.865173,0.865173,0.865173,0.865173,0.865173,0.865173,0.865173,0.865173,0.865540,0.865540,0.865540,0.865540,0.865540,0.865540,0.865540,0.865540,0.865540,0.865540,0.865540,0.865540,0.865540,0.865540,0.865540,0.865662,0.865662,0.865662,0.865662,0.865662,0.865662,0.865662,0.865662,0.865662,0.865662,0.865662,0.865662,0.865662,0.865662,0.865662,0.865662,0.865662,0.865662,0.865662,0.865662,0.865662,0.865662,0.865662,0.865662,0.865784,0.865784,0.865784,0.865784,0.865784,0.865784,0.865784,0.865784,0.865784,0.865784,0.865784,0.865784,0.865784,0.865784,0.865784,0.865784,0.865784,0.865784,0.865784,0.865784,0.865784,0.865784,0.865784,0.865784,0.865784,0.865784,0.865784,0.865784,0.865784,0.865784,0.865784,0.865784,0.865784,0.865784,0.865784,0.865784,
