kBasicLog: 1
kBreedEdges: 1
kBreedGates: 1
kBreedSample: 4
kBreedType: 0
kChildren: 100
kEvaluations: 20000
kGens: 100
kLegalGateTypes: 1
kLog: 1
kLogIter: 1
kMaxGenStagnation: 300
kMessUp: 0
kMutatePercent: 1
kMutationMode: 1
kMutations: 6
kPruneOrphans: 1
kSaveDotGraphs: 1
kSeed: 0
kThreads: 4
kThreshold: 1000
kTruthWeight: 1
columns: 13
rows: 5,5,5,5,5,5,5,5,5,5,5,5,4
goal_correct_count: 256
goal_total_count: 2048
goal_total_weighted_count: 65536
~
gates_used: 42
total_count: 1646
total_weighted_count: 0
percent: 0.803711
weighted_percent: 0.000000
evaluations: 20100
~
1420,1438,1460,1468,1484,1488,1504,1538,1542,1542,1542,1548,1556,1560,1560,1570,1572,1574,1574,1574,1580,1580,1584,1584,1584,1584,1584,1584,1590,1594,1594,1598,1600,1604,1604,1604,1610,1610,1610,1614,1616,1616,1616,1616,1616,1616,1616,1616,1616,1616,1616,1616,1618,1618,1618,1618,1618,1618,1618,1618,1618,1618,1618,1618,1618,1618,1618,1618,1618,1618,1618,1618,1630,1630,1634,1634,1634,1634,1634,1634,1634,1634,1634,1634,1634,1634,1634,1634,1634,1634,1634,1634,1634,1634,1634,1634,1634,1634,1634,1634,1634,1634,1634,1634,1634,1634,1634,1634,1634,1634,1634,1634,1640,1640,1640,1640,1640,1640,1640,1640,1640,1640,1640,1640,1640,1640,1640,1642,1642,1642,1642,1642,1642,1642,1642,1642,1642,1642,1642,1642,1642,1642,1642,1642,1642,1644,1644,1644,1644,1644,1644,1644,1644,1644,1644,1646,1646,1646,1646,1646,1646,1646,1646,1646,1646,1646,1646,1646,1646,1646,1646,1646,1646,1646,1646,1646,1646,1646,1646,1646,1646,1646,1646,1646,1646,1646,1646,1646,1646,1646,1646,1646,1646,1646,1646,1646,1646,1646,1646,1646,1646,
46024,48236,50292,50324,50836,50840,52888,53956,53960,53960,53960,54872,55000,55008,55008,55088,55092,55108,55108,55108,57068,57068,57132,57132,57132,57132,57132,57132,58056,58120,58120,58184,58188,58250,58250,58250,58256,58256,58256,58320,58322,58322,58322,58322,58322,58322,58322,58322,58322,58322,58322,58322,58338,58338,58338,58338,58338,58338,58338,58338,58338,58338,58338,58338,58338,58338,58338,58338,58338,58338,58338,58338,59354,59354,59362,59362,59362,59362,59362,59362,59362,59362,59362,59362,59362,59362,59362,59362,59362,59362,59362,59362,59362,59362,59362,59362,59362,59362,59362,59362,59362,59362,59362,59362,59362,59362,59362,59362,59362,59362,59362,59362,59374,59374,59374,59374,59374,59374,59374,59374,59374,59374,59374,59374,59374,59374,59374,59382,59382,59382,59382,59382,59382,59382,59382,59382,59382,59382,59382,59382,59382,59382,59382,59382,59382,59390,59390,59390,59390,59390,59390,59390,59390,59390,59390,59398,59398,59398,59398,59398,59398,59398,59398,59398,59398,59398,59398,59398,59398,59398,59398,59398,59398,59398,59398,59398,59398,59398,59398,59398,59398,59398,59398,59398,59398,59398,59398,59398,59398,59398,59398,59398,59398,59398,59398,59398,59398,59398,59398,59398,59398,
0.693359,0.702148,0.712891,0.716797,0.724609,0.726562,0.734375,0.750977,0.752930,0.752930,0.752930,0.755859,0.759766,0.761719,0.761719,0.766602,0.767578,0.768555,0.768555,0.768555,0.771484,0.771484,0.773438,0.773438,0.773438,0.773438,0.773438,0.773438,0.776367,0.778320,0.778320,0.780273,0.781250,0.783203,0.783203,0.783203,0.786133,0.786133,0.786133,0.788086,0.789062,0.789062,0.789062,0.789062,0.789062,0.789062,0.789062,0.789062,0.789062,0.789062,0.789062,0.789062,0.790039,0.790039,0.790039,0.790039,0.790039,0.790039,0.790039,0.790039,0.790039,0.790039,0.790039,0.790039,0.790039,0.790039,0.790039,0.790039,0.790039,0.790039,0.790039,0.790039,0.795898,0.795898,0.797852,0.797852,0.797852,0.797852,0.797852,0.797852,0.797852,0.797852,0.797852,0.797852,0.797852,0.797852,0.797852,0.797852,0.797852,0.797852,0.797852,0.797852,0.797852,0.797852,0.797852,0.797852,0.797852,0.797852,0.797852,0.797852,0.797852,0.797852,0.797852,0.797852,0.797852,0.797852,0.797852,0.797852,0.797852,0.797852,0.797852,0.797852,0.800781,0.800781,0.800781,0.800781,0.800781,0.800781,0.800781,0.800781,0.800781,0.800781,0.800781,0.800781,0.800781,0.800781,0.800781,0.801758,0.801758,0.801758,0.801758,0.801758,0.801758,0.801758,0.801758,0.801758,0.801758,0.801758,0.801758,0.801758,0.801758,0.801758,0.801758,0.801758,0.801758,0.802734,0.802734,0.802734,0.802734,0.802734,0.802734,0.802734,0.802734,0.802734,0.802734,0.803711,0.803711,0.803711,0.803711,0.803711,0.803711,0.803711,0.803711,0.803711,0.803711,0.803711,0.803711,0.803711,0.803711,0.803711,0.803711,0.803711,0.803711,0.803711,0.803711,0.803711,0.803711,0.803711,0.803711,0.803711,0.803711,0.803711,0.803711,0.803711,0.803711,0.803711,0.803711,0.803711,0.803711,0.803711,0.803711,0.803711,0.803711,0.803711,0.803711,0.803711,0.803711,0.803711,0.803711,0.803711,0.803711,
0.702271,0.736023,0.767395,0.767883,0.775696,0.775757,0.807007,0.823303,0.823364,0.823364,0.823364,0.837280,0.839233,0.839355,0.839355,0.840576,0.840637,0.840881,0.840881,0.840881,0.870789,0.870789,0.871765,0.871765,0.871765,0.871765,0.871765,0.871765,0.885864,0.886841,0.886841,0.887817,0.887878,0.888824,0.888824,0.888824,0.888916,0.888916,0.888916,0.889893,0.889923,0.889923,0.889923,0.889923,0.889923,0.889923,0.889923,0.889923,0.889923,0.889923,0.889923,0.889923,0.890167,0.890167,0.890167,0.890167,0.890167,0.890167,0.890167,0.890167,0.890167,0.890167,0.890167,0.890167,0.890167,0.890167,0.890167,0.890167,0.890167,0.890167,0.890167,0.890167,0.905670,0.905670,0.905792,0.905792,0.905792,0.905792,0.905792,0.905792,0.905792,0.905792,0.905792,0.905792,0.905792,0.905792,0.905792,0.905792,0.905792,0.905792,0.905792,0.905792,0.905792,0.905792,0.905792,0.905792,0.905792,0.905792,0.905792,0.905792,0.905792,0.905792,0.905792,0.905792,0.905792,0.905792,0.905792,0.905792,0.905792,0.905792,0.905792,0.905792,0.905975,0.905975,0.905975,0.905975,0.905975,0.905975,0.905975,0.905975,0.905975,0.905975,0.905975,0.905975,0.905975,0.905975,0.905975,0.906097,0.906097,0.906097,0.906097,0.906097,0.906097,0.906097,0.906097,0.906097,0.906097,0.906097,0.906097,0.906097,0.906097,0.906097,0.906097,0.906097,0.906097,0.906219,0.906219,0.906219,0.906219,0.906219,0.906219,0.906219,0.906219,0.906219,0.906219,0.906342,0.906342,0.906342,0.906342,0.906342,0.906342,0.906342,0.906342,0.906342,0.906342,0.906342,0.906342,0.906342,0.906342,0.906342,0.906342,0.906342,0.906342,0.906342,0.906342,0.906342,0.906342,0.906342,0.906342,0.906342,0.906342,0.906342,0.906342,0.906342,0.906342,0.906342,0.906342,0.906342,0.906342,0.906342,0.906342,0.906342,0.906342,0.906342,0.906342,0.906342,0.906342,0.906342,0.906342,0.906342,0.906342,
