kBasicLog: 1
kBreedEdges: 1
kBreedGates: 1
kBreedSample: 4
kBreedType: 0
kChildren: 100
kEvaluations: 20000
kGens: 100
kLegalGateTypes: 1
kLog: 1
kLogIter: 8
kMaxGenStagnation: 300
kMessUp: 0
kMutatePercent: 1
kMutationMode: 1
kMutations: 6
kPruneOrphans: 1
kSaveDotGraphs: 1
kSeed: 0
kThreads: 4
kThreshold: 1000
kTruthWeight: 1
columns: 13
rows: 5,5,5,5,5,5,5,5,5,5,5,5,4
goal_correct_count: 256
goal_total_count: 2048
goal_total_weighted_count: 65536
~
gates_used: 33
total_count: 1576
total_weighted_count: 0
percent: 0.769531
weighted_percent: 0.000000
evaluations: 20100
~
1494,1500,1500,1500,1522,1526,1530,1534,1548,1554,1558,1560,1564,1564,1568,1568,1568,1568,1568,1568,1568,1568,1568,1568,1568,1568,1568,1568,1568,1568,1568,1568,1568,1568,1568,1568,1568,1568,1568,1568,1568,1568,1568,1568,1568,1568,1568,1568,1568,1568,1568,1568,1568,1568,1568,1568,1568,1568,1568,1568,1568,1568,1568,1568,1568,1568,1568,1568,1568,1568,1568,1568,1568,1568,1572,1572,1572,1572,1572,1572,1572,1572,1572,1572,1572,1572,1572,1572,1572,1572,1572,1572,1572,1572,1572,1572,1572,1572,1572,1572,1572,1572,1572,1576,1576,1576,1576,1576,1576,1576,1576,1576,1576,1576,1576,1576,1576,1576,1576,1576,1576,1576,1576,1576,1576,1576,1576,1576,1576,1576,1576,1576,1576,1576,1576,1576,1576,1576,1576,1576,1576,1576,1576,1576,1576,1576,1576,1576,1576,1576,1576,1576,1576,1576,1576,1576,1576,1576,1576,1576,1576,1576,1576,1576,1576,1576,1576,1576,1576,1576,1576,1576,1576,1576,1576,1576,1576,1576,1576,1576,1576,1576,1576,1576,1576,1576,1576,1576,1576,1576,1576,1576,1576,1576,1576,1576,1576,1576,1576,1576,1576,
55420,55492,55492,55492,55760,55768,55896,55912,56836,56848,56912,56920,56952,56952,56968,56968,56968,56968,56968,56968,56968,56968,56968,56968,56968,56968,56968,56968,56968,56968,56968,56968,56968,56968,56968,56968,56968,56968,56968,56968,56968,56968,56968,56968,56968,56968,56968,56968,56968,56968,56968,56968,56968,56968,56968,56968,56968,56968,56968,56968,56968,56968,56968,56968,56968,56968,56968,56968,56968,56968,56968,56968,56968,56968,57080,57080,57080,57080,57080,57080,57080,57080,57080,57080,57080,57080,57080,57080,57080,57080,57080,57080,57080,57080,57080,57080,57080,57080,57080,57080,57080,57080,57080,57096,57096,57096,57096,57096,57096,57096,57096,57096,57096,57096,57096,57096,57096,57096,57096,57096,57096,57096,57096,57096,57096,57096,57096,57096,57096,57096,57096,57096,57096,57096,57096,57096,57096,57096,57096,57096,57096,57096,57096,57096,57096,57096,57096,57096,57096,57096,57096,57096,57096,57096,57096,57096,57096,57096,57096,57096,57096,57096,57096,57096,57096,57096,57096,57096,57096,57096,57096,57096,57096,57096,57096,57096,57096,57096,57096,57096,57096,57096,57096,57096,57096,57096,57096,57096,57096,57096,57096,57096,57096,57096,57096,57096,57096,57096,57096,57096,57096,
0.729492,0.732422,0.732422,0.732422,0.743164,0.745117,0.747070,0.749023,0.755859,0.758789,0.760742,0.761719,0.763672,0.763672,0.765625,0.765625,0.765625,0.765625,0.765625,0.765625,0.765625,0.765625,0.765625,0.765625,0.765625,0.765625,0.765625,0.765625,0.765625,0.765625,0.765625,0.765625,0.765625,0.765625,0.765625,0.765625,0.765625,0.765625,0.765625,0.765625,0.765625,0.765625,0.765625,0.765625,0.765625,0.765625,0.765625,0.765625,0.765625,0.765625,0.765625,0.765625,0.765625,0.765625,0.765625,0.765625,0.765625,0.765625,0.765625,0.765625,0.765625,0.765625,0.765625,0.765625,0.765625,0.765625,0.765625,0.765625,0.765625,0.765625,0.765625,0.765625,0.765625,0.765625,0.767578,0.767578,0.767578,0.767578,0.767578,0.767578,0.767578,0.767578,0.767578,0.767578,0.767578,0.767578,0.767578,0.767578,0.767578,0.767578,0.767578,0.767578,0.767578,0.767578,0.767578,0.767578,0.767578,0.767578,0.767578,0.767578,0.767578,0.767578,0.767578,0.769531,0.769531,0.769531,0.769531,0.769531,0.769531,0.769531,0.769531,0.769531,0.769531,0.769531,0.769531,0.769531,0.769531,0.769531,0.769531,0.769531,0.769531,0.769531,0.769531,0.769531,0.769531,0.769531,0.769531,0.769531,0.769531,0.769531,0.769531,0.769531,0.769531,0.769531,0.769531,0.769531,0.769531,0.769531,0.769531,0.769531,0.769531,0.769531,0.769531,0.769531,0.769531,0.769531,0.769531,0.769531,0.769531,0.769531,0.769531,0.769531,0.769531,0.769531,0.769531,0.769531,0.769531,0.769531,0.769531,0.769531,0.769531,0.769531,0.769531,0.769531,0.769531,0.769531,0.769531,0.769531,0.769531,0.769531,0.769531,0.769531,0.769531,0.769531,0.769531,0.769531,0.769531,0.769531,0.769531,0.769531,0.769531,0.769531,0.769531,0.769531,0.769531,0.769531,0.769531,0.769531,0.769531,0.769531,0.769531,0.769531,0.769531,0.769531,0.769531,0.769531,0.769531,0.769531,0.769531,0.769531,0.769531,
0.845642,0.846741,0.846741,0.846741,0.850830,0.850952,0.852905,0.853149,0.867249,0.867432,0.868408,0.868530,0.869019,0.869019,0.869263,0.869263,0.869263,0.869263,0.869263,0.869263,0.869263,0.869263,0.869263,0.869263,0.869263,0.869263,0.869263,0.869263,0.869263,0.869263,0.869263,0.869263,0.869263,0.869263,0.869263,0.869263,0.869263,0.869263,0.869263,0.869263,0.869263,0.869263,0.869263,0.869263,0.869263,0.869263,0.869263,0.869263,0.869263,0.869263,0.869263,0.869263,0.869263,0.869263,0.869263,0.869263,0.869263,0.869263,0.869263,0.869263,0.869263,0.869263,0.869263,0.869263,0.869263,0.869263,0.869263,0.869263,0.869263,0.869263,0.869263,0.869263,0.869263,0.869263,0.870972,0.870972,0.870972,0.870972,0.870972,0.870972,0.870972,0.870972,0.870972,0.870972,0.870972,0.870972,0.870972,0.870972,0.870972,0.870972,0.870972,0.870972,0.870972,0.870972,0.870972,0.870972,0.870972,0.870972,0.870972,0.870972,0.870972,0.870972,0.870972,0.871216,0.871216,0.871216,0.871216,0.871216,0.871216,0.871216,0.871216,0.871216,0.871216,0.871216,0.871216,0.871216,0.871216,0.871216,0.871216,0.871216,0.871216,0.871216,0.871216,0.871216,0.871216,0.871216,0.871216,0.871216,0.871216,0.871216,0.871216,0.871216,0.871216,0.871216,0.871216,0.871216,0.871216,0.871216,0.871216,0.871216,0.871216,0.871216,0.871216,0.871216,0.871216,0.871216,0.871216,0.871216,0.871216,0.871216,0.871216,0.871216,0.871216,0.871216,0.871216,0.871216,0.871216,0.871216,0.871216,0.871216,0.871216,0.871216,0.871216,0.871216,0.871216,0.871216,0.871216,0.871216,0.871216,0.871216,0.871216,0.871216,0.871216,0.871216,0.871216,0.871216,0.871216,0.871216,0.871216,0.871216,0.871216,0.871216,0.871216,0.871216,0.871216,0.871216,0.871216,0.871216,0.871216,0.871216,0.871216,0.871216,0.871216,0.871216,0.871216,0.871216,0.871216,0.871216,0.871216,0.871216,0.871216,
