kBasicLog: 1
kBreedEdges: 1
kBreedGates: 1
kBreedSample: 4
kBreedType: 0
kChildren: 100
kEvaluations: 20000
kGens: 100
kLegalGateTypes: 1
kLog: 1
kLogIter: 2
kMaxGenStagnation: 300
kMessUp: 0
kMutatePercent: 1
kMutationMode: 1
kMutations: 6
kPruneOrphans: 1
kSaveDotGraphs: 1
kSeed: 0
kThreads: 4
kThreshold: 1000
kTruthWeight: 1
columns: 13
rows: 5,5,5,5,5,5,5,5,5,5,5,5,4
goal_correct_count: 256
goal_total_count: 2048
goal_total_weighted_count: 65536
~
gates_used: 37
total_count: 1630
total_weighted_count: 0
percent: 0.795898
weighted_percent: 0.000000
evaluations: 20100
~
1414,1438,1456,1488,1512,1520,1530,1532,1540,1546,1546,1546,1546,1548,1548,1548,1550,1550,1550,1550,1550,1550,1550,1550,1550,1550,1550,1554,1554,1554,1554,1554,1554,1556,1556,1556,1556,1556,1558,1558,1560,1560,1560,1560,1560,1560,1560,1560,1560,1560,1560,1562,1562,1562,1562,1562,1562,1562,1562,1562,1566,1568,1568,1568,1568,1568,1568,1568,1568,1568,1568,1568,1568,1570,1570,1570,1582,1582,1582,1582,1582,1582,1582,1582,1582,1582,1582,1582,1582,1582,1582,1582,1582,1588,1588,1588,1588,1588,1588,1588,1588,1588,1588,1588,1588,1588,1588,1588,1588,1588,1588,1594,1595,1595,1595,1598,1598,1598,1602,1602,1602,1602,1602,1606,1606,1606,1606,1606,1606,1606,1606,1612,1612,1620,1622,1622,1622,1622,1622,1622,1622,1622,1622,1622,1622,1622,1622,1622,1622,1622,1622,1622,1622,1626,1626,1626,1626,1626,1626,1626,1626,1626,1626,1626,1626,1626,1626,1626,1626,1626,1626,1626,1630,1630,1630,1630,1630,1630,1630,1630,1630,1630,1630,1630,1630,1630,1630,1630,1630,1630,1630,1630,1630,1630,1630,1630,1630,1630,1630,1630,1630,
45136,46416,47448,51544,55256,55512,55556,55564,55820,55844,55844,55844,55844,55852,55852,55852,55860,55860,55860,55860,55860,55860,55860,55860,55860,55860,55860,55892,55892,55892,55892,55892,55892,55896,55896,55896,55896,55896,55928,55928,55960,55960,55960,55960,55960,55960,55960,55960,55960,55960,55960,55992,55992,55992,55992,55992,55992,55992,55992,55992,56008,56012,56012,56012,56012,56012,56012,56012,56012,56012,56012,56012,56012,56244,56244,56244,56292,56292,56292,56292,56292,56292,56292,56292,56292,56292,56292,56292,56292,56292,56292,56292,56292,56298,56298,56298,56298,56298,56298,56298,56298,56298,56298,56298,56298,56298,56298,56298,56298,56298,56298,56682,56989,56989,56989,56992,56992,56992,56996,56996,56996,56996,56996,57252,57252,57252,57252,57252,57252,57252,57252,57732,57732,58244,58276,58276,58276,58276,58276,58276,58276,58276,58276,58276,58276,58276,58276,58276,58276,58276,58276,58276,58276,58316,58316,58316,58316,58316,58316,58316,58316,58316,58316,58316,58316,58316,58316,58316,58316,58316,58316,58316,58572,58572,58572,58572,58572,58572,58572,58572,58572,58572,58572,58572,58572,58572,58572,58572,58572,58572,58572,58572,58572,58572,58572,58572,58572,58572,58572,58572,58572,
0.690430,0.702148,0.710938,0.726562,0.738281,0.742188,0.747070,0.748047,0.751953,0.754883,0.754883,0.754883,0.754883,0.755859,0.755859,0.755859,0.756836,0.756836,0.756836,0.756836,0.756836,0.756836,0.756836,0.756836,0.756836,0.756836,0.756836,0.758789,0.758789,0.758789,0.758789,0.758789,0.758789,0.759766,0.759766,0.759766,0.759766,0.759766,0.760742,0.760742,0.761719,0.761719,0.761719,0.761719,0.761719,0.761719,0.761719,0.761719,0.761719,0.761719,0.761719,0.762695,0.762695,0.762695,0.762695,0.762695,0.762695,0.762695,0.762695,0.762695,0.764648,0.765625,0.765625,0.765625,0.765625,0.765625,0.765625,0.765625,0.765625,0.765625,0.765625,0.765625,0.765625,0.766602,0.766602,0.766602,0.772461,0.772461,0.772461,0.772461,0.772461,0.772461,0.772461,0.772461,0.772461,0.772461,0.772461,0.772461,0.772461,0.772461,0.772461,0.772461,0.772461,0.775391,0.775391,0.775391,0.775391,0.775391,0.775391,0.775391,0.775391,0.775391,0.775391,0.775391,0.775391,0.775391,0.775391,0.775391,0.775391,0.775391,0.775391,0.778320,0.778809,0.778809,0.778809,0.780273,0.780273,0.780273,0.782227,0.782227,0.782227,0.782227,0.782227,0.784180,0.784180,0.784180,0.784180,0.784180,0.784180,0.784180,0.784180,0.787109,0.787109,0.791016,0.791992,0.791992,0.791992,0.791992,0.791992,0.791992,0.791992,0.791992,0.791992,0.791992,0.791992,0.791992,0.791992,0.791992,0.791992,0.791992,0.791992,0.791992,0.791992,0.793945,0.793945,0.793945,0.793945,0.793945,0.793945,0.793945,0.793945,0.793945,0.793945,0.793945,0.793945,0.793945,0.793945,0.793945,0.793945,0.793945,0.793945,0.793945,0.795898,0.795898,0.795898,0.795898,0.795898,0.795898,0.795898,0.795898,0.795898,0.795898,0.795898,0.795898,0.795898,0.795898,0.795898,0.795898,0.795898,0.795898,0.795898,0.795898,0.795898,0.795898,0.795898,0.795898,0.795898,0.795898,0.795898,0.795898,0.795898,
0.688721,0.708252,0.723999,0.786499,0.843140,0.847046,0.847717,0.847839,0.851746,0.852112,0.852112,0.852112,0.852112,0.852234,0.852234,0.852234,0.852356,0.852356,0.852356,0.852356,0.852356,0.852356,0.852356,0.852356,0.852356,0.852356,0.852356,0.852844,0.852844,0.852844,0.852844,0.852844,0.852844,0.852905,0.852905,0.852905,0.852905,0.852905,0.853394,0.853394,0.853882,0.853882,0.853882,0.853882,0.853882,0.853882,0.853882,0.853882,0.853882,0.853882,0.853882,0.854370,0.854370,0.854370,0.854370,0.854370,0.854370,0.854370,0.854370,0.854370,0.854614,0.854675,0.854675,0.854675,0.854675,0.854675,0.854675,0.854675,0.854675,0.854675,0.854675,0.854675,0.854675,0.858215,0.858215,0.858215,0.858948,0.858948,0.858948,0.858948,0.858948,0.858948,0.858948,0.858948,0.858948,0.858948,0.858948,0.858948,0.858948,0.858948,0.858948,0.858948,0.858948,0.859039,0.859039,0.859039,0.859039,0.859039,0.859039,0.859039,0.859039,0.859039,0.859039,0.859039,0.859039,0.859039,0.859039,0.859039,0.859039,0.859039,0.859039,0.864899,0.869583,0.869583,0.869583,0.869629,0.869629,0.869629,0.869690,0.869690,0.869690,0.869690,0.869690,0.873596,0.873596,0.873596,0.873596,0.873596,0.873596,0.873596,0.873596,0.880920,0.880920,0.888733,0.889221,0.889221,0.889221,0.889221,0.889221,0.889221,0.889221,0.889221,0.889221,0.889221,0.889221,0.889221,0.889221,0.889221,0.889221,0.889221,0.889221,0.889221,0.889221,0.889832,0.889832,0.889832,0.889832,0.889832,0.889832,0.889832,0.889832,0.889832,0.889832,0.889832,0.889832,0.889832,0.889832,0.889832,0.889832,0.889832,0.889832,0.889832,0.893738,0.893738,0.893738,0.893738,0.893738,0.893738,0.893738,0.893738,0.893738,0.893738,0.893738,0.893738,0.893738,0.893738,0.893738,0.893738,0.893738,0.893738,0.893738,0.893738,0.893738,0.893738,0.893738,0.893738,0.893738,0.893738,0.893738,0.893738,0.893738,
