kBasicLog: 1
kBreedEdges: 1
kBreedGates: 1
kBreedSample: 4
kBreedType: 0
kChildren: 100
kEvaluations: 20000
kGens: 100
kLegalGateTypes: 1
kLog: 1
kLogIter: 5
kMaxGenStagnation: 300
kMessUp: 0
kMutatePercent: 1
kMutationMode: 1
kMutations: 6
kPruneOrphans: 1
kSaveDotGraphs: 1
kSeed: 0
kThreads: 4
kThreshold: 1000
kTruthWeight: 1
columns: 13
rows: 5,5,5,5,5,5,5,5,5,5,5,5,4
goal_correct_count: 256
goal_total_count: 2048
goal_total_weighted_count: 65536
~
gates_used: 33
total_count: 1608
total_weighted_count: 0
percent: 0.785156
weighted_percent: 0.000000
evaluations: 20100
~
1456,1460,1492,1500,1508,1510,1518,1526,1536,1544,1548,1548,1560,1560,1560,1560,1560,1560,1560,1560,1560,1560,1560,1560,1560,1560,1560,1560,1560,1560,1560,1560,1560,1560,1560,1560,1560,1560,1560,1560,1560,1560,1560,1560,1560,1560,1560,1560,1560,1560,1560,1560,1560,1560,1560,1560,1560,1560,1560,1560,1560,1566,1576,1580,1586,1586,1588,1594,1594,1594,1598,1598,1598,1598,1598,1604,1604,1604,1604,1604,1604,1604,1604,1604,1604,1604,1604,1604,1604,1604,1604,1604,1604,1604,1604,1604,1604,1604,1604,1604,1604,1604,1604,1604,1604,1604,1604,1604,1604,1604,1604,1604,1604,1604,1604,1604,1604,1604,1604,1604,1604,1604,1604,1604,1604,1604,1604,1604,1608,1608,1608,1608,1608,1608,1608,1608,1608,1608,1608,1608,1608,1608,1608,1608,1608,1608,1608,1608,1608,1608,1608,1608,1608,1608,1608,1608,1608,1608,1608,1608,1608,1608,1608,1608,1608,1608,1608,1608,1608,1608,1608,1608,1608,1608,1608,1608,1608,1608,1608,1608,1608,1608,1608,1608,1608,1608,1608,1608,1608,1608,1608,1608,1608,1608,1608,1608,1608,1608,1608,1608,1608,
49732,49796,53892,54404,54916,54932,55060,55572,55732,56244,56260,56260,56284,56284,56284,56284,56284,56284,56284,56284,56284,56284,56284,56284,56284,56284,56284,56284,56284,56284,56284,56284,56284,56284,56284,56284,56284,56284,56284,56284,56284,56284,56284,56284,56284,56284,56284,56284,56284,56284,56284,56284,56284,56284,56284,56284,56284,56284,56284,56284,56284,56290,56300,56332,56428,56428,56444,56540,56540,56540,56604,56604,56604,56604,56604,56616,56616,56616,56616,56616,56616,56616,56616,56616,56616,56616,56616,56616,56616,56616,56616,56616,56616,56616,56616,56616,56616,56616,56616,56616,56616,56616,56616,56616,56616,56616,56616,56616,56616,56616,56616,56616,56616,56616,56616,56616,56616,56616,56616,56616,56616,56616,56616,56616,56616,56616,56616,56616,56632,56632,56632,56632,56632,56632,56632,56632,56632,56632,56632,56632,56632,56632,56632,56632,56632,56632,56632,56632,56632,56632,56632,56632,56632,56632,56632,56632,56632,56632,56632,56632,56632,56632,56632,56632,56632,56632,56632,56632,56632,56632,56632,56632,56632,56632,56632,56632,56632,56632,56632,56632,56632,56632,56632,56632,56632,56632,56632,56632,56632,56632,56632,56632,56632,56632,56632,56632,56632,56632,56632,56632,56632,
0.710938,0.712891,0.728516,0.732422,0.736328,0.737305,0.741211,0.745117,0.750000,0.753906,0.755859,0.755859,0.761719,0.761719,0.761719,0.761719,0.761719,0.761719,0.761719,0.761719,0.761719,0.761719,0.761719,0.761719,0.761719,0.761719,0.761719,0.761719,0.761719,0.761719,0.761719,0.761719,0.761719,0.761719,0.761719,0.761719,0.761719,0.761719,0.761719,0.761719,0.761719,0.761719,0.761719,0.761719,0.761719,0.761719,0.761719,0.761719,0.761719,0.761719,0.761719,0.761719,0.761719,0.761719,0.761719,0.761719,0.761719,0.761719,0.761719,0.761719,0.761719,0.764648,0.769531,0.771484,0.774414,0.774414,0.775391,0.778320,0.778320,0.778320,0.780273,0.780273,0.780273,0.780273,0.780273,0.783203,0.783203,0.783203,0.783203,0.783203,0.783203,0.783203,0.783203,0.783203,0.783203,0.783203,0.783203,0.783203,0.783203,0.783203,0.783203,0.783203,0.783203,0.783203,0.783203,0.783203,0.783203,0.783203,0.783203,0.783203,0.783203,0.783203,0.783203,0.783203,0.783203,0.783203,0.783203,0.783203,0.783203,0.783203,0.783203,0.783203,0.783203,0.783203,0.783203,0.783203,0.783203,0.783203,0.783203,0.783203,0.783203,0.783203,0.783203,0.783203,0.783203,0.783203,0.783203,0.783203,0.785156,0.785156,0.785156,0.785156,0.785156,0.785156,0.785156,0.785156,0.785156,0.785156,0.785156,0.785156,0.785156,0.785156,0.785156,0.785156,0.785156,0.785156,0.785156,0.785156,0.785156,0.785156,0.785156,0.785156,0.785156,0.785156,0.785156,0.785156,0.785156,0.785156,0.785156,0.785156,0.785156,0.785156,0.785156,0.785156,0.785156,0.785156,0.785156,0.785156,0.785156,0.785156,0.785156,0.785156,0.785156,0.785156,0.785156,0.785156,0.785156,0.785156,0.785156,0.785156,0.785156,0.785156,0.785156,0.785156,0.785156,0.785156,0.785156,0.785156,0.785156,0.785156,0.785156,0.785156,0.785156,0.785156,0.785156,0.785156,0.785156,0.785156,0.785156,0.785156,0.785156,
0.758850,0.759827,0.822327,0.830139,0.837952,0.838196,0.840149,0.847961,0.850403,0.858215,0.858459,0.858459,0.858826,0.858826,0.858826,0.858826,0.858826,0.858826,0.858826,0.858826,0.858826,0.858826,0.858826,0.858826,0.858826,0.858826,0.858826,0.858826,0.858826,0.858826,0.858826,0.858826,0.858826,0.858826,0.858826,0.858826,0.858826,0.858826,0.858826,0.858826,0.858826,0.858826,0.858826,0.858826,0.858826,0.858826,0.858826,0.858826,0.858826,0.858826,0.858826,0.858826,0.858826,0.858826,0.858826,0.858826,0.858826,0.858826,0.858826,0.858826,0.858826,0.858917,0.859070,0.859558,0.861023,0.861023,0.861267,0.862732,0.862732,0.862732,0.863708,0.863708,0.863708,0.863708,0.863708,0.863892,0.863892,0.863892,0.863892,0.863892,0.863892,0.863892,0.863892,0.863892,0.863892,0.863892,0.863892,0.863892,0.863892,0.863892,0.863892,0.863892,0.863892,0.863892,0.863892,0.863892,0.863892,0.863892,0.863892,0.863892,0.863892,0.863892,0.863892,0.863892,0.863892,0.863892,0.863892,0.863892,0.863892,0.863892,0.863892,0.863892,0.863892,0.863892,0.863892,0.863892,0.863892,0.863892,0.863892,0.863892,0.863892,0.863892,0.863892,0.863892,0.863892,0.863892,0.863892,0.863892,0.864136,0.864136,0.864136,0.864136,0.864136,0.864136,0.864136,0.864136,0.864136,0.864136,0.864136,0.864136,0.864136,0.864136,0.864136,0.864136,0.864136,0.864136,0.864136,0.864136,0.864136,0.864136,0.864136,0.864136,0.864136,0.864136,0.864136,0.864136,0.864136,0.864136,0.864136,0.864136,0.864136,0.864136,0.864136,0.864136,0.864136,0.864136,0.864136,0.864136,0.864136,0.864136,0.864136,0.864136,0.864136,0.864136,0.864136,0.864136,0.864136,0.864136,0.864136,0.864136,0.864136,0.864136,0.864136,0.864136,0.864136,0.864136,0.864136,0.864136,0.864136,0.864136,0.864136,0.864136,0.864136,0.864136,0.864136,0.864136,0.864136,0.864136,0.864136,0.864136,0.864136,
