kBasicLog: 1
kBreedEdges: 1
kBreedGates: 1
kBreedSample: 4
kBreedType: 0
kChildren: 100
kEvaluations: 20000
kGens: 100
kLegalGateTypes: 1
kLog: 1
kLogIter: 4
kMaxGenStagnation: 300
kMessUp: 0
kMutatePercent: 1
kMutationMode: 1
kMutations: 6
kPruneOrphans: 1
kSaveDotGraphs: 1
kSeed: 0
kThreads: 4
kThreshold: 1000
kTruthWeight: 1
columns: 13
rows: 5,5,5,5,5,5,5,5,5,5,5,5,4
goal_correct_count: 256
goal_total_count: 2048
goal_total_weighted_count: 65536
~
gates_used: 36
total_count: 1602
total_weighted_count: 0
percent: 0.782227
weighted_percent: 0.000000
evaluations: 20100
~
1458,1462,1484,1492,1504,1516,1522,1526,1526,1526,1526,1526,1526,1528,1528,1528,1534,1544,1546,1546,1546,1546,1548,1548,1548,1550,1550,1550,1554,1554,1554,1556,1556,1558,1558,1566,1566,1566,1566,1570,1570,1570,1570,1570,1570,1570,1570,1570,1570,1572,1572,1572,1572,1572,1572,1572,1572,1572,1572,1576,1576,1576,1576,1576,1576,1576,1576,1576,1576,1584,1584,1584,1588,1588,1588,1588,1588,1588,1588,1588,1588,1588,1588,1588,1588,1588,1588,1588,1588,1590,1590,1590,1590,1590,1590,1590,1590,1590,1590,1594,1594,1594,1594,1594,1594,1594,1594,1594,1594,1594,1594,1594,1594,1594,1594,1594,1594,1594,1594,1594,1594,1594,1594,1594,1594,1594,1594,1594,1594,1594,1594,1594,1594,1594,1594,1594,1594,1594,1594,1594,1594,1594,1594,1594,1594,1594,1594,1594,1594,1594,1594,1594,1594,1594,1594,1594,1594,1594,1594,1594,1594,1594,1594,1594,1594,1594,1594,1594,1594,1594,1594,1602,1602,1602,1602,1602,1602,1602,1602,1602,1602,1602,1602,1602,1602,1602,1602,1602,1602,1602,1602,1602,1602,1602,1602,1602,1602,1602,1602,1602,1602,
46796,47308,48842,49866,50382,54222,54246,54502,54502,54502,54502,54502,54502,54518,54518,54518,56024,56044,56072,56072,56072,56072,56088,56088,56088,56090,56090,56090,56122,56122,56122,56126,56126,56130,56130,56386,56386,56386,56386,56394,56394,56394,56394,56394,56394,56394,56394,56394,56394,56498,56498,56498,56498,56498,56498,56498,56498,56498,56498,56530,56530,56530,56530,56530,56530,56530,56530,56530,56530,56546,56546,56546,56550,56550,56550,56550,56550,56550,56550,56550,56550,56550,56550,56550,56550,56550,56550,56550,56550,56566,56566,56566,56566,56566,56566,56566,56566,56566,56566,56598,56598,56598,56598,56598,56598,56598,56598,56598,56598,56598,56598,56598,56598,56598,56598,56598,56598,56598,56598,56598,56598,56598,56598,56598,56598,56598,56598,56598,56598,56598,56598,56598,56598,56598,56598,56598,56598,56598,56598,56598,56598,56598,56598,56598,56598,56598,56598,56598,56598,56598,56598,56598,56598,56598,56598,56598,56598,56598,56598,56598,56598,56598,56598,56598,56598,56598,56598,56598,56598,56598,56598,56726,56726,56726,56726,56726,56726,56726,56726,56726,56726,56726,56726,56726,56726,56726,56726,56726,56726,56726,56726,56726,56726,56726,56726,56726,56726,56726,56726,56726,56726,
0.711914,0.713867,0.724609,0.728516,0.734375,0.740234,0.743164,0.745117,0.745117,0.745117,0.745117,0.745117,0.745117,0.746094,0.746094,0.746094,0.749023,0.753906,0.754883,0.754883,0.754883,0.754883,0.755859,0.755859,0.755859,0.756836,0.756836,0.756836,0.758789,0.758789,0.758789,0.759766,0.759766,0.760742,0.760742,0.764648,0.764648,0.764648,0.764648,0.766602,0.766602,0.766602,0.766602,0.766602,0.766602,0.766602,0.766602,0.766602,0.766602,0.767578,0.767578,0.767578,0.767578,0.767578,0.767578,0.767578,0.767578,0.767578,0.767578,0.769531,0.769531,0.769531,0.769531,0.769531,0.769531,0.769531,0.769531,0.769531,0.769531,0.773438,0.773438,0.773438,0.775391,0.775391,0.775391,0.775391,0.775391,0.775391,0.775391,0.775391,0.775391,0.775391,0.775391,0.775391,0.775391,0.775391,0.775391,0.775391,0.775391,0.776367,0.776367,0.776367,0.776367,0.776367,0.776367,0.776367,0.776367,0.776367,0.776367,0.778320,0.778320,0.778320,0.778320,0.778320,0.778320,0.778320,0.778320,0.778320,0.778320,0.778320,0.778320,0.778320,0.778320,0.778320,0.778320,0.778320,0.778320,0.778320,0.778320,0.778320,0.778320,0.778320,0.778320,0.778320,0.778320,0.778320,0.778320,0.778320,0.778320,0.778320,0.778320,0.778320,0.778320,0.778320,0.778320,0.778320,0.778320,0.778320,0.778320,0.778320,0.778320,0.778320,0.778320,0.778320,0.778320,0.778320,0.778320,0.778320,0.778320,0.778320,0.778320,0.778320,0.778320,0.778320,0.778320,0.778320,0.778320,0.778320,0.778320,0.778320,0.778320,0.778320,0.778320,0.778320,0.778320,0.778320,0.778320,0.778320,0.778320,0.778320,0.778320,0.782227,0.782227,0.782227,0.782227,0.782227,0.782227,0.782227,0.782227,0.782227,0.782227,0.782227,0.782227,0.782227,0.782227,0.782227,0.782227,0.782227,0.782227,0.782227,0.782227,0.782227,0.782227,0.782227,0.782227,0.782227,0.782227,0.782227,0.782227,0.782227,0.782227,
0.714050,0.721863,0.745270,0.760895,0.768768,0.827362,0.827728,0.831635,0.831635,0.831635,0.831635,0.831635,0.831635,0.831879,0.831879,0.831879,0.854858,0.855164,0.855591,0.855591,0.855591,0.855591,0.855835,0.855835,0.855835,0.855865,0.855865,0.855865,0.856354,0.856354,0.856354,0.856415,0.856415,0.856476,0.856476,0.860382,0.860382,0.860382,0.860382,0.860504,0.860504,0.860504,0.860504,0.860504,0.860504,0.860504,0.860504,0.860504,0.860504,0.862091,0.862091,0.862091,0.862091,0.862091,0.862091,0.862091,0.862091,0.862091,0.862091,0.862579,0.862579,0.862579,0.862579,0.862579,0.862579,0.862579,0.862579,0.862579,0.862579,0.862823,0.862823,0.862823,0.862885,0.862885,0.862885,0.862885,0.862885,0.862885,0.862885,0.862885,0.862885,0.862885,0.862885,0.862885,0.862885,0.862885,0.862885,0.862885,0.862885,0.863129,0.863129,0.863129,0.863129,0.863129,0.863129,0.863129,0.863129,0.863129,0.863129,0.863617,0.863617,0.863617,0.863617,0.863617,0.863617,0.863617,0.863617,0.863617,0.863617,0.863617,0.863617,0.863617,0.863617,0.863617,0.863617,0.863617,0.863617,0.863617,0.863617,0.863617,0.863617,0.863617,0.863617,0.863617,0.863617,0.863617,0.863617,0.863617,0.863617,0.863617,0.863617,0.863617,0.863617,0.863617,0.863617,0.863617,0.863617,0.863617,0.863617,0.863617,0.863617,0.863617,0.863617,0.863617,0.863617,0.863617,0.863617,0.863617,0.863617,0.863617,0.863617,0.863617,0.863617,0.863617,0.863617,0.863617,0.863617,0.863617,0.863617,0.863617,0.863617,0.863617,0.863617,0.863617,0.863617,0.863617,0.863617,0.863617,0.863617,0.863617,0.863617,0.865570,0.865570,0.865570,0.865570,0.865570,0.865570,0.865570,0.865570,0.865570,0.865570,0.865570,0.865570,0.865570,0.865570,0.865570,0.865570,0.865570,0.865570,0.865570,0.865570,0.865570,0.865570,0.865570,0.865570,0.865570,0.865570,0.865570,0.865570,0.865570,0.865570,
