kBasicLog: 1
kBreedEdges: 1
kBreedGates: 1
kBreedSample: 4
kBreedType: 0
kChildren: 100
kEvaluations: 20000
kGens: 100
kLegalGateTypes: 1
kLog: 1
kLogIter: 3
kMaxGenStagnation: 300
kMessUp: 0
kMutatePercent: 1
kMutationMode: 1
kMutations: 6
kPruneOrphans: 1
kSaveDotGraphs: 1
kSeed: 0
kThreads: 4
kThreshold: 1000
kTruthWeight: 1
columns: 13
rows: 5,5,5,5,5,5,5,5,5,5,5,5,4
goal_correct_count: 256
goal_total_count: 2048
goal_total_weighted_count: 65536
~
gates_used: 36
total_count: 1576
total_weighted_count: 0
percent: 0.769531
weighted_percent: 0.000000
evaluations: 20100
~
1394,1418,1462,1478,1486,1486,1494,1502,1510,1524,1526,1530,1534,1534,1538,1546,1546,1546,1546,1546,1554,1554,1554,1554,1554,1554,1554,1554,1554,1554,1554,1554,1554,1554,1554,1554,1554,1554,1554,1554,1554,1554,1554,1554,1554,1554,1554,1554,1554,1554,1554,1554,1554,1554,1554,1554,1554,1558,1558,1558,1558,1558,1558,1558,1558,1558,1558,1558,1558,1558,1558,1560,1560,1560,1560,1564,1564,1564,1564,1564,1564,1564,1564,1564,1564,1564,1564,1564,1564,1564,1564,1572,1572,1572,1572,1572,1572,1572,1572,1572,1572,1572,1572,1572,1572,1572,1572,1572,1572,1572,1572,1572,1572,1572,1572,1572,1572,1572,1576,1576,1576,1576,1576,1576,1576,1576,1576,1576,1576,1576,1576,1576,1576,1576,1576,1576,1576,1576,1576,1576,1576,1576,1576,1576,1576,1576,1576,1576,1576,1576,1576,1576,1576,1576,1576,1576,1576,1576,1576,1576,1576,1576,1576,1576,1576,1576,1576,1576,1576,1576,1576,1576,1576,1576,1576,1576,1576,1576,1576,1576,1576,1576,1576,1576,1576,1576,1576,1576,1576,1576,1576,1576,1576,1576,1576,1576,1576,1576,1576,1576,1576,
45020,46044,53244,54268,55164,55164,55292,55548,55612,56588,56604,56668,56700,56700,56716,56748,56748,56748,56748,56748,56876,56876,56876,56876,56876,56876,56876,56876,56876,56876,56876,56876,56876,56876,56876,56876,56876,56876,56876,56876,56876,56876,56876,56876,56876,56876,56876,56876,56876,56876,56876,56876,56876,56876,56876,56876,56876,56884,56884,56884,56884,56884,56884,56884,56884,56884,56884,56884,56884,56884,56884,56888,56888,56888,56888,56896,56896,56896,56896,56896,56896,56896,56896,56896,56896,56896,56896,56896,56896,56896,56896,57152,57152,57152,57152,57152,57152,57152,57152,57152,57152,57152,57152,57152,57152,57152,57152,57160,57160,57160,57160,57160,57160,57160,57160,57160,57160,57160,57224,57224,57224,57224,57224,57224,57224,57224,57224,57224,57224,57224,57224,57224,57224,57224,57224,57224,57224,57224,57224,57224,57224,57224,57224,57224,57224,57224,57224,57224,57224,57224,57224,57224,57224,57224,57224,57224,57224,57224,57224,57224,57224,57224,57224,57224,57224,57224,57224,57224,57224,57224,57224,57224,57224,57224,57224,57224,57224,57224,57224,57224,57224,57224,57224,57224,57224,57224,57224,57224,57224,57224,57224,57224,57224,57224,57224,57224,57224,57224,57224,57224,57224,
0.680664,0.692383,0.713867,0.721680,0.725586,0.725586,0.729492,0.733398,0.737305,0.744141,0.745117,0.747070,0.749023,0.749023,0.750977,0.754883,0.754883,0.754883,0.754883,0.754883,0.758789,0.758789,0.758789,0.758789,0.758789,0.758789,0.758789,0.758789,0.758789,0.758789,0.758789,0.758789,0.758789,0.758789,0.758789,0.758789,0.758789,0.758789,0.758789,0.758789,0.758789,0.758789,0.758789,0.758789,0.758789,0.758789,0.758789,0.758789,0.758789,0.758789,0.758789,0.758789,0.758789,0.758789,0.758789,0.758789,0.758789,0.760742,0.760742,0.760742,0.760742,0.760742,0.760742,0.760742,0.760742,0.760742,0.760742,0.760742,0.760742,0.760742,0.760742,0.761719,0.761719,0.761719,0.761719,0.763672,0.763672,0.763672,0.763672,0.763672,0.763672,0.763672,0.763672,0.763672,0.763672,0.763672,0.763672,0.763672,0.763672,0.763672,0.763672,0.767578,0.767578,0.767578,0.767578,0.767578,0.767578,0.767578,0.767578,0.767578,0.767578,0.767578,0.767578,0.767578,0.767578,0.767578,0.767578,0.767578,0.767578,0.767578,0.767578,0.767578,0.767578,0.767578,0.767578,0.767578,0.767578,0.767578,0.769531,0.769531,0.769531,0.769531,0.769531,0.769531,0.769531,0.769531,0.769531,0.769531,0.769531,0.769531,0.769531,0.769531,0.769531,0.769531,0.769531,0.769531,0.769531,0.769531,0.769531,0.769531,0.769531,0.769531,0.769531,0.769531,0.769531,0.769531,0.769531,0.769531,0.769531,0.769531,0.769531,0.769531,0.769531,0.769531,0.769531,0.769531,0.769531,0.769531,0.769531,0.769531,0.769531,0.769531,0.769531,0.769531,0.769531,0.769531,0.769531,0.769531,0.769531,0.769531,0.769531,0.769531,0.769531,0.769531,0.769531,0.769531,0.769531,0.769531,0.769531,0.769531,0.769531,0.769531,0.769531,0.769531,0.769531,0.769531,0.769531,0.769531,0.769531,0.769531,0.769531,0.769531,0.769531,0.769531,0.769531,0.769531,0.769531,0.769531,0.769531,0.769531,0.769531,
0.686951,0.702576,0.812439,0.828064,0.841736,0.841736,0.843689,0.847595,0.848572,0.863464,0.863708,0.864685,0.865173,0.865173,0.865417,0.865906,0.865906,0.865906,0.865906,0.865906,0.867859,0.867859,0.867859,0.867859,0.867859,0.867859,0.867859,0.867859,0.867859,0.867859,0.867859,0.867859,0.867859,0.867859,0.867859,0.867859,0.867859,0.867859,0.867859,0.867859,0.867859,0.867859,0.867859,0.867859,0.867859,0.867859,0.867859,0.867859,0.867859,0.867859,0.867859,0.867859,0.867859,0.867859,0.867859,0.867859,0.867859,0.867981,0.867981,0.867981,0.867981,0.867981,0.867981,0.867981,0.867981,0.867981,0.867981,0.867981,0.867981,0.867981,0.867981,0.868042,0.868042,0.868042,0.868042,0.868164,0.868164,0.868164,0.868164,0.868164,0.868164,0.868164,0.868164,0.868164,0.868164,0.868164,0.868164,0.868164,0.868164,0.868164,0.868164,0.872070,0.872070,0.872070,0.872070,0.872070,0.872070,0.872070,0.872070,0.872070,0.872070,0.872070,0.872070,0.872070,0.872070,0.872070,0.872070,0.872192,0.872192,0.872192,0.872192,0.872192,0.872192,0.872192,0.872192,0.872192,0.872192,0.872192,0.873169,0.873169,0.873169,0.873169,0.873169,0.873169,0.873169,0.873169,0.873169,0.873169,0.873169,0.873169,0.873169,0.873169,0.873169,0.873169,0.873169,0.873169,0.873169,0.873169,0.873169,0.873169,0.873169,0.873169,0.873169,0.873169,0.873169,0.873169,0.873169,0.873169,0.873169,0.873169,0.873169,0.873169,0.873169,0.873169,0.873169,0.873169,0.873169,0.873169,0.873169,0.873169,0.873169,0.873169,0.873169,0.873169,0.873169,0.873169,0.873169,0.873169,0.873169,0.873169,0.873169,0.873169,0.873169,0.873169,0.873169,0.873169,0.873169,0.873169,0.873169,0.873169,0.873169,0.873169,0.873169,0.873169,0.873169,0.873169,0.873169,0.873169,0.873169,0.873169,0.873169,0.873169,0.873169,0.873169,0.873169,0.873169,0.873169,0.873169,0.873169,0.873169,0.873169,
