kBasicLog: 1
kBreedEdges: 1
kBreedGates: 1
kBreedSample: 4
kBreedType: 0
kChildren: 100
kEvaluations: 20000
kGens: 100
kLegalGateTypes: 1
kLog: 1
kLogIter: 6
kMaxGenStagnation: 300
kMessUp: 0
kMutatePercent: 1
kMutationMode: 1
kMutations: 6
kPruneOrphans: 1
kSaveDotGraphs: 1
kSeed: 0
kThreads: 4
kThreshold: 1000
kTruthWeight: 1
columns: 13
rows: 5,5,5,5,5,5,5,5,5,5,5,5,4
goal_correct_count: 256
goal_total_count: 2048
goal_total_weighted_count: 65536
~
gates_used: 39
total_count: 1616
total_weighted_count: 0
percent: 0.789062
weighted_percent: 0.000000
evaluations: 20100
~
1434,1468,1480,1482,1490,1502,1514,1522,1526,1530,1538,1538,1546,1554,1564,1568,1568,1568,1568,1568,1568,1568,1568,1568,1568,1568,1568,1568,1568,1568,1568,1568,1568,1568,1568,1568,1568,1568,1568,1568,1568,1568,1568,1578,1578,1578,1578,1578,1578,1578,1578,1578,1578,1578,1578,1578,1578,1584,1584,1586,1588,1590,1590,1592,1592,1594,1594,1594,1594,1594,1598,1598,1598,1598,1606,1606,1606,1606,1606,1606,1606,1606,1606,1606,1606,1606,1606,1606,1606,1606,1606,1606,1606,1606,1606,1606,1606,1606,1606,1606,1606,1606,1606,1606,1606,1606,1606,1606,1606,1606,1606,1606,1606,1606,1606,1606,1606,1606,1606,1606,1606,1606,1606,1606,1606,1606,1606,1606,1606,1606,1606,1606,1606,1606,1606,1606,1606,1606,1606,1606,1606,1606,1606,1606,1606,1606,1606,1606,1606,1606,1606,1606,1606,1606,1606,1606,1606,1606,1606,1606,1606,1606,1606,1606,1606,1606,1606,1608,1610,1610,1610,1610,1610,1610,1610,1610,1610,1610,1614,1614,1614,1614,1614,1614,1614,1614,1614,1614,1614,1616,1616,1616,1616,1616,1616,1616,1616,1616,1616,1616,1616,
47452,50588,50972,51820,51832,52792,54824,55336,55352,55356,57276,57276,59228,59356,59620,59636,59636,59636,59636,59636,59636,59636,59636,59636,59636,59636,59636,59636,59636,59636,59636,59636,59636,59636,59636,59636,59636,59636,59636,59636,59636,59636,59636,59702,59702,59702,59702,59702,59702,59702,59702,59702,59702,59702,59702,59702,59702,59714,59714,59744,59748,59752,59752,59754,59754,59758,59758,59758,59758,59758,59762,59762,59762,59762,59890,59890,59890,59890,59890,59890,59890,59890,59890,59890,59890,59890,59890,59890,59890,59890,59890,59890,59890,59890,59890,59890,59890,59890,59890,59890,59890,59890,59890,59890,59890,59890,59890,59890,59890,59890,59890,59890,59890,59890,59890,59890,59890,59890,59890,59890,59890,59890,59890,59890,59890,59890,59890,59890,59890,59890,59890,59890,59890,59890,59890,59890,59890,59890,59890,59890,59890,59890,59890,59890,59890,59890,59890,59890,59890,59890,59890,59890,59890,59890,59890,59890,59890,59890,59890,59890,59890,59890,59890,59890,59890,59890,59890,59892,59894,59894,59894,59894,59894,59894,59894,59894,59894,59894,59898,59898,59898,59898,59898,59898,59898,59898,59898,59898,59898,59900,59900,59900,59900,59900,59900,59900,59900,59900,59900,59900,59900,
0.700195,0.716797,0.722656,0.723633,0.727539,0.733398,0.739258,0.743164,0.745117,0.747070,0.750977,0.750977,0.754883,0.758789,0.763672,0.765625,0.765625,0.765625,0.765625,0.765625,0.765625,0.765625,0.765625,0.765625,0.765625,0.765625,0.765625,0.765625,0.765625,0.765625,0.765625,0.765625,0.765625,0.765625,0.765625,0.765625,0.765625,0.765625,0.765625,0.765625,0.765625,0.765625,0.765625,0.770508,0.770508,0.770508,0.770508,0.770508,0.770508,0.770508,0.770508,0.770508,0.770508,0.770508,0.770508,0.770508,0.770508,0.773438,0.773438,0.774414,0.775391,0.776367,0.776367,0.777344,0.777344,0.778320,0.778320,0.778320,0.778320,0.778320,0.780273,0.780273,0.780273,0.780273,0.784180,0.784180,0.784180,0.784180,0.784180,0.784180,0.784180,0.784180,0.784180,0.784180,0.784180,0.784180,0.784180,0.784180,0.784180,0.784180,0.784180,0.784180,0.784180,0.784180,0.784180,0.784180,0.784180,0.784180,0.784180,0.784180,0.784180,0.784180,0.784180,0.784180,0.784180,0.784180,0.784180,0.784180,0.784180,0.784180,0.784180,0.784180,0.784180,0.784180,0.784180,0.784180,0.784180,0.784180,0.784180,0.784180,0.784180,0.784180,0.784180,0.784180,0.784180,0.784180,0.784180,0.784180,0.784180,0.784180,0.784180,0.784180,0.784180,0.784180,0.784180,0.784180,0.784180,0.784180,0.784180,0.784180,0.784180,0.784180,0.784180,0.784180,0.784180,0.784180,0.784180,0.784180,0.784180,0.784180,0.784180,0.784180,0.784180,0.784180,0.784180,0.784180,0.784180,0.784180,0.784180,0.784180,0.784180,0.784180,0.784180,0.784180,0.784180,0.784180,0.784180,0.785156,0.786133,0.786133,0.786133,0.786133,0.786133,0.786133,0.786133,0.786133,0.786133,0.786133,0.788086,0.788086,0.788086,0.788086,0.788086,0.788086,0.788086,0.788086,0.788086,0.788086,0.788086,0.789062,0.789062,0.789062,0.789062,0.789062,0.789062,0.789062,0.789062,0.789062,0.789062,0.789062,0.789062,
0.724060,0.771912,0.777771,0.790710,0.790894,0.805542,0.836548,0.844360,0.844604,0.844666,0.873962,0.873962,0.903748,0.905701,0.909729,0.909973,0.909973,0.909973,0.909973,0.909973,0.909973,0.909973,0.909973,0.909973,0.909973,0.909973,0.909973,0.909973,0.909973,0.909973,0.909973,0.909973,0.909973,0.909973,0.909973,0.909973,0.909973,0.909973,0.909973,0.909973,0.909973,0.909973,0.909973,0.910980,0.910980,0.910980,0.910980,0.910980,0.910980,0.910980,0.910980,0.910980,0.910980,0.910980,0.910980,0.910980,0.910980,0.911163,0.911163,0.911621,0.911682,0.911743,0.911743,0.911774,0.911774,0.911835,0.911835,0.911835,0.911835,0.911835,0.911896,0.911896,0.911896,0.911896,0.913849,0.913849,0.913849,0.913849,0.913849,0.913849,0.913849,0.913849,0.913849,0.913849,0.913849,0.913849,0.913849,0.913849,0.913849,0.913849,0.913849,0.913849,0.913849,0.913849,0.913849,0.913849,0.913849,0.913849,0.913849,0.913849,0.913849,0.913849,0.913849,0.913849,0.913849,0.913849,0.913849,0.913849,0.913849,0.913849,0.913849,0.913849,0.913849,0.913849,0.913849,0.913849,0.913849,0.913849,0.913849,0.913849,0.913849,0.913849,0.913849,0.913849,0.913849,0.913849,0.913849,0.913849,0.913849,0.913849,0.913849,0.913849,0.913849,0.913849,0.913849,0.913849,0.913849,0.913849,0.913849,0.913849,0.913849,0.913849,0.913849,0.913849,0.913849,0.913849,0.913849,0.913849,0.913849,0.913849,0.913849,0.913849,0.913849,0.913849,0.913849,0.913849,0.913849,0.913849,0.913849,0.913849,0.913849,0.913849,0.913849,0.913849,0.913849,0.913849,0.913849,0.913879,0.913910,0.913910,0.913910,0.913910,0.913910,0.913910,0.913910,0.913910,0.913910,0.913910,0.913971,0.913971,0.913971,0.913971,0.913971,0.913971,0.913971,0.913971,0.913971,0.913971,0.913971,0.914001,0.914001,0.914001,0.914001,0.914001,0.914001,0.914001,0.914001,0.914001,0.914001,0.914001,0.914001,
