kBasicLog: 1
kBreedEdges: 1
kBreedGates: 1
kBreedSample: 4
kBreedType: 0
kChildren: 100
kEvaluations: 20000
kGens: 100
kLegalGateTypes: 1
kLog: 1
kLogIter: 0
kMaxGenStagnation: 300
kMessUp: 0
kMutatePercent: 1
kMutationMode: 1
kMutations: 6
kPruneOrphans: 1
kSaveDotGraphs: 1
kSeed: 0
kThreads: 4
kThreshold: 1000
kTruthWeight: 1
columns: 13
rows: 5,5,5,5,5,5,5,5,5,5,5,5,4
goal_correct_count: 256
goal_total_count: 2048
goal_total_weighted_count: 65536
~
gates_used: 35
total_count: 1626
total_weighted_count: 0
percent: 0.793945
weighted_percent: 0.000000
evaluations: 20100
~
1462,1490,1502,1514,1538,1538,1538,1542,1542,1542,1546,1548,1556,1558,1558,1558,1558,1558,1558,1558,1558,1558,1558,1558,1558,1558,1562,1562,1562,1562,1562,1562,1562,1562,1562,1562,1562,1562,1562,1562,1562,1562,1562,1562,1562,1562,1562,1562,1562,1562,1562,1562,1562,1562,1570,1570,1570,1570,1570,1570,1570,1570,1570,1570,1570,1570,1570,1570,1576,1578,1578,1578,1578,1578,1578,1578,1578,1578,1578,1578,1578,1578,1578,1578,1578,1578,1578,1578,1578,1578,1578,1578,1578,1578,1578,1578,1580,1580,1580,1580,1580,1582,1582,1582,1582,1582,1582,1582,1582,1584,1584,1584,1584,1584,1584,1584,1584,1584,1584,1584,1584,1584,1584,1588,1588,1588,1588,1588,1588,1588,1588,1590,1592,1602,1604,1604,1604,1604,1604,1604,1604,1604,1604,1604,1604,1604,1604,1604,1604,1604,1604,1604,1604,1604,1604,1604,1606,1608,1612,1612,1612,1614,1618,1618,1618,1618,1618,1618,1618,1618,1618,1618,1618,1620,1620,1620,1620,1620,1620,1620,1620,1620,1620,1620,1620,1620,1620,1620,1620,1620,1620,1620,1622,1622,1622,1622,1626,1626,1626,1626,1626,
50884,54548,54932,55700,55780,55780,55780,55788,55788,55788,55796,55804,56316,56320,56320,56320,56320,56320,56320,56320,56320,56320,56320,56320,56320,56320,56384,56384,56384,56384,56384,56384,56384,56384,56384,56384,56384,56384,56384,56384,56384,56384,56384,56384,56384,56384,56384,56384,56384,56384,56384,56384,56384,56384,56896,56896,56896,56896,56896,56896,56896,56896,56896,56896,56896,56896,56896,56896,56944,56984,56984,56984,56984,56984,56984,56984,56984,56984,56984,56984,56984,56984,56984,56984,56984,56984,56984,56984,56984,56984,56984,56984,56984,56984,56984,56984,57696,57696,57696,57696,57696,57700,57700,57700,57700,57700,57700,57700,57700,57704,57704,57704,57704,57704,57704,57704,57704,57704,57704,57704,57704,57704,57704,57736,57736,57736,57736,57736,57736,57736,57736,57766,57974,58054,58070,58070,58070,58070,58070,58070,58070,58070,58070,58070,58070,58070,58070,58070,58070,58070,58070,58070,58070,58070,58070,58070,58102,58150,58158,58158,58158,58160,58240,58240,58240,58240,58240,58240,58240,58240,58240,58240,58240,58244,58244,58244,58244,58244,58244,58244,58244,58244,58244,58244,58244,58244,58244,58244,58244,58244,58244,58244,58252,58252,58252,58252,58268,58268,58268,58268,58268,
0.713867,0.727539,0.733398,0.739258,0.750977,0.750977,0.750977,0.752930,0.752930,0.752930,0.754883,0.755859,0.759766,0.760742,0.760742,0.760742,0.760742,0.760742,0.760742,0.760742,0.760742,0.760742,0.760742,0.760742,0.760742,0.760742,0.762695,0.762695,0.762695,0.762695,0.762695,0.762695,0.762695,0.762695,0.762695,0.762695,0.762695,0.762695,0.762695,0.762695,0.762695,0.762695,0.762695,0.762695,0.762695,0.762695,0.762695,0.762695,0.762695,0.762695,0.762695,0.762695,0.762695,0.762695,0.766602,0.766602,0.766602,0.766602,0.766602,0.766602,0.766602,0.766602,0.766602,0.766602,0.766602,0.766602,0.766602,0.766602,0.769531,0.770508,0.770508,0.770508,0.770508,0.770508,0.770508,0.770508,0.770508,0.770508,0.770508,0.770508,0.770508,0.770508,0.770508,0.770508,0.770508,0.770508,0.770508,0.770508,0.770508,0.770508,0.770508,0.770508,0.770508,0.770508,0.770508,0.770508,0.771484,0.771484,0.771484,0.771484,0.771484,0.772461,0.772461,0.772461,0.772461,0.772461,0.772461,0.772461,0.772461,0.773438,0.773438,0.773438,0.773438,0.773438,0.773438,0.773438,0.773438,0.773438,0.773438,0.773438,0.773438,0.773438,0.773438,0.775391,0.775391,0.775391,0.775391,0.775391,0.775391,0.775391,0.775391,0.776367,0.777344,0.782227,0.783203,0.783203,0.783203,0.783203,0.783203,0.783203,0.783203,0.783203,0.783203,0.783203,0.783203,0.783203,0.783203,0.783203,0.783203,0.783203,0.783203,0.783203,0.783203,0.783203,0.783203,0.783203,0.784180,0.785156,0.787109,0.787109,0.787109,0.788086,0.790039,0.790039,0.790039,0.790039,0.790039,0.790039,0.790039,0.790039,0.790039,0.790039,0.790039,0.791016,0.791016,0.791016,0.791016,0.791016,0.791016,0.791016,0.791016,0.791016,0.791016,0.791016,0.791016,0.791016,0.791016,0.791016,0.791016,0.791016,0.791016,0.791016,0.791992,0.791992,0.791992,0.791992,0.793945,0.793945,0.793945,0.793945,0.793945,
0.776428,0.832336,0.838196,0.849915,0.851135,0.851135,0.851135,0.851257,0.851257,0.851257,0.851379,0.851501,0.859314,0.859375,0.859375,0.859375,0.859375,0.859375,0.859375,0.859375,0.859375,0.859375,0.859375,0.859375,0.859375,0.859375,0.860352,0.860352,0.860352,0.860352,0.860352,0.860352,0.860352,0.860352,0.860352,0.860352,0.860352,0.860352,0.860352,0.860352,0.860352,0.860352,0.860352,0.860352,0.860352,0.860352,0.860352,0.860352,0.860352,0.860352,0.860352,0.860352,0.860352,0.860352,0.868164,0.868164,0.868164,0.868164,0.868164,0.868164,0.868164,0.868164,0.868164,0.868164,0.868164,0.868164,0.868164,0.868164,0.868896,0.869507,0.869507,0.869507,0.869507,0.869507,0.869507,0.869507,0.869507,0.869507,0.869507,0.869507,0.869507,0.869507,0.869507,0.869507,0.869507,0.869507,0.869507,0.869507,0.869507,0.869507,0.869507,0.869507,0.869507,0.869507,0.869507,0.869507,0.880371,0.880371,0.880371,0.880371,0.880371,0.880432,0.880432,0.880432,0.880432,0.880432,0.880432,0.880432,0.880432,0.880493,0.880493,0.880493,0.880493,0.880493,0.880493,0.880493,0.880493,0.880493,0.880493,0.880493,0.880493,0.880493,0.880493,0.880981,0.880981,0.880981,0.880981,0.880981,0.880981,0.880981,0.880981,0.881439,0.884613,0.885834,0.886078,0.886078,0.886078,0.886078,0.886078,0.886078,0.886078,0.886078,0.886078,0.886078,0.886078,0.886078,0.886078,0.886078,0.886078,0.886078,0.886078,0.886078,0.886078,0.886078,0.886078,0.886078,0.886566,0.887299,0.887421,0.887421,0.887421,0.887451,0.888672,0.888672,0.888672,0.888672,0.888672,0.888672,0.888672,0.888672,0.888672,0.888672,0.888672,0.888733,0.888733,0.888733,0.888733,0.888733,0.888733,0.888733,0.888733,0.888733,0.888733,0.888733,0.888733,0.888733,0.888733,0.888733,0.888733,0.888733,0.888733,0.888733,0.888855,0.888855,0.888855,0.888855,0.889099,0.889099,0.889099,0.889099,0.889099,
