kBasicLog: 1
kBreedEdges: 1
kBreedGates: 1
kBreedSample: 4
kBreedType: 0
kChildren: 100
kEvaluations: 20000
kGens: 100
kLegalGateTypes: 1
kLog: 1
kLogIter: 7
kMaxGenStagnation: 300
kMessUp: 0
kMutatePercent: 1
kMutationMode: 1
kMutations: 6
kPruneOrphans: 1
kSaveDotGraphs: 1
kSeed: 0
kThreads: 4
kThreshold: 1000
kTruthWeight: 1
columns: 13
rows: 5,5,5,5,5,5,5,5,5,5,5,5,4
goal_correct_count: 256
goal_total_count: 2048
goal_total_weighted_count: 65536
~
gates_used: 29
total_count: 1584
total_weighted_count: 0
percent: 0.773438
weighted_percent: 0.000000
evaluations: 20100
~
1430,1454,1462,1474,1484,1490,1494,1498,1498,1504,1506,1506,1506,1510,1510,1510,1512,1512,1512,1512,1512,1516,1520,1520,1520,1520,1520,1520,1524,1536,1536,1536,1536,1536,1536,1536,1536,1536,1536,1536,1536,1536,1536,1536,1536,1536,1536,1536,1536,1536,1536,1536,1542,1544,1544,1544,1544,1552,1552,1552,1552,1552,1552,1552,1552,1552,1552,1552,1552,1552,1552,1552,1552,1552,1552,1552,1552,1552,1552,1552,1552,1552,1584,1584,1584,1584,1584,1584,1584,1584,1584,1584,1584,1584,1584,1584,1584,1584,1584,1584,1584,1584,1584,1584,1584,1584,1584,1584,1584,1584,1584,1584,1584,1584,1584,1584,1584,1584,1584,1584,1584,1584,1584,1584,1584,1584,1584,1584,1584,1584,1584,1584,1584,1584,1584,1584,1584,1584,1584,1584,1584,1584,1584,1584,1584,1584,1584,1584,1584,1584,1584,1584,1584,1584,1584,1584,1584,1584,1584,1584,1584,1584,1584,1584,1584,1584,1584,1584,1584,1584,1584,1584,1584,1584,1584,1584,1584,1584,1584,1584,1584,1584,1584,1584,1584,1584,1584,1584,1584,1584,1584,1584,1584,1584,1584,1584,1584,1584,1584,1584,1584,
47004,50076,51100,52060,52380,52404,52420,52452,52452,52644,52676,52676,52676,52740,52740,52740,52748,52748,52748,52748,52748,52780,52812,52812,52812,52812,52812,52812,53068,53092,53092,53092,53092,53092,53092,53092,53092,53092,53092,53092,53092,53092,53092,53092,53092,53092,53092,53092,53092,53092,53092,53092,53098,53100,53100,53100,53100,53108,53108,53108,53108,53108,53108,53108,53108,53108,53108,53108,53108,53108,53108,53108,53108,53108,53108,53108,53108,53108,53108,53108,53108,53108,57204,57204,57204,57204,57204,57204,57204,57204,57204,57204,57204,57204,57204,57204,57204,57204,57204,57204,57204,57204,57204,57204,57204,57204,57204,57204,57204,57204,57204,57204,57204,57204,57204,57204,57204,57204,57204,57204,57204,57204,57204,57204,57204,57204,57204,57204,57204,57204,57204,57204,57204,57204,57204,57204,57204,57204,57204,57204,57204,57204,57204,57204,57204,57204,57204,57204,57204,57204,57204,57204,57204,57204,57204,57204,57204,57204,57204,57204,57204,57204,57204,57204,57204,57204,57204,57204,57204,57204,57204,57204,57204,57204,57204,57204,57204,57204,57204,57204,57204,57204,57204,57204,57204,57204,57204,57204,57204,57204,57204,57204,57204,57204,57204,57204,57204,57204,57204,57204,57204,
0.698242,0.709961,0.713867,0.719727,0.724609,0.727539,0.729492,0.731445,0.731445,0.734375,0.735352,0.735352,0.735352,0.737305,0.737305,0.737305,0.738281,0.738281,0.738281,0.738281,0.738281,0.740234,0.742188,0.742188,0.742188,0.742188,0.742188,0.742188,0.744141,0.750000,0.750000,0.750000,0.750000,0.750000,0.750000,0.750000,0.750000,0.750000,0.750000,0.750000,0.750000,0.750000,0.750000,0.750000,0.750000,0.750000,0.750000,0.750000,0.750000,0.750000,0.750000,0.750000,0.752930,0.753906,0.753906,0.753906,0.753906,0.757812,0.757812,0.757812,0.757812,0.757812,0.757812,0.757812,0.757812,0.757812,0.757812,0.757812,0.757812,0.757812,0.757812,0.757812,0.757812,0.757812,0.757812,0.757812,0.757812,0.757812,0.757812,0.757812,0.757812,0.757812,0.773438,0.773438,0.773438,0.773438,0.773438,0.773438,0.773438,0.773438,0.773438,0.773438,0.773438,0.773438,0.773438,0.773438,0.773438,0.773438,0.773438,0.773438,0.773438,0.773438,0.773438,0.773438,0.773438,0.773438,0.773438,0.773438,0.773438,0.773438,0.773438,0.773438,0.773438,0.773438,0.773438,0.773438,0.773438,0.773438,0.773438,0.773438,0.773438,0.773438,0.773438,0.773438,0.773438,0.773438,0.773438,0.773438,0.773438,0.773438,0.773438,0.773438,0.773438,0.773438,0.773438,0.773438,0.773438,0.773438,0.773438,0.773438,0.773438,0.773438,0.773438,0.773438,0.773438,0.773438,0.773438,0.773438,0.773438,0.773438,0.773438,0.773438,0.773438,0.773438,0.773438,0.773438,0.773438,0.773438,0.773438,0.773438,0.773438,0.773438,0.773438,0.773438,0.773438,0.773438,0.773438,0.773438,0.773438,0.773438,0.773438,0.773438,0.773438,0.773438,0.773438,0.773438,0.773438,0.773438,0.773438,0.773438,0.773438,0.773438,0.773438,0.773438,0.773438,0.773438,0.773438,0.773438,0.773438,0.773438,0.773438,0.773438,0.773438,0.773438,0.773438,0.773438,0.773438,0.773438,0.773438,0.773438,0.773438,
0.717224,0.764099,0.779724,0.794373,0.799255,0.799622,0.799866,0.800354,0.800354,0.803284,0.803772,0.803772,0.803772,0.804749,0.804749,0.804749,0.804871,0.804871,0.804871,0.804871,0.804871,0.805359,0.805847,0.805847,0.805847,0.805847,0.805847,0.805847,0.809753,0.810120,0.810120,0.810120,0.810120,0.810120,0.810120,0.810120,0.810120,0.810120,0.810120,0.810120,0.810120,0.810120,0.810120,0.810120,0.810120,0.810120,0.810120,0.810120,0.810120,0.810120,0.810120,0.810120,0.810211,0.810242,0.810242,0.810242,0.810242,0.810364,0.810364,0.810364,0.810364,0.810364,0.810364,0.810364,0.810364,0.810364,0.810364,0.810364,0.810364,0.810364,0.810364,0.810364,0.810364,0.810364,0.810364,0.810364,0.810364,0.810364,0.810364,0.810364,0.810364,0.810364,0.872864,0.872864,0.872864,0.872864,0.872864,0.872864,0.872864,0.872864,0.872864,0.872864,0.872864,0.872864,0.872864,0.872864,0.872864,0.872864,0.872864,0.872864,0.872864,0.872864,0.872864,0.872864,0.872864,0.872864,0.872864,0.872864,0.872864,0.872864,0.872864,0.872864,0.872864,0.872864,0.872864,0.872864,0.872864,0.872864,0.872864,0.872864,0.872864,0.872864,0.872864,0.872864,0.872864,0.872864,0.872864,0.872864,0.872864,0.872864,0.872864,0.872864,0.872864,0.872864,0.872864,0.872864,0.872864,0.872864,0.872864,0.872864,0.872864,0.872864,0.872864,0.872864,0.872864,0.872864,0.872864,0.872864,0.872864,0.872864,0.872864,0.872864,0.872864,0.872864,0.872864,0.872864,0.872864,0.872864,0.872864,0.872864,0.872864,0.872864,0.872864,0.872864,0.872864,0.872864,0.872864,0.872864,0.872864,0.872864,0.872864,0.872864,0.872864,0.872864,0.872864,0.872864,0.872864,0.872864,0.872864,0.872864,0.872864,0.872864,0.872864,0.872864,0.872864,0.872864,0.872864,0.872864,0.872864,0.872864,0.872864,0.872864,0.872864,0.872864,0.872864,0.872864,0.872864,0.872864,0.872864,0.872864,0.872864,
