kBasicLog: 1
kBreedEdges: 1
kBreedGates: 1
kBreedSample: 4
kBreedType: 1
kChildren: 100
kEvaluations: 30000
kGens: 100
kLegalGateTypes: 1
kLog: 1
kLogIter: 0
kMaxGenStagnation: 300
kMessUp: 0
kMutatePercent: 5
kMutationMode: 2
kMutations: 16
kPruneOrphans: 1
kSaveDotGraphs: 1
kSeed: 0
kThreads: 4
kThreshold: 1000
kTruthWeight: 1
columns: 8
rows: 8,8,8,8,8,8,8,8
goal_correct_count: 256
goal_total_count: 2048
goal_total_weighted_count: 65536
~
gates_used: 26
total_count: 1592
total_weighted_count: 0
percent: 0.777344
weighted_percent: 0.000000
evaluations: 30100
~
1426,1440,1416,1438,1436,1462,1408,1450,1454,1468,1471,1458,1438,1426,1470,1456,1458,1492,1458,1458,1494,1460,1454,1470,1470,1470,1474,1470,1470,1470,1470,1460,1460,1462,1452,1444,1458,1462,1432,1460,1458,1458,1456,1456,1468,1468,1480,1480,1484,1480,1474,1480,1472,1470,1468,1460,1480,1466,1456,1454,1454,1480,1464,1474,1458,1458,1462,1468,1462,1496,1496,1500,1496,1496,1496,1496,1536,1536,1536,1536,1536,1504,1518,1506,1506,1506,1564,1550,1550,1550,1550,1550,1550,1550,1552,1550,1550,1550,1550,1560,1558,1558,1558,1558,1560,1558,1558,1558,1558,1558,1558,1558,1558,1558,1558,1558,1558,1558,1574,1574,1574,1574,1574,1574,1574,1574,1574,1574,1574,1574,1574,1574,1574,1584,1574,1574,1574,1574,1574,1574,1576,1576,1576,1586,1576,1576,1584,1584,1584,1584,1584,1584,1584,1584,1584,1584,1584,1584,1584,1584,1584,1584,1584,1584,1584,1584,1584,1584,1584,1584,1584,1584,1584,1584,1584,1584,1584,1584,1584,1584,1584,1584,1584,1584,1584,1584,1584,1584,1584,1586,1586,1586,1586,1586,1586,1586,1570,1570,1570,1570,1570,1578,1578,1578,1578,1578,1578,1578,1582,1582,1598,1598,1598,1598,1598,1598,1598,1598,1598,1598,1598,1598,1598,1598,1598,1598,1598,1598,1598,1598,1598,1598,1598,1598,1598,1598,1598,1598,1598,1598,1598,1590,1590,1590,1590,1590,1590,1590,1590,1590,1590,1590,1590,1590,1590,1590,1590,1590,1590,1590,1590,1590,1590,1590,1590,1590,1590,1590,1590,1590,1590,1590,1590,1590,1590,1590,1590,1590,1590,1590,1590,1590,1590,1590,1590,1590,1590,1592,1592,1592,1592,1592,1592,1592,1592,1592,1592,1592,1592,1592,1592,
47912,47138,46854,47428,47970,51004,47182,47672,47676,50720,49800,49216,47240,47422,49706,47658,47660,51332,47672,47672,53820,47708,48624,48190,48190,48190,49722,48190,48190,48190,48190,47654,47654,47910,47868,47836,47868,47932,47688,47676,47688,47688,47684,47684,47708,47708,47660,47660,48172,47660,47692,47660,47404,47372,47452,47436,49436,48458,49408,49406,49406,50500,49476,50520,49496,49496,49416,49924,49540,53636,53636,53700,53636,53636,53636,53636,56836,56836,56836,56836,56836,52740,55700,52756,53596,52756,57782,57748,57748,57748,57748,57748,57748,57748,57796,57748,57748,57748,57748,57762,57876,57876,57876,57876,57924,57876,57876,57876,57876,57876,57876,57876,57876,57876,57876,57876,57876,57876,58388,58388,58428,58428,58428,58428,58428,58428,58428,58428,58428,58428,58428,58428,58428,58468,58428,58428,58428,58428,58428,58428,58436,58436,58436,58472,58436,58436,58468,58468,58468,58468,58468,58468,58468,58468,58468,58468,58468,58468,58468,58468,58468,58468,58468,58468,58468,58468,58468,58468,58468,58468,58468,58468,58468,58468,58468,58468,58468,58468,58468,58468,58468,58468,58468,58468,58468,58468,58468,58468,58468,58472,58472,58472,58472,58472,58472,58472,58216,58216,58216,58216,58216,58472,58472,58472,58472,58472,58472,58472,58480,58480,58736,58736,58736,58736,58736,58736,58736,58736,58736,58736,58736,58736,58736,58736,58736,58736,58736,58736,58736,58736,58736,58736,58736,58736,58736,58736,58736,58736,58736,58736,58736,58608,58608,58608,58608,58608,58608,58608,58608,58608,58608,58608,58608,58608,58608,58608,58608,58608,58608,58608,58608,58608,58608,58608,58608,58608,58608,58608,58608,58608,58608,58608,58608,58608,58608,58608,58608,58608,58608,58608,58608,58608,58608,58608,58608,58608,58608,58616,58616,58616,58616,58616,58616,58616,58616,58616,58616,58616,58616,58616,58616,
0.696289,0.703125,0.691406,0.702148,0.701172,0.713867,0.687500,0.708008,0.709961,0.716797,0.718262,0.711914,0.702148,0.696289,0.717773,0.710938,0.711914,0.728516,0.711914,0.711914,0.729492,0.712891,0.709961,0.717773,0.717773,0.717773,0.719727,0.717773,0.717773,0.717773,0.717773,0.712891,0.712891,0.713867,0.708984,0.705078,0.711914,0.713867,0.699219,0.712891,0.711914,0.711914,0.710938,0.710938,0.716797,0.716797,0.722656,0.722656,0.724609,0.722656,0.719727,0.722656,0.718750,0.717773,0.716797,0.712891,0.722656,0.715820,0.710938,0.709961,0.709961,0.722656,0.714844,0.719727,0.711914,0.711914,0.713867,0.716797,0.713867,0.730469,0.730469,0.732422,0.730469,0.730469,0.730469,0.730469,0.750000,0.750000,0.750000,0.750000,0.750000,0.734375,0.741211,0.735352,0.735352,0.735352,0.763672,0.756836,0.756836,0.756836,0.756836,0.756836,0.756836,0.756836,0.757812,0.756836,0.756836,0.756836,0.756836,0.761719,0.760742,0.760742,0.760742,0.760742,0.761719,0.760742,0.760742,0.760742,0.760742,0.760742,0.760742,0.760742,0.760742,0.760742,0.760742,0.760742,0.760742,0.760742,0.768555,0.768555,0.768555,0.768555,0.768555,0.768555,0.768555,0.768555,0.768555,0.768555,0.768555,0.768555,0.768555,0.768555,0.768555,0.773438,0.768555,0.768555,0.768555,0.768555,0.768555,0.768555,0.769531,0.769531,0.769531,0.774414,0.769531,0.769531,0.773438,0.773438,0.773438,0.773438,0.773438,0.773438,0.773438,0.773438,0.773438,0.773438,0.773438,0.773438,0.773438,0.773438,0.773438,0.773438,0.773438,0.773438,0.773438,0.773438,0.773438,0.773438,0.773438,0.773438,0.773438,0.773438,0.773438,0.773438,0.773438,0.773438,0.773438,0.773438,0.773438,0.773438,0.773438,0.773438,0.773438,0.773438,0.773438,0.773438,0.773438,0.773438,0.773438,0.774414,0.774414,0.774414,0.774414,0.774414,0.774414,0.774414,0.766602,0.766602,0.766602,0.766602,0.766602,0.770508,0.770508,0.770508,0.770508,0.770508,0.770508,0.770508,0.772461,0.772461,0.780273,0.780273,0.780273,0.780273,0.780273,0.780273,0.780273,0.780273,0.780273,0.780273,0.780273,0.780273,0.780273,0.780273,0.780273,0.780273,0.780273,0.780273,0.780273,0.780273,0.780273,0.780273,0.780273,0.780273,0.780273,0.780273,0.780273,0.780273,0.780273,0.780273,0.780273,0.776367,0.776367,0.776367,0.776367,0.776367,0.776367,0.776367,0.776367,0.776367,0.776367,0.776367,0.776367,0.776367,0.776367,0.776367,0.776367,0.776367,0.776367,0.776367,0.776367,0.776367,0.776367,0.776367,0.776367,0.776367,0.776367,0.776367,0.776367,0.776367,0.776367,0.776367,0.776367,0.776367,0.776367,0.776367,0.776367,0.776367,0.776367,0.776367,0.776367,0.776367,0.776367,0.776367,0.776367,0.776367,0.776367,0.777344,0.777344,0.777344,0.777344,0.777344,0.777344,0.777344,0.777344,0.777344,0.777344,0.777344,0.777344,0.777344,0.777344,
0.731079,0.719269,0.714935,0.723694,0.731964,0.778259,0.719940,0.727417,0.727478,0.773926,0.759888,0.750977,0.720825,0.723602,0.758453,0.727203,0.727234,0.783264,0.727417,0.727417,0.821228,0.727966,0.741943,0.735321,0.735321,0.735321,0.758698,0.735321,0.735321,0.735321,0.735321,0.727142,0.727142,0.731049,0.730408,0.729919,0.730408,0.731384,0.727661,0.727478,0.727661,0.727661,0.727600,0.727600,0.727966,0.727966,0.727234,0.727234,0.735046,0.727234,0.727722,0.727234,0.723328,0.722839,0.724060,0.723816,0.754333,0.739410,0.753906,0.753876,0.753876,0.770569,0.754944,0.770874,0.755249,0.755249,0.754028,0.761780,0.755920,0.818420,0.818420,0.819397,0.818420,0.818420,0.818420,0.818420,0.867249,0.867249,0.867249,0.867249,0.867249,0.804749,0.849915,0.804993,0.817810,0.804993,0.881683,0.881165,0.881165,0.881165,0.881165,0.881165,0.881165,0.881165,0.881897,0.881165,0.881165,0.881165,0.881165,0.881378,0.883118,0.883118,0.883118,0.883118,0.883850,0.883118,0.883118,0.883118,0.883118,0.883118,0.883118,0.883118,0.883118,0.883118,0.883118,0.883118,0.883118,0.883118,0.890930,0.890930,0.891541,0.891541,0.891541,0.891541,0.891541,0.891541,0.891541,0.891541,0.891541,0.891541,0.891541,0.891541,0.891541,0.892151,0.891541,0.891541,0.891541,0.891541,0.891541,0.891541,0.891663,0.891663,0.891663,0.892212,0.891663,0.891663,0.892151,0.892151,0.892151,0.892151,0.892151,0.892151,0.892151,0.892151,0.892151,0.892151,0.892151,0.892151,0.892151,0.892151,0.892151,0.892151,0.892151,0.892151,0.892151,0.892151,0.892151,0.892151,0.892151,0.892151,0.892151,0.892151,0.892151,0.892151,0.892151,0.892151,0.892151,0.892151,0.892151,0.892151,0.892151,0.892151,0.892151,0.892151,0.892151,0.892151,0.892151,0.892151,0.892151,0.892212,0.892212,0.892212,0.892212,0.892212,0.892212,0.892212,0.888306,0.888306,0.888306,0.888306,0.888306,0.892212,0.892212,0.892212,0.892212,0.892212,0.892212,0.892212,0.892334,0.892334,0.896240,0.896240,0.896240,0.896240,0.896240,0.896240,0.896240,0.896240,0.896240,0.896240,0.896240,0.896240,0.896240,0.896240,0.896240,0.896240,0.896240,0.896240,0.896240,0.896240,0.896240,0.896240,0.896240,0.896240,0.896240,0.896240,0.896240,0.896240,0.896240,0.896240,0.896240,0.894287,0.894287,0.894287,0.894287,0.894287,0.894287,0.894287,0.894287,0.894287,0.894287,0.894287,0.894287,0.894287,0.894287,0.894287,0.894287,0.894287,0.894287,0.894287,0.894287,0.894287,0.894287,0.894287,0.894287,0.894287,0.894287,0.894287,0.894287,0.894287,0.894287,0.894287,0.894287,0.894287,0.894287,0.894287,0.894287,0.894287,0.894287,0.894287,0.894287,0.894287,0.894287,0.894287,0.894287,0.894287,0.894287,0.894409,0.894409,0.894409,0.894409,0.894409,0.894409,0.894409,0.894409,0.894409,0.894409,0.894409,0.894409,0.894409,0.894409,
