kBasicLog: 1
kBreedEdges: 1
kBreedGates: 1
kBreedSample: 4
kBreedType: 1
kChildren: 100
kEvaluations: 30000
kGens: 100
kLegalGateTypes: 1
kLog: 1
kLogIter: 3
kMaxGenStagnation: 300
kMessUp: 0
kMutatePercent: 5
kMutationMode: 2
kMutations: 16
kPruneOrphans: 1
kSaveDotGraphs: 1
kSeed: 0
kThreads: 4
kThreshold: 1000
kTruthWeight: 1
columns: 8
rows: 8,8,8,8,8,8,8,8
goal_correct_count: 256
goal_total_count: 2048
goal_total_weighted_count: 65536
~
gates_used: 27
total_count: 1630
total_weighted_count: 0
percent: 0.795898
weighted_percent: 0.000000
evaluations: 30100
~
1444,1440,1452,1446,1468,1458,1486,1486,1486,1486,1536,1488,1496,1488,1492,1490,1490,1490,1490,1448,1462,1462,1458,1468,1476,1472,1468,1476,1488,1488,1484,1476,1476,1476,1484,1492,1486,1498,1484,1490,1490,1498,1498,1498,1498,1498,1498,1498,1502,1543,1498,1498,1498,1498,1498,1498,1546,1498,1498,1547,1518,1547,1554,1554,1554,1554,1554,1554,1555,1554,1554,1554,1554,1554,1554,1558,1558,1558,1558,1554,1558,1558,1550,1558,1542,1560,1542,1542,1550,1550,1546,1546,1546,1586,1590,1586,1586,1594,1594,1594,1598,1594,1594,1594,1594,1594,1594,1594,1594,1594,1594,1594,1594,1594,1594,1594,1594,1594,1594,1594,1594,1594,1594,1596,1596,1596,1596,1596,1596,1596,1596,1596,1596,1600,1600,1600,1600,1600,1606,1602,1602,1606,1602,1604,1604,1604,1604,1604,1604,1604,1608,1608,1608,1608,1608,1608,1608,1608,1622,1618,1618,1618,1606,1606,1606,1606,1606,1606,1606,1606,1606,1606,1606,1606,1606,1606,1606,1606,1606,1606,1606,1606,1606,1606,1606,1606,1606,1606,1606,1606,1606,1606,1606,1606,1606,1606,1606,1606,1606,1606,1606,1606,1606,1606,1606,1606,1606,1606,1606,1606,1606,1606,1606,1606,1606,1606,1606,1606,1606,1622,1606,1606,1608,1608,1608,1608,1608,1608,1608,1608,1608,1608,1608,1608,1608,1608,1624,1624,1624,1624,1624,1624,1622,1620,1616,1616,1616,1616,1616,1616,1616,1616,1616,1612,1612,1612,1612,1612,1612,1612,1612,1612,1612,1612,1612,1612,1606,1602,1606,1606,1610,1610,1610,1610,1610,1610,1612,1610,1610,1614,1614,1616,1614,1614,1602,1606,1604,1604,1604,1604,1608,1604,1604,1604,1604,1624,1624,1624,1624,1630,1630,
47236,47044,49028,49080,49320,49040,49844,49844,49844,49844,53464,49876,49940,49876,49908,49900,49900,49900,49900,49164,51180,51180,51252,51268,51320,51340,51300,51316,51758,51844,51572,51556,51556,51556,51812,51822,51828,52012,51862,51884,51884,52012,52012,52012,52012,52012,52012,52012,52044,55837,52012,52012,52012,52012,52012,52012,55900,52012,52060,55901,55916,55901,55920,55920,55920,55920,55920,55920,55928,55920,55920,55920,55920,55920,55920,55926,55926,55928,55926,55980,55926,55926,55964,55926,53878,59840,53878,53878,54902,54902,54956,54956,54956,59980,60092,59980,59980,60008,60008,60008,60016,60008,60008,60008,60008,60008,60008,60008,60008,60008,60008,60008,60008,60008,60008,60008,60008,60008,60008,60008,60008,60008,60108,60012,60012,60012,60012,60012,60012,60012,60012,60012,60012,60028,60028,60028,60028,60028,60096,60032,60032,60096,60032,60036,60120,60036,60036,60036,60036,60036,60100,60100,60100,60100,60100,60100,60100,60100,60148,60084,60084,60084,60096,60096,60096,60096,60096,60096,60096,60096,60096,60096,60096,60096,60096,60096,60096,60096,60096,60096,60096,60096,60096,60096,60096,60096,60096,60096,60096,60096,60096,60096,60096,60096,60096,60096,60096,60096,60096,60096,60096,60096,60096,60096,60096,60096,60096,60096,60096,60096,60096,60096,60096,60096,60096,60096,60096,60096,60096,60112,60096,60096,60100,60100,60100,60100,60100,60100,60100,60100,60100,60100,60100,60100,60100,60100,60116,60116,60116,60116,60116,60116,60112,60052,60108,60108,60108,60108,60108,60108,60108,60108,60108,60104,60104,60104,60104,60104,60104,60104,60104,60104,60104,60104,60104,60104,60068,60052,60084,60096,60384,60088,60088,60088,60088,60088,60092,60088,60088,60104,60104,60224,60104,60104,60488,60504,60488,60488,60488,60488,60564,60488,60488,60488,60488,61224,61224,61224,61224,61248,61248,
0.705078,0.703125,0.708984,0.706055,0.716797,0.711914,0.725586,0.725586,0.725586,0.725586,0.750000,0.726562,0.730469,0.726562,0.728516,0.727539,0.727539,0.727539,0.727539,0.707031,0.713867,0.713867,0.711914,0.716797,0.720703,0.718750,0.716797,0.720703,0.726562,0.726562,0.724609,0.720703,0.720703,0.720703,0.724609,0.728516,0.725586,0.731445,0.724609,0.727539,0.727539,0.731445,0.731445,0.731445,0.731445,0.731445,0.731445,0.731445,0.733398,0.753418,0.731445,0.731445,0.731445,0.731445,0.731445,0.731445,0.754883,0.731445,0.731445,0.755371,0.741211,0.755371,0.758789,0.758789,0.758789,0.758789,0.758789,0.758789,0.759277,0.758789,0.758789,0.758789,0.758789,0.758789,0.758789,0.760742,0.760742,0.760742,0.760742,0.758789,0.760742,0.760742,0.756836,0.760742,0.752930,0.761719,0.752930,0.752930,0.756836,0.756836,0.754883,0.754883,0.754883,0.774414,0.776367,0.774414,0.774414,0.778320,0.778320,0.778320,0.780273,0.778320,0.778320,0.778320,0.778320,0.778320,0.778320,0.778320,0.778320,0.778320,0.778320,0.778320,0.778320,0.778320,0.778320,0.778320,0.778320,0.778320,0.778320,0.778320,0.778320,0.778320,0.778320,0.779297,0.779297,0.779297,0.779297,0.779297,0.779297,0.779297,0.779297,0.779297,0.779297,0.781250,0.781250,0.781250,0.781250,0.781250,0.784180,0.782227,0.782227,0.784180,0.782227,0.783203,0.783203,0.783203,0.783203,0.783203,0.783203,0.783203,0.785156,0.785156,0.785156,0.785156,0.785156,0.785156,0.785156,0.785156,0.791992,0.790039,0.790039,0.790039,0.784180,0.784180,0.784180,0.784180,0.784180,0.784180,0.784180,0.784180,0.784180,0.784180,0.784180,0.784180,0.784180,0.784180,0.784180,0.784180,0.784180,0.784180,0.784180,0.784180,0.784180,0.784180,0.784180,0.784180,0.784180,0.784180,0.784180,0.784180,0.784180,0.784180,0.784180,0.784180,0.784180,0.784180,0.784180,0.784180,0.784180,0.784180,0.784180,0.784180,0.784180,0.784180,0.784180,0.784180,0.784180,0.784180,0.784180,0.784180,0.784180,0.784180,0.784180,0.784180,0.784180,0.784180,0.784180,0.784180,0.784180,0.791992,0.784180,0.784180,0.785156,0.785156,0.785156,0.785156,0.785156,0.785156,0.785156,0.785156,0.785156,0.785156,0.785156,0.785156,0.785156,0.785156,0.792969,0.792969,0.792969,0.792969,0.792969,0.792969,0.791992,0.791016,0.789062,0.789062,0.789062,0.789062,0.789062,0.789062,0.789062,0.789062,0.789062,0.787109,0.787109,0.787109,0.787109,0.787109,0.787109,0.787109,0.787109,0.787109,0.787109,0.787109,0.787109,0.787109,0.784180,0.782227,0.784180,0.784180,0.786133,0.786133,0.786133,0.786133,0.786133,0.786133,0.787109,0.786133,0.786133,0.788086,0.788086,0.789062,0.788086,0.788086,0.782227,0.784180,0.783203,0.783203,0.783203,0.783203,0.785156,0.783203,0.783203,0.783203,0.783203,0.792969,0.792969,0.792969,0.792969,0.795898,0.795898,
0.720764,0.717834,0.748108,0.748901,0.752563,0.748291,0.760559,0.760559,0.760559,0.760559,0.815796,0.761047,0.762024,0.761047,0.761536,0.761414,0.761414,0.761414,0.761414,0.750183,0.780945,0.780945,0.782043,0.782288,0.783081,0.783386,0.782776,0.783020,0.789764,0.791077,0.786926,0.786682,0.786682,0.786682,0.790588,0.790741,0.790833,0.793640,0.791351,0.791687,0.791687,0.793640,0.793640,0.793640,0.793640,0.793640,0.793640,0.793640,0.794128,0.852005,0.793640,0.793640,0.793640,0.793640,0.793640,0.793640,0.852966,0.793640,0.794373,0.852982,0.853210,0.852982,0.853271,0.853271,0.853271,0.853271,0.853271,0.853271,0.853394,0.853271,0.853271,0.853271,0.853271,0.853271,0.853271,0.853363,0.853363,0.853394,0.853363,0.854187,0.853363,0.853363,0.853943,0.853363,0.822113,0.913086,0.822113,0.822113,0.837738,0.837738,0.838562,0.838562,0.838562,0.915222,0.916931,0.915222,0.915222,0.915649,0.915649,0.915649,0.915771,0.915649,0.915649,0.915649,0.915649,0.915649,0.915649,0.915649,0.915649,0.915649,0.915649,0.915649,0.915649,0.915649,0.915649,0.915649,0.915649,0.915649,0.915649,0.915649,0.915649,0.915649,0.917175,0.915710,0.915710,0.915710,0.915710,0.915710,0.915710,0.915710,0.915710,0.915710,0.915710,0.915955,0.915955,0.915955,0.915955,0.915955,0.916992,0.916016,0.916016,0.916992,0.916016,0.916077,0.917358,0.916077,0.916077,0.916077,0.916077,0.916077,0.917053,0.917053,0.917053,0.917053,0.917053,0.917053,0.917053,0.917053,0.917786,0.916809,0.916809,0.916809,0.916992,0.916992,0.916992,0.916992,0.916992,0.916992,0.916992,0.916992,0.916992,0.916992,0.916992,0.916992,0.916992,0.916992,0.916992,0.916992,0.916992,0.916992,0.916992,0.916992,0.916992,0.916992,0.916992,0.916992,0.916992,0.916992,0.916992,0.916992,0.916992,0.916992,0.916992,0.916992,0.916992,0.916992,0.916992,0.916992,0.916992,0.916992,0.916992,0.916992,0.916992,0.916992,0.916992,0.916992,0.916992,0.916992,0.916992,0.916992,0.916992,0.916992,0.916992,0.916992,0.916992,0.916992,0.916992,0.916992,0.916992,0.917236,0.916992,0.916992,0.917053,0.917053,0.917053,0.917053,0.917053,0.917053,0.917053,0.917053,0.917053,0.917053,0.917053,0.917053,0.917053,0.917053,0.917297,0.917297,0.917297,0.917297,0.917297,0.917297,0.917236,0.916321,0.917175,0.917175,0.917175,0.917175,0.917175,0.917175,0.917175,0.917175,0.917175,0.917114,0.917114,0.917114,0.917114,0.917114,0.917114,0.917114,0.917114,0.917114,0.917114,0.917114,0.917114,0.917114,0.916565,0.916321,0.916809,0.916992,0.921387,0.916870,0.916870,0.916870,0.916870,0.916870,0.916931,0.916870,0.916870,0.917114,0.917114,0.918945,0.917114,0.917114,0.922974,0.923218,0.922974,0.922974,0.922974,0.922974,0.924133,0.922974,0.922974,0.922974,0.922974,0.934204,0.934204,0.934204,0.934204,0.934570,0.934570,
