kBasicLog: 1
kBreedEdges: 1
kBreedGates: 1
kBreedSample: 16
kBreedType: 0
kChildren: 100
kEvaluations: 20000
kGens: 100
kLegalGateTypes: 1
kLog: 1
kLogIter: 9
kMaxGenStagnation: 300
kMessUp: 0
kMutatePercent: 1
kMutationMode: 1
kMutations: 6
kPruneOrphans: 1
kSaveDotGraphs: 1
kSeed: 0
kThreads: 4
kThreshold: 1000
kTruthWeight: 1
columns: 13
rows: 5,5,5,5,5,5,5,5,5,5,5,5,4
goal_correct_count: 256
goal_total_count: 2048
goal_total_weighted_count: 65536
~
gates_used: 30
total_count: 1608
total_weighted_count: 0
percent: 0.785156
weighted_percent: 0.000000
evaluations: 20100
~
1446,1470,1482,1490,1506,1510,1518,1518,1518,1518,1518,1518,1518,1518,1518,1518,1520,1532,1548,1550,1560,1566,1566,1566,1566,1568,1576,1578,1586,1586,1586,1588,1588,1588,1588,1588,1590,1590,1590,1590,1590,1594,1594,1594,1594,1594,1594,1594,1594,1594,1594,1594,1594,1594,1594,1594,1594,1594,1594,1594,1604,1604,1604,1604,1604,1604,1604,1604,1604,1604,1604,1604,1604,1604,1604,1604,1604,1604,1604,1604,1604,1604,1604,1604,1604,1604,1604,1604,1604,1604,1604,1604,1604,1604,1604,1604,1604,1604,1604,1604,1604,1604,1604,1604,1604,1604,1604,1604,1604,1604,1604,1604,1604,1604,1604,1604,1604,1604,1604,1608,1608,1608,1608,1608,1608,1608,1608,1608,1608,1608,1608,1608,1608,1608,1608,1608,1608,1608,1608,1608,1608,1608,1608,1608,1608,1608,1608,1608,1608,1608,1608,1608,1608,1608,1608,1608,1608,1608,1608,1608,1608,1608,1608,1608,1608,1608,1608,1608,1608,1608,1608,1608,1608,1608,1608,1608,1608,1608,1608,1608,1608,1608,1608,1608,1608,1608,1608,1608,1608,1608,1608,1608,1608,1608,1608,1608,1608,1608,1608,1608,1608,
52860,54012,54108,54364,55388,55420,55548,55548,55548,55548,55548,55548,55548,55548,55548,55548,55552,55582,56508,56516,56596,56602,56602,56602,56602,56610,56612,56628,56660,56660,56660,56662,56662,56662,56662,56662,56692,56692,56692,56692,56692,56724,56724,56724,56724,56724,56724,56724,56724,56724,56724,56724,56724,56724,56724,56724,56724,56724,56724,56724,56764,56764,56764,56764,56764,56764,56764,56764,56764,56764,56764,56764,56764,56764,56764,56764,56764,56764,56764,56764,56764,56764,56764,56764,56764,56764,56764,56764,56764,56764,56764,56764,56764,56764,56764,56764,56764,56764,56764,56764,56764,56764,56764,56764,56764,56764,56764,56764,56764,56764,56764,56764,56764,56764,56764,56764,56764,56764,56764,56828,56828,56828,56828,56828,56828,56828,56828,56828,56828,56828,56828,56828,56828,56828,56828,56828,56828,56828,56828,56828,56828,56828,56828,56828,56828,56828,56828,56828,56828,56828,56828,56828,56828,56828,56828,56828,56828,56828,56828,56828,56828,56828,56828,56828,56828,56828,56828,56828,56828,56828,56828,56828,56828,56828,56828,56828,56828,56828,56828,56828,56828,56828,56828,56828,56828,56828,56828,56828,56828,56828,56828,56828,56828,56828,56828,56828,56828,56828,56828,56828,56828,
0.706055,0.717773,0.723633,0.727539,0.735352,0.737305,0.741211,0.741211,0.741211,0.741211,0.741211,0.741211,0.741211,0.741211,0.741211,0.741211,0.742188,0.748047,0.755859,0.756836,0.761719,0.764648,0.764648,0.764648,0.764648,0.765625,0.769531,0.770508,0.774414,0.774414,0.774414,0.775391,0.775391,0.775391,0.775391,0.775391,0.776367,0.776367,0.776367,0.776367,0.776367,0.778320,0.778320,0.778320,0.778320,0.778320,0.778320,0.778320,0.778320,0.778320,0.778320,0.778320,0.778320,0.778320,0.778320,0.778320,0.778320,0.778320,0.778320,0.778320,0.783203,0.783203,0.783203,0.783203,0.783203,0.783203,0.783203,0.783203,0.783203,0.783203,0.783203,0.783203,0.783203,0.783203,0.783203,0.783203,0.783203,0.783203,0.783203,0.783203,0.783203,0.783203,0.783203,0.783203,0.783203,0.783203,0.783203,0.783203,0.783203,0.783203,0.783203,0.783203,0.783203,0.783203,0.783203,0.783203,0.783203,0.783203,0.783203,0.783203,0.783203,0.783203,0.783203,0.783203,0.783203,0.783203,0.783203,0.783203,0.783203,0.783203,0.783203,0.783203,0.783203,0.783203,0.783203,0.783203,0.783203,0.783203,0.783203,0.785156,0.785156,0.785156,0.785156,0.785156,0.785156,0.785156,0.785156,0.785156,0.785156,0.785156,0.785156,0.785156,0.785156,0.785156,0.785156,0.785156,0.785156,0.785156,0.785156,0.785156,0.785156,0.785156,0.785156,0.785156,0.785156,0.785156,0.785156,0.785156,0.785156,0.785156,0.785156,0.785156,0.785156,0.785156,0.785156,0.785156,0.785156,0.785156,0.785156,0.785156,0.785156,0.785156,0.785156,0.785156,0.785156,0.785156,0.785156,0.785156,0.785156,0.785156,0.785156,0.785156,0.785156,0.785156,0.785156,0.785156,0.785156,0.785156,0.785156,0.785156,0.785156,0.785156,0.785156,0.785156,0.785156,0.785156,0.785156,0.785156,0.785156,0.785156,0.785156,0.785156,0.785156,0.785156,0.785156,0.785156,0.785156,0.785156,0.785156,0.785156,0.785156,
0.806580,0.824158,0.825623,0.829529,0.845154,0.845642,0.847595,0.847595,0.847595,0.847595,0.847595,0.847595,0.847595,0.847595,0.847595,0.847595,0.847656,0.848114,0.862244,0.862366,0.863586,0.863678,0.863678,0.863678,0.863678,0.863800,0.863831,0.864075,0.864563,0.864563,0.864563,0.864594,0.864594,0.864594,0.864594,0.864594,0.865051,0.865051,0.865051,0.865051,0.865051,0.865540,0.865540,0.865540,0.865540,0.865540,0.865540,0.865540,0.865540,0.865540,0.865540,0.865540,0.865540,0.865540,0.865540,0.865540,0.865540,0.865540,0.865540,0.865540,0.866150,0.866150,0.866150,0.866150,0.866150,0.866150,0.866150,0.866150,0.866150,0.866150,0.866150,0.866150,0.866150,0.866150,0.866150,0.866150,0.866150,0.866150,0.866150,0.866150,0.866150,0.866150,0.866150,0.866150,0.866150,0.866150,0.866150,0.866150,0.866150,0.866150,0.866150,0.866150,0.866150,0.866150,0.866150,0.866150,0.866150,0.866150,0.866150,0.866150,0.866150,0.866150,0.866150,0.866150,0.866150,0.866150,0.866150,0.866150,0.866150,0.866150,0.866150,0.866150,0.866150,0.866150,0.866150,0.866150,0.866150,0.866150,0.866150,0.867126,0.867126,0.867126,0.867126,0.867126,0.867126,0.867126,0.867126,0.867126,0.867126,0.867126,0.867126,0.867126,0.867126,0.867126,0.867126,0.867126,0.867126,0.867126,0.867126,0.867126,0.867126,0.867126,0.867126,0.867126,0.867126,0.867126,0.867126,0.867126,0.867126,0.867126,0.867126,0.867126,0.867126,0.867126,0.867126,0.867126,0.867126,0.867126,0.867126,0.867126,0.867126,0.867126,0.867126,0.867126,0.867126,0.867126,0.867126,0.867126,0.867126,0.867126,0.867126,0.867126,0.867126,0.867126,0.867126,0.867126,0.867126,0.867126,0.867126,0.867126,0.867126,0.867126,0.867126,0.867126,0.867126,0.867126,0.867126,0.867126,0.867126,0.867126,0.867126,0.867126,0.867126,0.867126,0.867126,0.867126,0.867126,0.867126,0.867126,0.867126,0.867126,
