kBasicLog: 1
kBreedEdges: 1
kBreedGates: 1
kBreedSample: 16
kBreedType: 0
kChildren: 100
kEvaluations: 20000
kGens: 100
kLegalGateTypes: 1
kLog: 1
kLogIter: 6
kMaxGenStagnation: 300
kMessUp: 0
kMutatePercent: 1
kMutationMode: 1
kMutations: 6
kPruneOrphans: 1
kSaveDotGraphs: 1
kSeed: 0
kThreads: 4
kThreshold: 1000
kTruthWeight: 1
columns: 13
rows: 5,5,5,5,5,5,5,5,5,5,5,5,4
goal_correct_count: 256
goal_total_count: 2048
goal_total_weighted_count: 65536
~
gates_used: 39
total_count: 1650
total_weighted_count: 0
percent: 0.805664
weighted_percent: 0.000000
evaluations: 20100
~
1422,1430,1436,1444,1450,1458,1466,1474,1486,1498,1502,1504,1514,1526,1530,1534,1542,1550,1558,1558,1558,1558,1558,1558,1558,1558,1561,1564,1564,1564,1564,1564,1564,1564,1570,1578,1578,1580,1580,1580,1580,1586,1586,1586,1586,1588,1592,1592,1592,1596,1596,1596,1596,1596,1596,1596,1596,1596,1596,1596,1598,1598,1598,1598,1598,1598,1598,1598,1606,1606,1606,1606,1610,1614,1618,1618,1618,1618,1618,1618,1618,1618,1618,1618,1618,1618,1618,1618,1618,1618,1624,1624,1624,1624,1624,1624,1624,1624,1624,1624,1624,1624,1624,1624,1624,1624,1624,1624,1624,1624,1624,1624,1624,1624,1624,1624,1624,1624,1624,1624,1624,1624,1624,1624,1624,1624,1624,1624,1624,1624,1624,1624,1624,1624,1624,1624,1624,1624,1624,1624,1624,1624,1624,1624,1624,1624,1624,1624,1624,1624,1632,1632,1632,1632,1632,1632,1632,1632,1632,1632,1632,1632,1632,1632,1632,1632,1632,1632,1632,1632,1632,1632,1632,1632,1632,1632,1632,1632,1632,1632,1632,1648,1648,1648,1648,1648,1648,1648,1648,1648,1650,1650,1650,1650,1650,1650,1650,1650,1650,1650,1650,
44976,45140,45180,45324,45372,49388,49616,52904,53160,53656,53688,53704,54680,55320,55352,55368,55472,55612,55868,55868,55868,55868,55868,55868,55868,55868,55892,55916,55916,55916,55916,55916,55916,55916,55964,56476,56476,56492,56492,56492,56492,56876,56876,56876,56876,57540,58040,58040,58040,58056,58056,58056,58056,58056,58056,58056,58056,58056,58056,58056,58064,58064,58064,58064,58064,58064,58064,58064,58320,58320,58320,58320,58820,58824,58840,58840,58840,58840,58840,58840,58840,58840,58840,58840,58840,58840,58840,58840,58840,58840,58864,58864,58864,58864,58864,58864,58864,58864,58864,58864,58864,58864,58864,58864,58864,58864,58864,58864,58864,58864,58864,58864,58864,58864,58864,58864,58864,58864,58864,58864,58864,58864,58864,58864,58864,58864,58864,58864,58864,58864,58864,58864,58864,58864,58864,58864,58864,58864,58864,58864,58864,58864,58864,58864,58864,58864,58864,58864,58864,58864,58872,58872,58872,58872,58872,58872,58872,58872,58872,58872,58872,58872,58872,58872,58872,58872,58872,58872,58872,58872,58872,58872,58872,58872,58872,58872,58872,58872,58872,58872,58872,59384,59384,59384,59384,59384,59384,59384,59384,59384,59388,59388,59388,59388,59388,59388,59388,59388,59388,59388,59388,
0.694336,0.698242,0.701172,0.705078,0.708008,0.711914,0.715820,0.719727,0.725586,0.731445,0.733398,0.734375,0.739258,0.745117,0.747070,0.749023,0.752930,0.756836,0.760742,0.760742,0.760742,0.760742,0.760742,0.760742,0.760742,0.760742,0.762207,0.763672,0.763672,0.763672,0.763672,0.763672,0.763672,0.763672,0.766602,0.770508,0.770508,0.771484,0.771484,0.771484,0.771484,0.774414,0.774414,0.774414,0.774414,0.775391,0.777344,0.777344,0.777344,0.779297,0.779297,0.779297,0.779297,0.779297,0.779297,0.779297,0.779297,0.779297,0.779297,0.779297,0.780273,0.780273,0.780273,0.780273,0.780273,0.780273,0.780273,0.780273,0.784180,0.784180,0.784180,0.784180,0.786133,0.788086,0.790039,0.790039,0.790039,0.790039,0.790039,0.790039,0.790039,0.790039,0.790039,0.790039,0.790039,0.790039,0.790039,0.790039,0.790039,0.790039,0.792969,0.792969,0.792969,0.792969,0.792969,0.792969,0.792969,0.792969,0.792969,0.792969,0.792969,0.792969,0.792969,0.792969,0.792969,0.792969,0.792969,0.792969,0.792969,0.792969,0.792969,0.792969,0.792969,0.792969,0.792969,0.792969,0.792969,0.792969,0.792969,0.792969,0.792969,0.792969,0.792969,0.792969,0.792969,0.792969,0.792969,0.792969,0.792969,0.792969,0.792969,0.792969,0.792969,0.792969,0.792969,0.792969,0.792969,0.792969,0.792969,0.792969,0.792969,0.792969,0.792969,0.792969,0.792969,0.792969,0.792969,0.792969,0.792969,0.792969,0.796875,0.796875,0.796875,0.796875,0.796875,0.796875,0.796875,0.796875,0.796875,0.796875,0.796875,0.796875,0.796875,0.796875,0.796875,0.796875,0.796875,0.796875,0.796875,0.796875,0.796875,0.796875,0.796875,0.796875,0.796875,0.796875,0.796875,0.796875,0.796875,0.796875,0.796875,0.804688,0.804688,0.804688,0.804688,0.804688,0.804688,0.804688,0.804688,0.804688,0.805664,0.805664,0.805664,0.805664,0.805664,0.805664,0.805664,0.805664,0.805664,0.805664,0.805664,
0.686279,0.688782,0.689392,0.691589,0.692322,0.753601,0.757080,0.807251,0.811157,0.818726,0.819214,0.819458,0.834351,0.844116,0.844604,0.844849,0.846436,0.848572,0.852478,0.852478,0.852478,0.852478,0.852478,0.852478,0.852478,0.852478,0.852844,0.853210,0.853210,0.853210,0.853210,0.853210,0.853210,0.853210,0.853943,0.861755,0.861755,0.862000,0.862000,0.862000,0.862000,0.867859,0.867859,0.867859,0.867859,0.877991,0.885620,0.885620,0.885620,0.885864,0.885864,0.885864,0.885864,0.885864,0.885864,0.885864,0.885864,0.885864,0.885864,0.885864,0.885986,0.885986,0.885986,0.885986,0.885986,0.885986,0.885986,0.885986,0.889893,0.889893,0.889893,0.889893,0.897522,0.897583,0.897827,0.897827,0.897827,0.897827,0.897827,0.897827,0.897827,0.897827,0.897827,0.897827,0.897827,0.897827,0.897827,0.897827,0.897827,0.897827,0.898193,0.898193,0.898193,0.898193,0.898193,0.898193,0.898193,0.898193,0.898193,0.898193,0.898193,0.898193,0.898193,0.898193,0.898193,0.898193,0.898193,0.898193,0.898193,0.898193,0.898193,0.898193,0.898193,0.898193,0.898193,0.898193,0.898193,0.898193,0.898193,0.898193,0.898193,0.898193,0.898193,0.898193,0.898193,0.898193,0.898193,0.898193,0.898193,0.898193,0.898193,0.898193,0.898193,0.898193,0.898193,0.898193,0.898193,0.898193,0.898193,0.898193,0.898193,0.898193,0.898193,0.898193,0.898193,0.898193,0.898193,0.898193,0.898193,0.898193,0.898315,0.898315,0.898315,0.898315,0.898315,0.898315,0.898315,0.898315,0.898315,0.898315,0.898315,0.898315,0.898315,0.898315,0.898315,0.898315,0.898315,0.898315,0.898315,0.898315,0.898315,0.898315,0.898315,0.898315,0.898315,0.898315,0.898315,0.898315,0.898315,0.898315,0.898315,0.906128,0.906128,0.906128,0.906128,0.906128,0.906128,0.906128,0.906128,0.906128,0.906189,0.906189,0.906189,0.906189,0.906189,0.906189,0.906189,0.906189,0.906189,0.906189,0.906189,
