kBasicLog: 1
kBreedEdges: 1
kBreedGates: 1
kBreedSample: 16
kBreedType: 0
kChildren: 100
kEvaluations: 20000
kGens: 100
kLegalGateTypes: 1
kLog: 1
kLogIter: 1
kMaxGenStagnation: 300
kMessUp: 0
kMutatePercent: 1
kMutationMode: 1
kMutations: 6
kPruneOrphans: 1
kSaveDotGraphs: 1
kSeed: 0
kThreads: 4
kThreshold: 1000
kTruthWeight: 1
columns: 13
rows: 5,5,5,5,5,5,5,5,5,5,5,5,4
goal_correct_count: 256
goal_total_count: 2048
goal_total_weighted_count: 65536
~
gates_used: 35
total_count: 1634
total_weighted_count: 0
percent: 0.797852
weighted_percent: 0.000000
evaluations: 20100
~
1448,1464,1478,1486,1494,1504,1512,1520,1524,1528,1532,1546,1572,1578,1580,1580,1582,1586,1588,1588,1588,1588,1588,1588,1588,1590,1590,1590,1590,1590,1590,1590,1590,1590,1598,1598,1598,1600,1600,1604,1604,1604,1604,1604,1604,1604,1604,1608,1608,1608,1608,1608,1608,1608,1608,1608,1608,1608,1608,1622,1622,1622,1622,1622,1622,1622,1622,1622,1622,1622,1622,1622,1622,1622,1622,1622,1622,1622,1622,1622,1622,1622,1622,1622,1622,1622,1622,1622,1622,1622,1622,1622,1622,1622,1622,1622,1622,1624,1624,1624,1624,1626,1626,1626,1626,1626,1626,1626,1626,1626,1626,1626,1626,1626,1626,1626,1626,1626,1626,1626,1626,1626,1626,1626,1626,1626,1626,1626,1626,1626,1626,1626,1626,1626,1626,1630,1630,1630,1630,1630,1630,1630,1630,1630,1630,1630,1630,1630,1630,1630,1630,1630,1630,1630,1630,1630,1630,1630,1630,1630,1630,1630,1630,1630,1630,1630,1630,1630,1630,1630,1630,1630,1630,1630,1632,1632,1632,1632,1632,1632,1632,1632,1632,1632,1632,1632,1632,1632,1632,1632,1632,1632,1632,1634,1634,1634,1634,1634,1634,1634,1634,
46014,48062,50094,50166,50422,50566,50630,50758,50886,50910,50926,54798,56302,56350,56354,56354,56386,56450,56452,56452,56452,56452,56452,56452,56452,56468,56468,56468,56468,56468,56468,56468,56468,56468,56724,56724,56724,56732,56732,56748,56748,56748,56748,56748,56748,56748,56748,56756,56756,56756,56756,56756,56756,56756,56756,56756,56756,56756,56756,56786,56786,56786,56786,56786,56786,56786,56786,56786,56786,56786,56786,56786,56786,56786,56786,56786,56786,56786,56786,56786,56786,56786,56786,56786,56786,56786,56786,56786,56786,56786,56786,56786,56786,56786,56786,56786,56786,56794,56794,56794,56794,56796,56796,56796,56796,56796,56796,56796,56796,56796,56796,56796,56796,56796,56796,56796,56796,56796,56796,56796,56796,56796,56796,56796,56796,56796,56796,56796,56796,56796,56796,56796,56796,56796,56796,56828,56828,56828,56828,56828,56828,56828,56828,56828,56828,56828,56828,56828,56828,56828,56828,56828,56828,56828,56828,56828,56828,56828,56828,56828,56828,56828,56828,56828,56828,56828,56828,56828,56828,56828,56828,56828,56828,56828,56860,56860,56860,56860,56860,56860,56860,56860,56860,56860,56860,56860,56860,56860,56860,56860,56860,56860,56860,56892,56892,56892,56892,56892,56892,56892,56892,
0.707031,0.714844,0.721680,0.725586,0.729492,0.734375,0.738281,0.742188,0.744141,0.746094,0.748047,0.754883,0.767578,0.770508,0.771484,0.771484,0.772461,0.774414,0.775391,0.775391,0.775391,0.775391,0.775391,0.775391,0.775391,0.776367,0.776367,0.776367,0.776367,0.776367,0.776367,0.776367,0.776367,0.776367,0.780273,0.780273,0.780273,0.781250,0.781250,0.783203,0.783203,0.783203,0.783203,0.783203,0.783203,0.783203,0.783203,0.785156,0.785156,0.785156,0.785156,0.785156,0.785156,0.785156,0.785156,0.785156,0.785156,0.785156,0.785156,0.791992,0.791992,0.791992,0.791992,0.791992,0.791992,0.791992,0.791992,0.791992,0.791992,0.791992,0.791992,0.791992,0.791992,0.791992,0.791992,0.791992,0.791992,0.791992,0.791992,0.791992,0.791992,0.791992,0.791992,0.791992,0.791992,0.791992,0.791992,0.791992,0.791992,0.791992,0.791992,0.791992,0.791992,0.791992,0.791992,0.791992,0.791992,0.792969,0.792969,0.792969,0.792969,0.793945,0.793945,0.793945,0.793945,0.793945,0.793945,0.793945,0.793945,0.793945,0.793945,0.793945,0.793945,0.793945,0.793945,0.793945,0.793945,0.793945,0.793945,0.793945,0.793945,0.793945,0.793945,0.793945,0.793945,0.793945,0.793945,0.793945,0.793945,0.793945,0.793945,0.793945,0.793945,0.793945,0.793945,0.795898,0.795898,0.795898,0.795898,0.795898,0.795898,0.795898,0.795898,0.795898,0.795898,0.795898,0.795898,0.795898,0.795898,0.795898,0.795898,0.795898,0.795898,0.795898,0.795898,0.795898,0.795898,0.795898,0.795898,0.795898,0.795898,0.795898,0.795898,0.795898,0.795898,0.795898,0.795898,0.795898,0.795898,0.795898,0.795898,0.795898,0.795898,0.795898,0.796875,0.796875,0.796875,0.796875,0.796875,0.796875,0.796875,0.796875,0.796875,0.796875,0.796875,0.796875,0.796875,0.796875,0.796875,0.796875,0.796875,0.796875,0.796875,0.797852,0.797852,0.797852,0.797852,0.797852,0.797852,0.797852,0.797852,
0.702118,0.733368,0.764374,0.765472,0.769379,0.771576,0.772552,0.774506,0.776459,0.776825,0.777069,0.836151,0.859100,0.859833,0.859894,0.859894,0.860382,0.861359,0.861389,0.861389,0.861389,0.861389,0.861389,0.861389,0.861389,0.861633,0.861633,0.861633,0.861633,0.861633,0.861633,0.861633,0.861633,0.861633,0.865540,0.865540,0.865540,0.865662,0.865662,0.865906,0.865906,0.865906,0.865906,0.865906,0.865906,0.865906,0.865906,0.866028,0.866028,0.866028,0.866028,0.866028,0.866028,0.866028,0.866028,0.866028,0.866028,0.866028,0.866028,0.866486,0.866486,0.866486,0.866486,0.866486,0.866486,0.866486,0.866486,0.866486,0.866486,0.866486,0.866486,0.866486,0.866486,0.866486,0.866486,0.866486,0.866486,0.866486,0.866486,0.866486,0.866486,0.866486,0.866486,0.866486,0.866486,0.866486,0.866486,0.866486,0.866486,0.866486,0.866486,0.866486,0.866486,0.866486,0.866486,0.866486,0.866486,0.866608,0.866608,0.866608,0.866608,0.866638,0.866638,0.866638,0.866638,0.866638,0.866638,0.866638,0.866638,0.866638,0.866638,0.866638,0.866638,0.866638,0.866638,0.866638,0.866638,0.866638,0.866638,0.866638,0.866638,0.866638,0.866638,0.866638,0.866638,0.866638,0.866638,0.866638,0.866638,0.866638,0.866638,0.866638,0.866638,0.866638,0.866638,0.867126,0.867126,0.867126,0.867126,0.867126,0.867126,0.867126,0.867126,0.867126,0.867126,0.867126,0.867126,0.867126,0.867126,0.867126,0.867126,0.867126,0.867126,0.867126,0.867126,0.867126,0.867126,0.867126,0.867126,0.867126,0.867126,0.867126,0.867126,0.867126,0.867126,0.867126,0.867126,0.867126,0.867126,0.867126,0.867126,0.867126,0.867126,0.867126,0.867615,0.867615,0.867615,0.867615,0.867615,0.867615,0.867615,0.867615,0.867615,0.867615,0.867615,0.867615,0.867615,0.867615,0.867615,0.867615,0.867615,0.867615,0.867615,0.868103,0.868103,0.868103,0.868103,0.868103,0.868103,0.868103,0.868103,
