kBasicLog: 1
kBreedEdges: 1
kBreedGates: 1
kBreedSample: 16
kBreedType: 0
kChildren: 100
kEvaluations: 20000
kGens: 100
kLegalGateTypes: 1
kLog: 1
kLogIter: 3
kMaxGenStagnation: 300
kMessUp: 0
kMutatePercent: 1
kMutationMode: 1
kMutations: 6
kPruneOrphans: 1
kSaveDotGraphs: 1
kSeed: 0
kThreads: 4
kThreshold: 1000
kTruthWeight: 1
columns: 13
rows: 5,5,5,5,5,5,5,5,5,5,5,5,4
goal_correct_count: 256
goal_total_count: 2048
goal_total_weighted_count: 65536
~
gates_used: 34
total_count: 1628
total_weighted_count: 0
percent: 0.794922
weighted_percent: 0.000000
evaluations: 20100
~
1426,1434,1442,1506,1506,1506,1506,1506,1506,1506,1506,1506,1506,1506,1506,1506,1506,1506,1506,1506,1506,1506,1506,1506,1506,1506,1506,1506,1506,1506,1506,1506,1506,1506,1506,1506,1506,1506,1514,1518,1526,1536,1540,1540,1540,1550,1550,1552,1552,1556,1564,1568,1568,1576,1580,1582,1582,1586,1586,1588,1592,1606,1606,1606,1606,1606,1606,1606,1608,1610,1610,1613,1613,1613,1615,1615,1616,1616,1616,1616,1616,1616,1616,1616,1616,1616,1616,1616,1616,1616,1616,1616,1616,1616,1616,1616,1618,1618,1618,1618,1618,1618,1624,1624,1624,1624,1624,1624,1624,1624,1624,1624,1624,1624,1624,1624,1624,1624,1624,1624,1624,1624,1624,1624,1624,1624,1624,1624,1624,1624,1624,1624,1624,1624,1624,1624,1624,1624,1624,1624,1624,1624,1624,1624,1624,1624,1624,1624,1624,1624,1624,1624,1624,1624,1624,1624,1624,1624,1624,1624,1624,1624,1624,1624,1624,1624,1624,1628,1628,1628,1628,1628,1628,1628,1628,1628,1628,1628,1628,1628,1628,1628,1628,1628,1628,1628,1628,1628,1628,1628,1628,1628,1628,1628,1628,1628,1628,1628,1628,1628,1628,
46284,46380,46636,54828,54828,54828,54828,54828,54828,54828,54828,54828,54828,54828,54828,54828,54828,54828,54828,54828,54828,54828,54828,54828,54828,54828,54828,54828,54828,54828,54828,54828,54828,54828,54828,54828,54828,54828,55804,55820,56076,56452,56580,56580,56580,56592,56592,56594,56594,56610,56738,56758,56758,56822,56830,56834,56834,56898,56898,56930,57090,57986,57986,57986,57986,57986,57986,57986,57988,57996,57996,57999,57999,57999,58015,58015,58016,58016,58016,58016,58016,58016,58016,58016,58016,58016,58016,58016,58016,58016,58016,58016,58016,58016,58016,58016,58048,58048,58048,58048,58048,58048,58144,58144,58144,58144,58144,58144,58144,58144,58144,58144,58144,58144,58144,58144,58144,58144,58144,58144,58144,58144,58144,58144,58144,58144,58144,58144,58144,58144,58144,58144,58144,58144,58144,58144,58144,58144,58144,58144,58144,58144,58144,58144,58144,58144,58144,58144,58144,58144,58144,58144,58144,58144,58144,58144,58144,58144,58144,58144,58144,58144,58144,58144,58144,58144,58144,58160,58160,58160,58160,58160,58160,58160,58160,58160,58160,58160,58160,58160,58160,58160,58160,58160,58160,58160,58160,58160,58160,58160,58160,58160,58160,58160,58160,58160,58160,58160,58160,58160,58160,
0.696289,0.700195,0.704102,0.735352,0.735352,0.735352,0.735352,0.735352,0.735352,0.735352,0.735352,0.735352,0.735352,0.735352,0.735352,0.735352,0.735352,0.735352,0.735352,0.735352,0.735352,0.735352,0.735352,0.735352,0.735352,0.735352,0.735352,0.735352,0.735352,0.735352,0.735352,0.735352,0.735352,0.735352,0.735352,0.735352,0.735352,0.735352,0.739258,0.741211,0.745117,0.750000,0.751953,0.751953,0.751953,0.756836,0.756836,0.757812,0.757812,0.759766,0.763672,0.765625,0.765625,0.769531,0.771484,0.772461,0.772461,0.774414,0.774414,0.775391,0.777344,0.784180,0.784180,0.784180,0.784180,0.784180,0.784180,0.784180,0.785156,0.786133,0.786133,0.787598,0.787598,0.787598,0.788574,0.788574,0.789062,0.789062,0.789062,0.789062,0.789062,0.789062,0.789062,0.789062,0.789062,0.789062,0.789062,0.789062,0.789062,0.789062,0.789062,0.789062,0.789062,0.789062,0.789062,0.789062,0.790039,0.790039,0.790039,0.790039,0.790039,0.790039,0.792969,0.792969,0.792969,0.792969,0.792969,0.792969,0.792969,0.792969,0.792969,0.792969,0.792969,0.792969,0.792969,0.792969,0.792969,0.792969,0.792969,0.792969,0.792969,0.792969,0.792969,0.792969,0.792969,0.792969,0.792969,0.792969,0.792969,0.792969,0.792969,0.792969,0.792969,0.792969,0.792969,0.792969,0.792969,0.792969,0.792969,0.792969,0.792969,0.792969,0.792969,0.792969,0.792969,0.792969,0.792969,0.792969,0.792969,0.792969,0.792969,0.792969,0.792969,0.792969,0.792969,0.792969,0.792969,0.792969,0.792969,0.792969,0.792969,0.792969,0.792969,0.792969,0.792969,0.792969,0.792969,0.794922,0.794922,0.794922,0.794922,0.794922,0.794922,0.794922,0.794922,0.794922,0.794922,0.794922,0.794922,0.794922,0.794922,0.794922,0.794922,0.794922,0.794922,0.794922,0.794922,0.794922,0.794922,0.794922,0.794922,0.794922,0.794922,0.794922,0.794922,0.794922,0.794922,0.794922,0.794922,0.794922,0.794922,
0.706238,0.707703,0.711609,0.836609,0.836609,0.836609,0.836609,0.836609,0.836609,0.836609,0.836609,0.836609,0.836609,0.836609,0.836609,0.836609,0.836609,0.836609,0.836609,0.836609,0.836609,0.836609,0.836609,0.836609,0.836609,0.836609,0.836609,0.836609,0.836609,0.836609,0.836609,0.836609,0.836609,0.836609,0.836609,0.836609,0.836609,0.836609,0.851501,0.851746,0.855652,0.861389,0.863342,0.863342,0.863342,0.863525,0.863525,0.863556,0.863556,0.863800,0.865753,0.866058,0.866058,0.867035,0.867157,0.867218,0.867218,0.868195,0.868195,0.868683,0.871124,0.884796,0.884796,0.884796,0.884796,0.884796,0.884796,0.884796,0.884827,0.884949,0.884949,0.884995,0.884995,0.884995,0.885239,0.885239,0.885254,0.885254,0.885254,0.885254,0.885254,0.885254,0.885254,0.885254,0.885254,0.885254,0.885254,0.885254,0.885254,0.885254,0.885254,0.885254,0.885254,0.885254,0.885254,0.885254,0.885742,0.885742,0.885742,0.885742,0.885742,0.885742,0.887207,0.887207,0.887207,0.887207,0.887207,0.887207,0.887207,0.887207,0.887207,0.887207,0.887207,0.887207,0.887207,0.887207,0.887207,0.887207,0.887207,0.887207,0.887207,0.887207,0.887207,0.887207,0.887207,0.887207,0.887207,0.887207,0.887207,0.887207,0.887207,0.887207,0.887207,0.887207,0.887207,0.887207,0.887207,0.887207,0.887207,0.887207,0.887207,0.887207,0.887207,0.887207,0.887207,0.887207,0.887207,0.887207,0.887207,0.887207,0.887207,0.887207,0.887207,0.887207,0.887207,0.887207,0.887207,0.887207,0.887207,0.887207,0.887207,0.887207,0.887207,0.887207,0.887207,0.887207,0.887207,0.887451,0.887451,0.887451,0.887451,0.887451,0.887451,0.887451,0.887451,0.887451,0.887451,0.887451,0.887451,0.887451,0.887451,0.887451,0.887451,0.887451,0.887451,0.887451,0.887451,0.887451,0.887451,0.887451,0.887451,0.887451,0.887451,0.887451,0.887451,0.887451,0.887451,0.887451,0.887451,0.887451,0.887451,
