kBasicLog: 1
kBreedEdges: 1
kBreedGates: 1
kBreedSample: 16
kBreedType: 0
kChildren: 100
kEvaluations: 20000
kGens: 100
kLegalGateTypes: 1
kLog: 1
kLogIter: 7
kMaxGenStagnation: 300
kMessUp: 0
kMutatePercent: 1
kMutationMode: 1
kMutations: 6
kPruneOrphans: 1
kSaveDotGraphs: 1
kSeed: 0
kThreads: 4
kThreshold: 1000
kTruthWeight: 1
columns: 13
rows: 5,5,5,5,5,5,5,5,5,5,5,5,4
goal_correct_count: 256
goal_total_count: 2048
goal_total_weighted_count: 65536
~
gates_used: 34
total_count: 1684
total_weighted_count: 0
percent: 0.822266
weighted_percent: 0.000000
evaluations: 20100
~
1472,1488,1512,1520,1522,1524,1534,1540,1556,1564,1590,1598,1604,1608,1608,1612,1612,1612,1614,1616,1616,1616,1616,1616,1624,1624,1624,1626,1626,1626,1626,1628,1628,1628,1632,1632,1632,1632,1632,1632,1634,1636,1638,1638,1638,1638,1640,1640,1642,1642,1642,1642,1642,1642,1642,1650,1652,1652,1654,1654,1656,1656,1658,1658,1662,1662,1662,1662,1664,1664,1664,1664,1664,1664,1664,1664,1664,1664,1666,1666,1666,1666,1668,1670,1670,1670,1670,1682,1682,1682,1684,1684,1684,1684,1684,1684,1684,1684,1684,1684,1684,1684,1684,1684,1684,1684,1684,1684,1684,1684,1684,1684,1684,1684,1684,1684,1684,1684,1684,1684,1684,1684,1684,1684,1684,1684,1684,1684,1684,1684,1684,1684,1684,1684,1684,1684,1684,1684,1684,1684,1684,1684,1684,1684,1684,1684,1684,1684,1684,1684,1684,1684,1684,1684,1684,1684,1684,1684,1684,1684,1684,1684,1684,1684,1684,1684,1684,1684,1684,1684,1684,1684,1684,1684,1684,1684,1684,1684,1684,1684,1684,1684,1684,1684,1684,1684,1684,1684,1684,1684,1684,1684,1684,1684,1684,1684,1684,1684,1684,1684,1684,
50836,51220,55060,55504,55508,55512,56012,56024,56536,56550,57240,57368,57374,57378,57378,57442,57442,57442,57446,57450,57450,57450,57450,57450,57706,57706,57706,57714,57714,57714,57714,57726,57726,57726,57822,57822,57822,57822,57822,57822,57826,57830,57846,57846,57846,57846,57862,57862,57878,57878,57878,57878,57878,57878,57878,57958,57966,57966,57982,57982,57984,57984,57988,57988,57996,57996,57996,57996,58000,58000,58000,58000,58000,58000,58000,58000,58000,58000,58002,58002,58002,58002,58016,58018,58018,58018,58018,58522,58522,58522,58526,58526,58526,58526,58526,58526,58526,58526,58526,58526,58526,58526,58526,58526,58526,58526,58526,58526,58526,58526,58526,58526,58526,58526,58526,58526,58526,58526,58526,58526,58526,58526,58526,58526,58526,58526,58526,58526,58526,58526,58526,58526,58526,58526,58526,58526,58526,58526,58526,58526,58526,58526,58526,58526,58526,58526,58526,58526,58526,58526,58526,58526,58526,58526,58526,58526,58526,58526,58526,58526,58526,58526,58526,58526,58526,58526,58526,58526,58526,58526,58526,58526,58526,58526,58526,58526,58526,58526,58526,58526,58526,58526,58526,58526,58526,58526,58526,58526,58526,58526,58526,58526,58526,58526,58526,58526,58526,58526,58526,58526,58526,
0.718750,0.726562,0.738281,0.742188,0.743164,0.744141,0.749023,0.751953,0.759766,0.763672,0.776367,0.780273,0.783203,0.785156,0.785156,0.787109,0.787109,0.787109,0.788086,0.789062,0.789062,0.789062,0.789062,0.789062,0.792969,0.792969,0.792969,0.793945,0.793945,0.793945,0.793945,0.794922,0.794922,0.794922,0.796875,0.796875,0.796875,0.796875,0.796875,0.796875,0.797852,0.798828,0.799805,0.799805,0.799805,0.799805,0.800781,0.800781,0.801758,0.801758,0.801758,0.801758,0.801758,0.801758,0.801758,0.805664,0.806641,0.806641,0.807617,0.807617,0.808594,0.808594,0.809570,0.809570,0.811523,0.811523,0.811523,0.811523,0.812500,0.812500,0.812500,0.812500,0.812500,0.812500,0.812500,0.812500,0.812500,0.812500,0.813477,0.813477,0.813477,0.813477,0.814453,0.815430,0.815430,0.815430,0.815430,0.821289,0.821289,0.821289,0.822266,0.822266,0.822266,0.822266,0.822266,0.822266,0.822266,0.822266,0.822266,0.822266,0.822266,0.822266,0.822266,0.822266,0.822266,0.822266,0.822266,0.822266,0.822266,0.822266,0.822266,0.822266,0.822266,0.822266,0.822266,0.822266,0.822266,0.822266,0.822266,0.822266,0.822266,0.822266,0.822266,0.822266,0.822266,0.822266,0.822266,0.822266,0.822266,0.822266,0.822266,0.822266,0.822266,0.822266,0.822266,0.822266,0.822266,0.822266,0.822266,0.822266,0.822266,0.822266,0.822266,0.822266,0.822266,0.822266,0.822266,0.822266,0.822266,0.822266,0.822266,0.822266,0.822266,0.822266,0.822266,0.822266,0.822266,0.822266,0.822266,0.822266,0.822266,0.822266,0.822266,0.822266,0.822266,0.822266,0.822266,0.822266,0.822266,0.822266,0.822266,0.822266,0.822266,0.822266,0.822266,0.822266,0.822266,0.822266,0.822266,0.822266,0.822266,0.822266,0.822266,0.822266,0.822266,0.822266,0.822266,0.822266,0.822266,0.822266,0.822266,0.822266,0.822266,0.822266,0.822266,0.822266,0.822266,0.822266,0.822266,0.822266,0.822266,
0.775696,0.781555,0.840149,0.846924,0.846985,0.847046,0.854675,0.854858,0.862671,0.862885,0.873413,0.875366,0.875458,0.875519,0.875519,0.876495,0.876495,0.876495,0.876556,0.876617,0.876617,0.876617,0.876617,0.876617,0.880524,0.880524,0.880524,0.880646,0.880646,0.880646,0.880646,0.880829,0.880829,0.880829,0.882294,0.882294,0.882294,0.882294,0.882294,0.882294,0.882355,0.882416,0.882660,0.882660,0.882660,0.882660,0.882904,0.882904,0.883148,0.883148,0.883148,0.883148,0.883148,0.883148,0.883148,0.884369,0.884491,0.884491,0.884735,0.884735,0.884766,0.884766,0.884827,0.884827,0.884949,0.884949,0.884949,0.884949,0.885010,0.885010,0.885010,0.885010,0.885010,0.885010,0.885010,0.885010,0.885010,0.885010,0.885040,0.885040,0.885040,0.885040,0.885254,0.885284,0.885284,0.885284,0.885284,0.892975,0.892975,0.892975,0.893036,0.893036,0.893036,0.893036,0.893036,0.893036,0.893036,0.893036,0.893036,0.893036,0.893036,0.893036,0.893036,0.893036,0.893036,0.893036,0.893036,0.893036,0.893036,0.893036,0.893036,0.893036,0.893036,0.893036,0.893036,0.893036,0.893036,0.893036,0.893036,0.893036,0.893036,0.893036,0.893036,0.893036,0.893036,0.893036,0.893036,0.893036,0.893036,0.893036,0.893036,0.893036,0.893036,0.893036,0.893036,0.893036,0.893036,0.893036,0.893036,0.893036,0.893036,0.893036,0.893036,0.893036,0.893036,0.893036,0.893036,0.893036,0.893036,0.893036,0.893036,0.893036,0.893036,0.893036,0.893036,0.893036,0.893036,0.893036,0.893036,0.893036,0.893036,0.893036,0.893036,0.893036,0.893036,0.893036,0.893036,0.893036,0.893036,0.893036,0.893036,0.893036,0.893036,0.893036,0.893036,0.893036,0.893036,0.893036,0.893036,0.893036,0.893036,0.893036,0.893036,0.893036,0.893036,0.893036,0.893036,0.893036,0.893036,0.893036,0.893036,0.893036,0.893036,0.893036,0.893036,0.893036,0.893036,0.893036,0.893036,0.893036,0.893036,
