kBasicLog: 1
kBreedEdges: 1
kBreedGates: 1
kBreedSample: 16
kBreedType: 0
kChildren: 100
kEvaluations: 20000
kGens: 100
kLegalGateTypes: 1
kLog: 1
kLogIter: 5
kMaxGenStagnation: 300
kMessUp: 0
kMutatePercent: 1
kMutationMode: 1
kMutations: 6
kPruneOrphans: 1
kSaveDotGraphs: 1
kSeed: 0
kThreads: 4
kThreshold: 1000
kTruthWeight: 1
columns: 13
rows: 5,5,5,5,5,5,5,5,5,5,5,5,4
goal_correct_count: 256
goal_total_count: 2048
goal_total_weighted_count: 65536
~
gates_used: 39
total_count: 1688
total_weighted_count: 0
percent: 0.824219
weighted_percent: 0.000000
evaluations: 20100
~
1454,1506,1514,1518,1526,1534,1534,1538,1538,1538,1538,1542,1546,1546,1546,1546,1546,1546,1546,1546,1546,1546,1546,1546,1546,1546,1546,1546,1548,1550,1550,1558,1558,1562,1562,1562,1562,1562,1562,1566,1566,1566,1574,1584,1584,1584,1584,1584,1588,1590,1591,1596,1598,1598,1598,1598,1598,1598,1598,1600,1600,1600,1608,1616,1620,1620,1620,1624,1626,1626,1626,1626,1626,1630,1630,1630,1630,1630,1630,1630,1634,1648,1648,1650,1650,1650,1650,1650,1650,1654,1654,1654,1658,1658,1658,1658,1658,1658,1658,1658,1658,1660,1660,1660,1660,1660,1660,1660,1660,1660,1660,1660,1660,1660,1660,1660,1660,1660,1666,1666,1680,1680,1682,1682,1686,1686,1686,1688,1688,1688,1688,1688,1688,1688,1688,1688,1688,1688,1688,1688,1688,1688,1688,1688,1688,1688,1688,1688,1688,1688,1688,1688,1688,1688,1688,1688,1688,1688,1688,1688,1688,1688,1688,1688,1688,1688,1688,1688,1688,1688,1688,1688,1688,1688,1688,1688,1688,1688,1688,1688,1688,1688,1688,1688,1688,1688,1688,1688,1688,1688,1688,1688,1688,1688,1688,1688,1688,1688,1688,1688,1688,
49684,54324,54388,54836,54964,55032,55032,55288,55288,55288,55288,55320,55576,55576,55576,55576,55576,55576,55576,55576,55576,55576,55576,55576,55576,55576,55576,55576,56042,56046,56046,56302,56302,56334,56334,56334,56334,56334,56334,56366,56366,56366,56494,56726,56726,56726,56726,56726,56730,56858,56922,56994,57122,57122,57122,57122,57122,57122,57122,57880,57880,57880,58776,58904,58920,58920,58920,58936,58944,58944,58944,58944,58944,58960,58960,58960,58960,58960,58960,58960,60224,61244,61244,61248,61248,61248,61248,61248,61248,61312,61312,61312,61376,61376,61376,61376,61376,61376,61376,61376,61376,61384,61384,61384,61384,61384,61384,61384,61384,61384,61384,61384,61384,61384,61384,61384,61384,61384,61396,61396,61410,61410,61412,61412,61416,61416,61416,61418,61418,61418,61418,61418,61418,61418,61418,61418,61418,61418,61418,61418,61418,61418,61418,61418,61418,61418,61418,61418,61418,61418,61418,61418,61418,61418,61418,61418,61418,61418,61418,61418,61418,61418,61418,61418,61418,61418,61418,61418,61418,61418,61418,61418,61418,61418,61418,61418,61418,61418,61418,61418,61418,61418,61418,61418,61418,61418,61418,61418,61418,61418,61418,61418,61418,61418,61418,61418,61418,61418,61418,61418,61418,
0.709961,0.735352,0.739258,0.741211,0.745117,0.749023,0.749023,0.750977,0.750977,0.750977,0.750977,0.752930,0.754883,0.754883,0.754883,0.754883,0.754883,0.754883,0.754883,0.754883,0.754883,0.754883,0.754883,0.754883,0.754883,0.754883,0.754883,0.754883,0.755859,0.756836,0.756836,0.760742,0.760742,0.762695,0.762695,0.762695,0.762695,0.762695,0.762695,0.764648,0.764648,0.764648,0.768555,0.773438,0.773438,0.773438,0.773438,0.773438,0.775391,0.776367,0.776855,0.779297,0.780273,0.780273,0.780273,0.780273,0.780273,0.780273,0.780273,0.781250,0.781250,0.781250,0.785156,0.789062,0.791016,0.791016,0.791016,0.792969,0.793945,0.793945,0.793945,0.793945,0.793945,0.795898,0.795898,0.795898,0.795898,0.795898,0.795898,0.795898,0.797852,0.804688,0.804688,0.805664,0.805664,0.805664,0.805664,0.805664,0.805664,0.807617,0.807617,0.807617,0.809570,0.809570,0.809570,0.809570,0.809570,0.809570,0.809570,0.809570,0.809570,0.810547,0.810547,0.810547,0.810547,0.810547,0.810547,0.810547,0.810547,0.810547,0.810547,0.810547,0.810547,0.810547,0.810547,0.810547,0.810547,0.810547,0.813477,0.813477,0.820312,0.820312,0.821289,0.821289,0.823242,0.823242,0.823242,0.824219,0.824219,0.824219,0.824219,0.824219,0.824219,0.824219,0.824219,0.824219,0.824219,0.824219,0.824219,0.824219,0.824219,0.824219,0.824219,0.824219,0.824219,0.824219,0.824219,0.824219,0.824219,0.824219,0.824219,0.824219,0.824219,0.824219,0.824219,0.824219,0.824219,0.824219,0.824219,0.824219,0.824219,0.824219,0.824219,0.824219,0.824219,0.824219,0.824219,0.824219,0.824219,0.824219,0.824219,0.824219,0.824219,0.824219,0.824219,0.824219,0.824219,0.824219,0.824219,0.824219,0.824219,0.824219,0.824219,0.824219,0.824219,0.824219,0.824219,0.824219,0.824219,0.824219,0.824219,0.824219,0.824219,0.824219,0.824219,0.824219,0.824219,0.824219,0.824219,0.824219,0.824219,
0.758118,0.828918,0.829895,0.836731,0.838684,0.839722,0.839722,0.843628,0.843628,0.843628,0.843628,0.844116,0.848022,0.848022,0.848022,0.848022,0.848022,0.848022,0.848022,0.848022,0.848022,0.848022,0.848022,0.848022,0.848022,0.848022,0.848022,0.848022,0.855133,0.855194,0.855194,0.859100,0.859100,0.859589,0.859589,0.859589,0.859589,0.859589,0.859589,0.860077,0.860077,0.860077,0.862030,0.865570,0.865570,0.865570,0.865570,0.865570,0.865631,0.867584,0.868561,0.869659,0.871613,0.871613,0.871613,0.871613,0.871613,0.871613,0.871613,0.883179,0.883179,0.883179,0.896851,0.898804,0.899048,0.899048,0.899048,0.899292,0.899414,0.899414,0.899414,0.899414,0.899414,0.899658,0.899658,0.899658,0.899658,0.899658,0.899658,0.899658,0.918945,0.934509,0.934509,0.934570,0.934570,0.934570,0.934570,0.934570,0.934570,0.935547,0.935547,0.935547,0.936523,0.936523,0.936523,0.936523,0.936523,0.936523,0.936523,0.936523,0.936523,0.936646,0.936646,0.936646,0.936646,0.936646,0.936646,0.936646,0.936646,0.936646,0.936646,0.936646,0.936646,0.936646,0.936646,0.936646,0.936646,0.936646,0.936829,0.936829,0.937042,0.937042,0.937073,0.937073,0.937134,0.937134,0.937134,0.937164,0.937164,0.937164,0.937164,0.937164,0.937164,0.937164,0.937164,0.937164,0.937164,0.937164,0.937164,0.937164,0.937164,0.937164,0.937164,0.937164,0.937164,0.937164,0.937164,0.937164,0.937164,0.937164,0.937164,0.937164,0.937164,0.937164,0.937164,0.937164,0.937164,0.937164,0.937164,0.937164,0.937164,0.937164,0.937164,0.937164,0.937164,0.937164,0.937164,0.937164,0.937164,0.937164,0.937164,0.937164,0.937164,0.937164,0.937164,0.937164,0.937164,0.937164,0.937164,0.937164,0.937164,0.937164,0.937164,0.937164,0.937164,0.937164,0.937164,0.937164,0.937164,0.937164,0.937164,0.937164,0.937164,0.937164,0.937164,0.937164,0.937164,0.937164,0.937164,0.937164,0.937164,
