kBasicLog: 1
kBreedEdges: 1
kBreedGates: 1
kBreedSample: 16
kBreedType: 0
kChildren: 100
kEvaluations: 20000
kGens: 100
kLegalGateTypes: 1
kLog: 1
kLogIter: 8
kMaxGenStagnation: 300
kMessUp: 0
kMutatePercent: 1
kMutationMode: 1
kMutations: 6
kPruneOrphans: 1
kSaveDotGraphs: 1
kSeed: 0
kThreads: 4
kThreshold: 1000
kTruthWeight: 1
columns: 13
rows: 5,5,5,5,5,5,5,5,5,5,5,5,4
goal_correct_count: 256
goal_total_count: 2048
goal_total_weighted_count: 65536
~
gates_used: 31
total_count: 1578
total_weighted_count: 0
percent: 0.770508
weighted_percent: 0.000000
evaluations: 20100
~
1430,1462,1472,1480,1488,1496,1500,1504,1508,1516,1548,1556,1556,1556,1556,1560,1560,1560,1560,1560,1568,1568,1570,1570,1570,1570,1570,1570,1570,1570,1570,1574,1578,1578,1578,1578,1578,1578,1578,1578,1578,1578,1578,1578,1578,1578,1578,1578,1578,1578,1578,1578,1578,1578,1578,1578,1578,1578,1578,1578,1578,1578,1578,1578,1578,1578,1578,1578,1578,1578,1578,1578,1578,1578,1578,1578,1578,1578,1578,1578,1578,1578,1578,1578,1578,1578,1578,1578,1578,1578,1578,1578,1578,1578,1578,1578,1578,1578,1578,1578,1578,1578,1578,1578,1578,1578,1578,1578,1578,1578,1578,1578,1578,1578,1578,1578,1578,1578,1578,1578,1578,1578,1578,1578,1578,1578,1578,1578,1578,1578,1578,1578,1578,1578,1578,1578,1578,1578,1578,1578,1578,1578,1578,1578,1578,1578,1578,1578,1578,1578,1578,1578,1578,1578,1578,1578,1578,1578,1578,1578,1578,1578,1578,1578,1578,1578,1578,1578,1578,1578,1578,1578,1578,1578,1578,1578,1578,1578,1578,1578,1578,1578,1578,1578,1578,1578,1578,1578,1578,1578,1578,1578,1578,1578,1578,1578,1578,1578,1578,1578,1578,
47076,51172,51252,51484,51764,51804,51812,51832,51840,51848,55944,55952,55952,55952,55952,55984,55984,55984,55984,55984,56048,56048,56064,56064,56064,56064,56064,56064,56064,56064,56064,56128,56192,56192,56192,56192,56192,56192,56192,56192,56192,56192,56192,56192,56192,56192,56192,56192,56192,56192,56192,56192,56192,56192,56192,56192,56192,56192,56192,56192,56192,56192,56192,56192,56192,56192,56192,56192,56192,56192,56192,56192,56192,56192,56192,56192,56192,56192,56192,56192,56192,56192,56192,56192,56192,56192,56192,56192,56192,56192,56192,56192,56192,56192,56192,56192,56192,56192,56192,56192,56192,56192,56192,56192,56192,56192,56192,56192,56192,56192,56192,56192,56192,56192,56192,56192,56192,56192,56192,56192,56192,56192,56192,56192,56192,56192,56192,56192,56192,56192,56192,56192,56192,56192,56192,56192,56192,56192,56192,56192,56192,56192,56192,56192,56192,56192,56192,56192,56192,56192,56192,56192,56192,56192,56192,56192,56192,56192,56192,56192,56192,56192,56192,56192,56192,56192,56192,56192,56192,56192,56192,56192,56192,56192,56192,56192,56192,56192,56192,56192,56192,56192,56192,56192,56192,56192,56192,56192,56192,56192,56192,56192,56192,56192,56192,56192,56192,56192,56192,56192,56192,
0.698242,0.713867,0.718750,0.722656,0.726562,0.730469,0.732422,0.734375,0.736328,0.740234,0.755859,0.759766,0.759766,0.759766,0.759766,0.761719,0.761719,0.761719,0.761719,0.761719,0.765625,0.765625,0.766602,0.766602,0.766602,0.766602,0.766602,0.766602,0.766602,0.766602,0.766602,0.768555,0.770508,0.770508,0.770508,0.770508,0.770508,0.770508,0.770508,0.770508,0.770508,0.770508,0.770508,0.770508,0.770508,0.770508,0.770508,0.770508,0.770508,0.770508,0.770508,0.770508,0.770508,0.770508,0.770508,0.770508,0.770508,0.770508,0.770508,0.770508,0.770508,0.770508,0.770508,0.770508,0.770508,0.770508,0.770508,0.770508,0.770508,0.770508,0.770508,0.770508,0.770508,0.770508,0.770508,0.770508,0.770508,0.770508,0.770508,0.770508,0.770508,0.770508,0.770508,0.770508,0.770508,0.770508,0.770508,0.770508,0.770508,0.770508,0.770508,0.770508,0.770508,0.770508,0.770508,0.770508,0.770508,0.770508,0.770508,0.770508,0.770508,0.770508,0.770508,0.770508,0.770508,0.770508,0.770508,0.770508,0.770508,0.770508,0.770508,0.770508,0.770508,0.770508,0.770508,0.770508,0.770508,0.770508,0.770508,0.770508,0.770508,0.770508,0.770508,0.770508,0.770508,0.770508,0.770508,0.770508,0.770508,0.770508,0.770508,0.770508,0.770508,0.770508,0.770508,0.770508,0.770508,0.770508,0.770508,0.770508,0.770508,0.770508,0.770508,0.770508,0.770508,0.770508,0.770508,0.770508,0.770508,0.770508,0.770508,0.770508,0.770508,0.770508,0.770508,0.770508,0.770508,0.770508,0.770508,0.770508,0.770508,0.770508,0.770508,0.770508,0.770508,0.770508,0.770508,0.770508,0.770508,0.770508,0.770508,0.770508,0.770508,0.770508,0.770508,0.770508,0.770508,0.770508,0.770508,0.770508,0.770508,0.770508,0.770508,0.770508,0.770508,0.770508,0.770508,0.770508,0.770508,0.770508,0.770508,0.770508,0.770508,0.770508,0.770508,0.770508,0.770508,0.770508,0.770508,0.770508,0.770508,
0.718323,0.780823,0.782043,0.785583,0.789856,0.790466,0.790588,0.790894,0.791016,0.791138,0.853638,0.853760,0.853760,0.853760,0.853760,0.854248,0.854248,0.854248,0.854248,0.854248,0.855225,0.855225,0.855469,0.855469,0.855469,0.855469,0.855469,0.855469,0.855469,0.855469,0.855469,0.856445,0.857422,0.857422,0.857422,0.857422,0.857422,0.857422,0.857422,0.857422,0.857422,0.857422,0.857422,0.857422,0.857422,0.857422,0.857422,0.857422,0.857422,0.857422,0.857422,0.857422,0.857422,0.857422,0.857422,0.857422,0.857422,0.857422,0.857422,0.857422,0.857422,0.857422,0.857422,0.857422,0.857422,0.857422,0.857422,0.857422,0.857422,0.857422,0.857422,0.857422,0.857422,0.857422,0.857422,0.857422,0.857422,0.857422,0.857422,0.857422,0.857422,0.857422,0.857422,0.857422,0.857422,0.857422,0.857422,0.857422,0.857422,0.857422,0.857422,0.857422,0.857422,0.857422,0.857422,0.857422,0.857422,0.857422,0.857422,0.857422,0.857422,0.857422,0.857422,0.857422,0.857422,0.857422,0.857422,0.857422,0.857422,0.857422,0.857422,0.857422,0.857422,0.857422,0.857422,0.857422,0.857422,0.857422,0.857422,0.857422,0.857422,0.857422,0.857422,0.857422,0.857422,0.857422,0.857422,0.857422,0.857422,0.857422,0.857422,0.857422,0.857422,0.857422,0.857422,0.857422,0.857422,0.857422,0.857422,0.857422,0.857422,0.857422,0.857422,0.857422,0.857422,0.857422,0.857422,0.857422,0.857422,0.857422,0.857422,0.857422,0.857422,0.857422,0.857422,0.857422,0.857422,0.857422,0.857422,0.857422,0.857422,0.857422,0.857422,0.857422,0.857422,0.857422,0.857422,0.857422,0.857422,0.857422,0.857422,0.857422,0.857422,0.857422,0.857422,0.857422,0.857422,0.857422,0.857422,0.857422,0.857422,0.857422,0.857422,0.857422,0.857422,0.857422,0.857422,0.857422,0.857422,0.857422,0.857422,0.857422,0.857422,0.857422,0.857422,0.857422,0.857422,0.857422,0.857422,0.857422,0.857422,
