kBasicLog: 1
kBreedEdges: 1
kBreedGates: 1
kBreedSample: 16
kBreedType: 0
kChildren: 100
kEvaluations: 20000
kGens: 100
kLegalGateTypes: 1
kLog: 1
kLogIter: 0
kMaxGenStagnation: 300
kMessUp: 0
kMutatePercent: 1
kMutationMode: 1
kMutations: 6
kPruneOrphans: 1
kSaveDotGraphs: 1
kSeed: 0
kThreads: 4
kThreshold: 1000
kTruthWeight: 1
columns: 13
rows: 5,5,5,5,5,5,5,5,5,5,5,5,4
goal_correct_count: 256
goal_total_count: 2048
goal_total_weighted_count: 65536
~
gates_used: 46
total_count: 1704
total_weighted_count: 0
percent: 0.832031
weighted_percent: 0.000000
evaluations: 20100
~
1490,1504,1524,1526,1534,1544,1556,1560,1576,1584,1592,1598,1598,1606,1638,1638,1638,1638,1638,1646,1646,1646,1646,1646,1646,1648,1664,1664,1664,1664,1664,1664,1668,1668,1668,1670,1670,1670,1670,1670,1670,1670,1670,1670,1670,1672,1680,1680,1680,1680,1680,1682,1682,1682,1682,1682,1682,1682,1682,1682,1682,1682,1682,1682,1682,1682,1682,1682,1682,1682,1682,1686,1686,1686,1686,1686,1686,1686,1686,1686,1686,1686,1686,1686,1686,1686,1686,1686,1686,1686,1686,1686,1696,1696,1696,1696,1698,1698,1698,1698,1698,1698,1698,1698,1698,1698,1698,1698,1698,1698,1698,1698,1698,1698,1698,1700,1700,1700,1700,1700,1700,1700,1700,1700,1700,1700,1700,1700,1700,1700,1700,1700,1700,1700,1700,1700,1700,1700,1700,1700,1700,1700,1700,1700,1700,1700,1700,1700,1700,1700,1700,1700,1700,1700,1700,1700,1700,1700,1700,1700,1700,1700,1700,1700,1700,1700,1700,1700,1700,1700,1700,1700,1700,1700,1700,1700,1700,1700,1700,1700,1700,1700,1700,1700,1700,1700,1700,1700,1700,1700,1700,1702,1702,1702,1704,1704,1704,1704,1704,1704,1704,
55260,55528,56552,56556,56812,57316,57700,57732,58244,59260,59268,59284,59284,60052,61076,61076,61076,61076,61076,61204,61204,61204,61204,61204,61204,61212,62236,62236,62236,62236,62236,62236,62244,62244,62244,62260,62260,62260,62260,62260,62260,62260,62260,62260,62260,62300,62316,62316,62316,62316,62316,62332,62332,62332,62332,62332,62332,62332,62332,62332,62332,62332,62332,62332,62332,62332,62332,62332,62332,62332,62332,62336,62336,62336,62336,62336,62336,62336,62336,62336,62336,62336,62336,62336,62336,62336,62336,62336,62336,62336,62336,62336,62836,62836,62836,62836,62838,62838,62838,62838,62838,62838,62838,62838,62838,62838,62838,62838,62838,62838,62838,62838,62838,62838,62838,62842,62842,62842,62842,62842,62842,62842,62842,62842,62842,62842,62842,62842,62842,62842,62842,62842,62842,62842,62842,62842,62842,62842,62842,62842,62842,62842,62842,62842,62842,62842,62842,62842,62842,62842,62842,62842,62842,62842,62842,62842,62842,62842,62842,62842,62842,62842,62842,62842,62842,62842,62842,62842,62842,62842,62842,62842,62842,62842,62842,62842,62842,62842,62842,62842,62842,62842,62842,62842,62842,62842,62842,62842,62842,62842,62842,62844,62844,62844,62846,62846,62846,62846,62846,62846,62846,
0.727539,0.734375,0.744141,0.745117,0.749023,0.753906,0.759766,0.761719,0.769531,0.773438,0.777344,0.780273,0.780273,0.784180,0.799805,0.799805,0.799805,0.799805,0.799805,0.803711,0.803711,0.803711,0.803711,0.803711,0.803711,0.804688,0.812500,0.812500,0.812500,0.812500,0.812500,0.812500,0.814453,0.814453,0.814453,0.815430,0.815430,0.815430,0.815430,0.815430,0.815430,0.815430,0.815430,0.815430,0.815430,0.816406,0.820312,0.820312,0.820312,0.820312,0.820312,0.821289,0.821289,0.821289,0.821289,0.821289,0.821289,0.821289,0.821289,0.821289,0.821289,0.821289,0.821289,0.821289,0.821289,0.821289,0.821289,0.821289,0.821289,0.821289,0.821289,0.823242,0.823242,0.823242,0.823242,0.823242,0.823242,0.823242,0.823242,0.823242,0.823242,0.823242,0.823242,0.823242,0.823242,0.823242,0.823242,0.823242,0.823242,0.823242,0.823242,0.823242,0.828125,0.828125,0.828125,0.828125,0.829102,0.829102,0.829102,0.829102,0.829102,0.829102,0.829102,0.829102,0.829102,0.829102,0.829102,0.829102,0.829102,0.829102,0.829102,0.829102,0.829102,0.829102,0.829102,0.830078,0.830078,0.830078,0.830078,0.830078,0.830078,0.830078,0.830078,0.830078,0.830078,0.830078,0.830078,0.830078,0.830078,0.830078,0.830078,0.830078,0.830078,0.830078,0.830078,0.830078,0.830078,0.830078,0.830078,0.830078,0.830078,0.830078,0.830078,0.830078,0.830078,0.830078,0.830078,0.830078,0.830078,0.830078,0.830078,0.830078,0.830078,0.830078,0.830078,0.830078,0.830078,0.830078,0.830078,0.830078,0.830078,0.830078,0.830078,0.830078,0.830078,0.830078,0.830078,0.830078,0.830078,0.830078,0.830078,0.830078,0.830078,0.830078,0.830078,0.830078,0.830078,0.830078,0.830078,0.830078,0.830078,0.830078,0.830078,0.830078,0.830078,0.830078,0.830078,0.830078,0.830078,0.830078,0.830078,0.831055,0.831055,0.831055,0.832031,0.832031,0.832031,0.832031,0.832031,0.832031,0.832031,
0.843201,0.847290,0.862915,0.862976,0.866882,0.874573,0.880432,0.880920,0.888733,0.904236,0.904358,0.904602,0.904602,0.916321,0.931946,0.931946,0.931946,0.931946,0.931946,0.933899,0.933899,0.933899,0.933899,0.933899,0.933899,0.934021,0.949646,0.949646,0.949646,0.949646,0.949646,0.949646,0.949768,0.949768,0.949768,0.950012,0.950012,0.950012,0.950012,0.950012,0.950012,0.950012,0.950012,0.950012,0.950012,0.950623,0.950867,0.950867,0.950867,0.950867,0.950867,0.951111,0.951111,0.951111,0.951111,0.951111,0.951111,0.951111,0.951111,0.951111,0.951111,0.951111,0.951111,0.951111,0.951111,0.951111,0.951111,0.951111,0.951111,0.951111,0.951111,0.951172,0.951172,0.951172,0.951172,0.951172,0.951172,0.951172,0.951172,0.951172,0.951172,0.951172,0.951172,0.951172,0.951172,0.951172,0.951172,0.951172,0.951172,0.951172,0.951172,0.951172,0.958801,0.958801,0.958801,0.958801,0.958832,0.958832,0.958832,0.958832,0.958832,0.958832,0.958832,0.958832,0.958832,0.958832,0.958832,0.958832,0.958832,0.958832,0.958832,0.958832,0.958832,0.958832,0.958832,0.958893,0.958893,0.958893,0.958893,0.958893,0.958893,0.958893,0.958893,0.958893,0.958893,0.958893,0.958893,0.958893,0.958893,0.958893,0.958893,0.958893,0.958893,0.958893,0.958893,0.958893,0.958893,0.958893,0.958893,0.958893,0.958893,0.958893,0.958893,0.958893,0.958893,0.958893,0.958893,0.958893,0.958893,0.958893,0.958893,0.958893,0.958893,0.958893,0.958893,0.958893,0.958893,0.958893,0.958893,0.958893,0.958893,0.958893,0.958893,0.958893,0.958893,0.958893,0.958893,0.958893,0.958893,0.958893,0.958893,0.958893,0.958893,0.958893,0.958893,0.958893,0.958893,0.958893,0.958893,0.958893,0.958893,0.958893,0.958893,0.958893,0.958893,0.958893,0.958893,0.958893,0.958893,0.958893,0.958893,0.958923,0.958923,0.958923,0.958954,0.958954,0.958954,0.958954,0.958954,0.958954,0.958954,
