kBasicLog: 1
kBreedEdges: 1
kBreedGates: 1
kBreedSample: 16
kBreedType: 0
kChildren: 100
kEvaluations: 20000
kGens: 100
kLegalGateTypes: 1
kLog: 1
kLogIter: 4
kMaxGenStagnation: 300
kMessUp: 0
kMutatePercent: 1
kMutationMode: 1
kMutations: 6
kPruneOrphans: 1
kSaveDotGraphs: 1
kSeed: 0
kThreads: 4
kThreshold: 1000
kTruthWeight: 1
columns: 13
rows: 5,5,5,5,5,5,5,5,5,5,5,5,4
goal_correct_count: 256
goal_total_count: 2048
goal_total_weighted_count: 65536
~
gates_used: 36
total_count: 1668
total_weighted_count: 0
percent: 0.814453
weighted_percent: 0.000000
evaluations: 20100
~
1432,1468,1478,1488,1500,1508,1512,1532,1542,1551,1555,1563,1564,1570,1570,1578,1578,1580,1584,1592,1592,1594,1594,1594,1598,1600,1600,1601,1601,1609,1611,1611,1611,1617,1618,1620,1620,1620,1620,1620,1626,1626,1626,1628,1628,1628,1628,1628,1628,1628,1630,1630,1630,1632,1632,1632,1632,1644,1644,1644,1644,1644,1644,1644,1644,1644,1644,1644,1644,1644,1644,1644,1644,1644,1644,1644,1644,1646,1646,1646,1646,1646,1646,1646,1646,1650,1650,1650,1650,1650,1650,1650,1650,1650,1650,1650,1650,1650,1650,1650,1650,1650,1650,1656,1656,1656,1656,1656,1656,1656,1656,1656,1656,1656,1656,1656,1658,1658,1658,1658,1658,1658,1658,1658,1664,1664,1664,1664,1664,1664,1664,1664,1664,1664,1664,1664,1664,1664,1664,1664,1664,1664,1664,1664,1664,1664,1668,1668,1668,1668,1668,1668,1668,1668,1668,1668,1668,1668,1668,1668,1668,1668,1668,1668,1668,1668,1668,1668,1668,1668,1668,1668,1668,1668,1668,1668,1668,1668,1668,1668,1668,1668,1668,1668,1668,1668,1668,1668,1668,1668,1668,1668,1668,1668,1668,1668,1668,1668,1668,1668,1668,
46328,49654,49712,49920,50688,50816,51820,51858,51868,51886,51918,52942,52950,56942,56942,57258,57258,57266,57330,57586,57586,57602,57602,57602,57634,57666,57666,57670,57670,57926,57990,57990,57990,58182,58186,58188,58188,58188,58188,58188,58380,58380,58380,58388,58388,58388,58388,58388,58388,58388,58392,58392,58392,58400,58400,58400,58400,58448,58448,58448,58448,58448,58448,58448,58448,58448,58448,58448,58448,58448,58448,58448,58448,58448,58448,58448,58448,58464,58464,58464,58464,58464,58464,58464,58464,58480,58480,58480,58480,58480,58480,58480,58480,58480,58480,58480,58480,58480,58480,58480,58480,58480,58480,58486,58486,58486,58486,58486,58486,58486,58486,58486,58486,58486,58486,58486,58490,58490,58490,58490,58490,58490,58490,58490,58502,58502,58502,58502,58502,58502,58502,58502,58502,58502,58502,58502,58502,58502,58502,58502,58502,58502,58502,58502,58502,58502,58566,58566,58566,58566,58566,58566,58566,58566,58566,58566,58566,58566,58566,58566,58566,58566,58566,58566,58566,58566,58566,58566,58566,58566,58566,58566,58566,58566,58566,58566,58566,58566,58566,58566,58566,58566,58566,58566,58566,58566,58566,58566,58566,58566,58566,58566,58566,58566,58566,58566,58566,58566,58566,58566,58566,
0.699219,0.716797,0.721680,0.726562,0.732422,0.736328,0.738281,0.748047,0.752930,0.757324,0.759277,0.763184,0.763672,0.766602,0.766602,0.770508,0.770508,0.771484,0.773438,0.777344,0.777344,0.778320,0.778320,0.778320,0.780273,0.781250,0.781250,0.781738,0.781738,0.785645,0.786621,0.786621,0.786621,0.789551,0.790039,0.791016,0.791016,0.791016,0.791016,0.791016,0.793945,0.793945,0.793945,0.794922,0.794922,0.794922,0.794922,0.794922,0.794922,0.794922,0.795898,0.795898,0.795898,0.796875,0.796875,0.796875,0.796875,0.802734,0.802734,0.802734,0.802734,0.802734,0.802734,0.802734,0.802734,0.802734,0.802734,0.802734,0.802734,0.802734,0.802734,0.802734,0.802734,0.802734,0.802734,0.802734,0.802734,0.803711,0.803711,0.803711,0.803711,0.803711,0.803711,0.803711,0.803711,0.805664,0.805664,0.805664,0.805664,0.805664,0.805664,0.805664,0.805664,0.805664,0.805664,0.805664,0.805664,0.805664,0.805664,0.805664,0.805664,0.805664,0.805664,0.808594,0.808594,0.808594,0.808594,0.808594,0.808594,0.808594,0.808594,0.808594,0.808594,0.808594,0.808594,0.808594,0.809570,0.809570,0.809570,0.809570,0.809570,0.809570,0.809570,0.809570,0.812500,0.812500,0.812500,0.812500,0.812500,0.812500,0.812500,0.812500,0.812500,0.812500,0.812500,0.812500,0.812500,0.812500,0.812500,0.812500,0.812500,0.812500,0.812500,0.812500,0.812500,0.812500,0.814453,0.814453,0.814453,0.814453,0.814453,0.814453,0.814453,0.814453,0.814453,0.814453,0.814453,0.814453,0.814453,0.814453,0.814453,0.814453,0.814453,0.814453,0.814453,0.814453,0.814453,0.814453,0.814453,0.814453,0.814453,0.814453,0.814453,0.814453,0.814453,0.814453,0.814453,0.814453,0.814453,0.814453,0.814453,0.814453,0.814453,0.814453,0.814453,0.814453,0.814453,0.814453,0.814453,0.814453,0.814453,0.814453,0.814453,0.814453,0.814453,0.814453,0.814453,0.814453,0.814453,0.814453,0.814453,
0.706909,0.757660,0.758545,0.761719,0.773438,0.775391,0.790710,0.791290,0.791443,0.791718,0.792206,0.807831,0.807953,0.868866,0.868866,0.873688,0.873688,0.873810,0.874786,0.878693,0.878693,0.878937,0.878937,0.878937,0.879425,0.879913,0.879913,0.879974,0.879974,0.883881,0.884857,0.884857,0.884857,0.887787,0.887848,0.887878,0.887878,0.887878,0.887878,0.887878,0.890808,0.890808,0.890808,0.890930,0.890930,0.890930,0.890930,0.890930,0.890930,0.890930,0.890991,0.890991,0.890991,0.891113,0.891113,0.891113,0.891113,0.891846,0.891846,0.891846,0.891846,0.891846,0.891846,0.891846,0.891846,0.891846,0.891846,0.891846,0.891846,0.891846,0.891846,0.891846,0.891846,0.891846,0.891846,0.891846,0.891846,0.892090,0.892090,0.892090,0.892090,0.892090,0.892090,0.892090,0.892090,0.892334,0.892334,0.892334,0.892334,0.892334,0.892334,0.892334,0.892334,0.892334,0.892334,0.892334,0.892334,0.892334,0.892334,0.892334,0.892334,0.892334,0.892334,0.892426,0.892426,0.892426,0.892426,0.892426,0.892426,0.892426,0.892426,0.892426,0.892426,0.892426,0.892426,0.892426,0.892487,0.892487,0.892487,0.892487,0.892487,0.892487,0.892487,0.892487,0.892670,0.892670,0.892670,0.892670,0.892670,0.892670,0.892670,0.892670,0.892670,0.892670,0.892670,0.892670,0.892670,0.892670,0.892670,0.892670,0.892670,0.892670,0.892670,0.892670,0.892670,0.892670,0.893646,0.893646,0.893646,0.893646,0.893646,0.893646,0.893646,0.893646,0.893646,0.893646,0.893646,0.893646,0.893646,0.893646,0.893646,0.893646,0.893646,0.893646,0.893646,0.893646,0.893646,0.893646,0.893646,0.893646,0.893646,0.893646,0.893646,0.893646,0.893646,0.893646,0.893646,0.893646,0.893646,0.893646,0.893646,0.893646,0.893646,0.893646,0.893646,0.893646,0.893646,0.893646,0.893646,0.893646,0.893646,0.893646,0.893646,0.893646,0.893646,0.893646,0.893646,0.893646,0.893646,0.893646,0.893646,
