kBasicLog: 1
kBreedEdges: 1
kBreedGates: 1
kBreedSample: 16
kBreedType: 0
kChildren: 100
kEvaluations: 20000
kGens: 100
kLegalGateTypes: 1
kLog: 1
kLogIter: 2
kMaxGenStagnation: 300
kMessUp: 0
kMutatePercent: 1
kMutationMode: 1
kMutations: 6
kPruneOrphans: 1
kSaveDotGraphs: 1
kSeed: 0
kThreads: 4
kThreshold: 1000
kTruthWeight: 1
columns: 13
rows: 5,5,5,5,5,5,5,5,5,5,5,5,4
goal_correct_count: 256
goal_total_count: 2048
goal_total_weighted_count: 65536
~
gates_used: 26
total_count: 1608
total_weighted_count: 0
percent: 0.785156
weighted_percent: 0.000000
evaluations: 20100
~
1502,1518,1524,1528,1530,1534,1534,1538,1538,1538,1538,1538,1538,1538,1544,1548,1550,1556,1558,1562,1562,1562,1566,1566,1566,1566,1566,1566,1566,1566,1566,1566,1566,1566,1566,1566,1566,1566,1566,1566,1566,1566,1566,1566,1566,1566,1566,1566,1568,1568,1568,1568,1568,1568,1568,1568,1568,1568,1568,1568,1568,1568,1568,1568,1568,1568,1568,1568,1568,1568,1572,1572,1572,1572,1572,1572,1572,1572,1572,1572,1572,1572,1572,1572,1576,1576,1576,1576,1576,1576,1576,1576,1576,1576,1576,1576,1576,1576,1576,1576,1584,1584,1584,1588,1588,1588,1588,1588,1588,1588,1588,1588,1588,1588,1588,1588,1588,1588,1588,1588,1588,1588,1588,1588,1588,1588,1588,1588,1588,1588,1588,1588,1588,1588,1588,1588,1588,1588,1588,1588,1588,1588,1588,1588,1588,1588,1588,1588,1588,1588,1588,1588,1588,1592,1592,1592,1592,1592,1592,1592,1592,1592,1592,1592,1592,1592,1592,1592,1592,1592,1596,1602,1602,1606,1606,1606,1606,1606,1606,1606,1606,1606,1606,1606,1606,1606,1606,1608,1608,1608,1608,1608,1608,1608,1608,1608,1608,1608,1608,1608,1608,
55404,55568,55592,55608,55612,55740,55740,55748,55748,55748,55748,55748,55748,55748,55754,55758,55790,55796,55828,55892,55892,55892,55956,55956,55956,55956,55956,55956,55956,55956,55956,55956,55956,55956,55956,55956,55956,55956,55956,55956,55956,55956,55956,55956,55956,55956,55956,55956,55988,55988,55988,55988,55988,55988,55988,55988,55988,55988,55988,55988,55988,55988,55988,55988,55988,55988,55988,55988,55988,55988,56116,56116,56116,56116,56116,56116,56116,56116,56116,56116,56116,56116,56116,56116,56132,56132,56132,56132,56132,56132,56132,56132,56132,56132,56132,56132,56132,56132,56132,56132,56388,56388,56388,56900,56900,56900,56900,56900,56900,56900,56900,56900,56900,56900,56900,56900,56900,56900,56900,56900,56900,56900,56900,56900,56900,56900,56900,56900,56900,56900,56900,56900,56900,56900,56900,56900,56900,56900,56900,56900,56900,56900,56900,56900,56900,56900,56900,56900,56900,56900,56900,56900,56900,57156,57156,57156,57156,57156,57156,57156,57156,57156,57156,57156,57156,57156,57156,57156,57156,57156,58132,58156,58156,58412,58412,58412,58412,58412,58412,58412,58412,58412,58412,58412,58412,58412,58412,58420,58420,58420,58420,58420,58420,58420,58420,58420,58420,58420,58420,58420,58420,
0.733398,0.741211,0.744141,0.746094,0.747070,0.749023,0.749023,0.750977,0.750977,0.750977,0.750977,0.750977,0.750977,0.750977,0.753906,0.755859,0.756836,0.759766,0.760742,0.762695,0.762695,0.762695,0.764648,0.764648,0.764648,0.764648,0.764648,0.764648,0.764648,0.764648,0.764648,0.764648,0.764648,0.764648,0.764648,0.764648,0.764648,0.764648,0.764648,0.764648,0.764648,0.764648,0.764648,0.764648,0.764648,0.764648,0.764648,0.764648,0.765625,0.765625,0.765625,0.765625,0.765625,0.765625,0.765625,0.765625,0.765625,0.765625,0.765625,0.765625,0.765625,0.765625,0.765625,0.765625,0.765625,0.765625,0.765625,0.765625,0.765625,0.765625,0.767578,0.767578,0.767578,0.767578,0.767578,0.767578,0.767578,0.767578,0.767578,0.767578,0.767578,0.767578,0.767578,0.767578,0.769531,0.769531,0.769531,0.769531,0.769531,0.769531,0.769531,0.769531,0.769531,0.769531,0.769531,0.769531,0.769531,0.769531,0.769531,0.769531,0.773438,0.773438,0.773438,0.775391,0.775391,0.775391,0.775391,0.775391,0.775391,0.775391,0.775391,0.775391,0.775391,0.775391,0.775391,0.775391,0.775391,0.775391,0.775391,0.775391,0.775391,0.775391,0.775391,0.775391,0.775391,0.775391,0.775391,0.775391,0.775391,0.775391,0.775391,0.775391,0.775391,0.775391,0.775391,0.775391,0.775391,0.775391,0.775391,0.775391,0.775391,0.775391,0.775391,0.775391,0.775391,0.775391,0.775391,0.775391,0.775391,0.775391,0.775391,0.775391,0.775391,0.777344,0.777344,0.777344,0.777344,0.777344,0.777344,0.777344,0.777344,0.777344,0.777344,0.777344,0.777344,0.777344,0.777344,0.777344,0.777344,0.777344,0.779297,0.782227,0.782227,0.784180,0.784180,0.784180,0.784180,0.784180,0.784180,0.784180,0.784180,0.784180,0.784180,0.784180,0.784180,0.784180,0.784180,0.785156,0.785156,0.785156,0.785156,0.785156,0.785156,0.785156,0.785156,0.785156,0.785156,0.785156,0.785156,0.785156,0.785156,
0.845398,0.847900,0.848267,0.848511,0.848572,0.850525,0.850525,0.850647,0.850647,0.850647,0.850647,0.850647,0.850647,0.850647,0.850739,0.850800,0.851288,0.851379,0.851868,0.852844,0.852844,0.852844,0.853821,0.853821,0.853821,0.853821,0.853821,0.853821,0.853821,0.853821,0.853821,0.853821,0.853821,0.853821,0.853821,0.853821,0.853821,0.853821,0.853821,0.853821,0.853821,0.853821,0.853821,0.853821,0.853821,0.853821,0.853821,0.853821,0.854309,0.854309,0.854309,0.854309,0.854309,0.854309,0.854309,0.854309,0.854309,0.854309,0.854309,0.854309,0.854309,0.854309,0.854309,0.854309,0.854309,0.854309,0.854309,0.854309,0.854309,0.854309,0.856262,0.856262,0.856262,0.856262,0.856262,0.856262,0.856262,0.856262,0.856262,0.856262,0.856262,0.856262,0.856262,0.856262,0.856506,0.856506,0.856506,0.856506,0.856506,0.856506,0.856506,0.856506,0.856506,0.856506,0.856506,0.856506,0.856506,0.856506,0.856506,0.856506,0.860413,0.860413,0.860413,0.868225,0.868225,0.868225,0.868225,0.868225,0.868225,0.868225,0.868225,0.868225,0.868225,0.868225,0.868225,0.868225,0.868225,0.868225,0.868225,0.868225,0.868225,0.868225,0.868225,0.868225,0.868225,0.868225,0.868225,0.868225,0.868225,0.868225,0.868225,0.868225,0.868225,0.868225,0.868225,0.868225,0.868225,0.868225,0.868225,0.868225,0.868225,0.868225,0.868225,0.868225,0.868225,0.868225,0.868225,0.868225,0.868225,0.868225,0.868225,0.868225,0.868225,0.872131,0.872131,0.872131,0.872131,0.872131,0.872131,0.872131,0.872131,0.872131,0.872131,0.872131,0.872131,0.872131,0.872131,0.872131,0.872131,0.872131,0.887024,0.887390,0.887390,0.891296,0.891296,0.891296,0.891296,0.891296,0.891296,0.891296,0.891296,0.891296,0.891296,0.891296,0.891296,0.891296,0.891296,0.891418,0.891418,0.891418,0.891418,0.891418,0.891418,0.891418,0.891418,0.891418,0.891418,0.891418,0.891418,0.891418,0.891418,
