kBasicLog: 1
kBreedEdges: 1
kBreedGates: 1
kBreedSample: 4
kBreedType: 0
kChildren: 100
kEvaluations: 50000
kGens: 100
kLegalGateTypes: 1
kLog: 1
kLogIter: 1
kMaxGenStagnation: 300
kMessUp: 0
kMutatePercent: 9
kMutationMode: 1
kMutations: 16
kPruneOrphans: 1
kSaveDotGraphs: 1
kSeed: 0
kThreads: 4
kThreshold: 1000
kTruthWeight: 1
columns: 13
rows: 5,5,5,5,5,5,5,5,5,5,5,5,4
goal_correct_count: 256
goal_total_count: 2048
goal_total_weighted_count: 65536
~
gates_used: 28
total_count: 1594
total_weighted_count: 0
percent: 0.778320
weighted_percent: 0.000000
evaluations: 50100
~
1428,1464,1532,1532,1540,1544,1544,1564,1564,1568,1568,1568,1568,1568,1568,1568,1568,1568,1568,1568,1568,1568,1568,1568,1568,1568,1568,1568,1574,1574,1574,1574,1574,1574,1574,1574,1574,1574,1574,1574,1574,1574,1580,1580,1580,1580,1580,1580,1580,1580,1580,1580,1580,1580,1580,1580,1580,1580,1580,1580,1580,1580,1580,1580,1580,1580,1584,1584,1584,1584,1584,1584,1584,1584,1584,1584,1584,1584,1584,1584,1584,1584,1584,1584,1584,1584,1584,1584,1584,1584,1584,1584,1584,1584,1584,1584,1584,1584,1584,1584,1584,1584,1584,1584,1584,1584,1584,1584,1584,1584,1584,1584,1584,1584,1584,1584,1584,1584,1584,1584,1584,1584,1584,1584,1584,1584,1584,1584,1584,1584,1584,1584,1584,1584,1584,1584,1584,1584,1584,1584,1584,1584,1586,1586,1586,1586,1586,1586,1586,1586,1586,1586,1586,1586,1586,1586,1586,1586,1586,1586,1586,1586,1586,1586,1586,1586,1586,1586,1586,1586,1586,1586,1586,1586,1586,1586,1586,1586,1586,1586,1586,1586,1594,1594,1594,1594,1594,1594,1594,1594,1594,1594,1594,1594,1594,1594,1594,1594,1594,1594,1594,1594,1594,1594,1594,1594,1594,1594,1594,1594,1594,1594,1594,1594,1594,1594,1594,1594,1594,1594,1594,1594,1594,1594,1594,1594,1594,1594,1594,1594,1594,1594,1594,1594,1594,1594,1594,1594,1594,1594,1594,1594,1594,1594,1594,1594,1594,1594,1594,1594,1594,1594,1594,1594,1594,1594,1594,1594,1594,1594,1594,1594,1594,1594,1594,1594,1594,1594,1594,1594,1594,1594,1594,1594,1594,1594,1594,1594,1594,1594,1594,1594,1594,1594,1594,1594,1594,1594,1594,1594,1594,1594,1594,1594,1594,1594,1594,1594,1594,1594,1594,1594,1594,1594,1594,1594,1594,1594,1594,1594,1594,1594,1594,1594,1594,1594,1594,1594,1594,1594,1594,1594,1594,1594,1594,1594,1594,1594,1594,1594,1594,1594,1594,1594,1594,1594,1594,1594,1594,1594,1594,1594,1594,1594,1594,1594,1594,1594,1594,1594,1594,1594,1594,1594,1594,1594,1594,1594,1594,1594,1594,1594,1594,1594,1594,1594,1594,1594,1594,1594,1594,1594,1594,1594,1594,1594,1594,1594,1594,1594,1594,1594,1594,1594,1594,1594,1594,1594,1594,1594,1594,1594,1594,1594,1594,1594,1594,1594,1594,1594,1594,1594,1594,1594,1594,1594,1594,1594,1594,1594,1594,1594,1594,1594,1594,1594,1594,1594,1594,1594,1594,1594,1594,1594,1594,1594,1594,1594,1594,1594,1594,1594,1594,1594,1594,1594,1594,1594,1594,1594,1594,1594,1594,1594,1594,1594,1594,1594,1594,1594,1594,1594,1594,1594,1594,1594,1594,1594,1594,1594,1594,1594,1594,1594,1594,1594,1594,1594,1594,1594,1594,1594,1594,1594,1594,1594,1594,1594,1594,1594,1594,1594,1594,1594,1594,1594,1594,1594,1594,1594,1594,1594,1594,1594,1594,1594,1594,1594,1594,1594,1594,
46852,47246,55948,55920,56432,56468,56468,57740,57740,57756,57756,57756,57756,57756,57756,57756,57756,57756,57756,57756,57756,57756,57756,57756,57756,57756,57756,57756,58108,58108,58108,58108,58108,58108,58108,58108,58108,58108,58108,58108,58108,58108,58128,58128,58128,58128,58128,58128,58128,58128,58128,58128,58128,58128,58128,58128,58128,58128,58128,58128,58128,58128,58128,58128,58128,58128,58136,58136,58136,58136,58136,58136,58136,58136,58136,58136,58136,58136,58136,58136,58136,58136,58136,58136,58136,58136,58136,58136,58136,58136,58136,58136,58136,58136,58136,58136,58136,58136,58136,58136,58136,58136,58136,58136,58136,58136,58136,58136,58136,58136,58136,58136,58136,58136,58136,58136,58136,58136,58136,58136,58136,58136,58136,58136,58136,58136,58136,58136,58136,58136,58136,58136,58136,58136,58136,58136,58136,58136,58136,58136,58136,58136,58138,58138,58138,58138,58138,58138,58138,58138,58138,58138,58138,58138,58138,58138,58138,58138,58138,58138,58138,58138,58138,58138,58138,58138,58138,58138,58138,58138,58138,58138,58138,58138,58138,58138,58138,58138,58138,58138,58138,58138,58146,58146,58146,58146,58146,58146,58146,58146,58146,58146,58146,58146,58146,58146,58146,58146,58146,58146,58146,58146,58146,58146,58146,58146,58146,58146,58146,58146,58146,58146,58146,58146,58146,58146,58146,58146,58146,58146,58146,58146,58146,58146,58146,58146,58146,58146,58146,58146,58146,58146,58146,58146,58146,58146,58146,58146,58146,58146,58146,58146,58146,58146,58146,58146,58146,58146,58146,58146,58146,58146,58146,58146,58146,58146,58146,58146,58146,58146,58146,58146,58146,58146,58146,58146,58146,58146,58146,58146,58146,58146,58146,58146,58146,58146,58146,58146,58146,58146,58146,58146,58146,58146,58146,58146,58146,58146,58146,58146,58146,58146,58146,58146,58146,58146,58146,58146,58146,58146,58146,58146,58146,58146,58146,58146,58146,58146,58146,58146,58146,58146,58146,58146,58146,58146,58146,58146,58146,58146,58146,58146,58146,58146,58146,58146,58146,58146,58146,58146,58146,58146,58146,58146,58146,58146,58146,58146,58146,58146,58146,58146,58146,58146,58146,58146,58146,58146,58146,58146,58146,58146,58146,58146,58146,58146,58146,58146,58146,58146,58146,58146,58146,58146,58146,58146,58146,58146,58146,58146,58146,58146,58146,58146,58146,58146,58146,58146,58146,58146,58146,58146,58146,58146,58146,58146,58146,58146,58146,58146,58146,58146,58146,58146,58146,58146,58146,58146,58146,58146,58146,58146,58146,58146,58146,58146,58146,58146,58146,58146,58146,58146,58146,58146,58146,58146,58146,58146,58146,58146,58146,58146,58146,58146,58146,58146,58146,58146,58146,58146,58146,58146,58146,58146,58146,58146,58146,58146,58146,58146,58146,58146,58146,58146,58146,58146,58146,58146,58146,58146,58146,58146,58146,58146,58146,58146,58146,58146,58146,58146,58146,58146,58146,58146,58146,58146,58146,58146,58146,58146,58146,58146,58146,58146,58146,58146,58146,58146,58146,58146,58146,58146,58146,58146,58146,58146,58146,58146,58146,58146,58146,58146,58146,58146,58146,58146,58146,58146,58146,58146,58146,
0.697266,0.714844,0.748047,0.748047,0.751953,0.753906,0.753906,0.763672,0.763672,0.765625,0.765625,0.765625,0.765625,0.765625,0.765625,0.765625,0.765625,0.765625,0.765625,0.765625,0.765625,0.765625,0.765625,0.765625,0.765625,0.765625,0.765625,0.765625,0.768555,0.768555,0.768555,0.768555,0.768555,0.768555,0.768555,0.768555,0.768555,0.768555,0.768555,0.768555,0.768555,0.768555,0.771484,0.771484,0.771484,0.771484,0.771484,0.771484,0.771484,0.771484,0.771484,0.771484,0.771484,0.771484,0.771484,0.771484,0.771484,0.771484,0.771484,0.771484,0.771484,0.771484,0.771484,0.771484,0.771484,0.771484,0.773438,0.773438,0.773438,0.773438,0.773438,0.773438,0.773438,0.773438,0.773438,0.773438,0.773438,0.773438,0.773438,0.773438,0.773438,0.773438,0.773438,0.773438,0.773438,0.773438,0.773438,0.773438,0.773438,0.773438,0.773438,0.773438,0.773438,0.773438,0.773438,0.773438,0.773438,0.773438,0.773438,0.773438,0.773438,0.773438,0.773438,0.773438,0.773438,0.773438,0.773438,0.773438,0.773438,0.773438,0.773438,0.773438,0.773438,0.773438,0.773438,0.773438,0.773438,0.773438,0.773438,0.773438,0.773438,0.773438,0.773438,0.773438,0.773438,0.773438,0.773438,0.773438,0.773438,0.773438,0.773438,0.773438,0.773438,0.773438,0.773438,0.773438,0.773438,0.773438,0.773438,0.773438,0.773438,0.773438,0.774414,0.774414,0.774414,0.774414,0.774414,0.774414,0.774414,0.774414,0.774414,0.774414,0.774414,0.774414,0.774414,0.774414,0.774414,0.774414,0.774414,0.774414,0.774414,0.774414,0.774414,0.774414,0.774414,0.774414,0.774414,0.774414,0.774414,0.774414,0.774414,0.774414,0.774414,0.774414,0.774414,0.774414,0.774414,0.774414,0.774414,0.774414,0.774414,0.774414,0.778320,0.778320,0.778320,0.778320,0.778320,0.778320,0.778320,0.778320,0.778320,0.778320,0.778320,0.778320,0.778320,0.778320,0.778320,0.778320,0.778320,0.778320,0.778320,0.778320,0.778320,0.778320,0.778320,0.778320,0.778320,0.778320,0.778320,0.778320,0.778320,0.778320,0.778320,0.778320,0.778320,0.778320,0.778320,0.778320,0.778320,0.778320,0.778320,0.778320,0.778320,0.778320,0.778320,0.778320,0.778320,0.778320,0.778320,0.778320,0.778320,0.778320,0.778320,0.778320,0.778320,0.778320,0.778320,0.778320,0.778320,0.778320,0.778320,0.778320,0.778320,0.778320,0.778320,0.778320,0.778320,0.778320,0.778320,0.778320,0.778320,0.778320,0.778320,0.778320,0.778320,0.778320,0.778320,0.778320,0.778320,0.778320,0.778320,0.778320,0.778320,0.778320,0.778320,0.778320,0.778320,0.778320,0.778320,0.778320,0.778320,0.778320,0.778320,0.778320,0.778320,0.778320,0.778320,0.778320,0.778320,0.778320,0.778320,0.778320,0.778320,0.778320,0.778320,0.778320,0.778320,0.778320,0.778320,0.778320,0.778320,0.778320,0.778320,0.778320,0.778320,0.778320,0.778320,0.778320,0.778320,0.778320,0.778320,0.778320,0.778320,0.778320,0.778320,0.778320,0.778320,0.778320,0.778320,0.778320,0.778320,0.778320,0.778320,0.778320,0.778320,0.778320,0.778320,0.778320,0.778320,0.778320,0.778320,0.778320,0.778320,0.778320,0.778320,0.778320,0.778320,0.778320,0.778320,0.778320,0.778320,0.778320,0.778320,0.778320,0.778320,0.778320,0.778320,0.778320,0.778320,0.778320,0.778320,0.778320,0.778320,0.778320,0.778320,0.778320,0.778320,0.778320,0.778320,0.778320,0.778320,0.778320,0.778320,0.778320,0.778320,0.778320,0.778320,0.778320,0.778320,0.778320,0.778320,0.778320,0.778320,0.778320,0.778320,0.778320,0.778320,0.778320,0.778320,0.778320,0.778320,0.778320,0.778320,0.778320,0.778320,0.778320,0.778320,0.778320,0.778320,0.778320,0.778320,0.778320,0.778320,0.778320,0.778320,0.778320,0.778320,0.778320,0.778320,0.778320,0.778320,0.778320,0.778320,0.778320,0.778320,0.778320,0.778320,0.778320,0.778320,0.778320,0.778320,0.778320,0.778320,0.778320,0.778320,0.778320,0.778320,0.778320,0.778320,0.778320,0.778320,0.778320,0.778320,0.778320,0.778320,0.778320,0.778320,0.778320,0.778320,0.778320,0.778320,0.778320,0.778320,0.778320,0.778320,0.778320,0.778320,0.778320,0.778320,0.778320,0.778320,0.778320,0.778320,0.778320,0.778320,0.778320,0.778320,0.778320,0.778320,0.778320,0.778320,0.778320,0.778320,0.778320,0.778320,0.778320,0.778320,0.778320,0.778320,0.778320,0.778320,0.778320,0.778320,0.778320,0.778320,0.778320,0.778320,0.778320,0.778320,0.778320,0.778320,0.778320,0.778320,0.778320,0.778320,0.778320,0.778320,0.778320,0.778320,0.778320,0.778320,0.778320,0.778320,0.778320,0.778320,0.778320,0.778320,0.778320,0.778320,0.778320,0.778320,0.778320,0.778320,0.778320,0.778320,0.778320,0.778320,0.778320,0.778320,0.778320,0.778320,0.778320,0.778320,0.778320,0.778320,0.778320,0.778320,0.778320,0.778320,0.778320,0.778320,
0.714905,0.720917,0.853699,0.853271,0.861084,0.861633,0.861633,0.881042,0.881042,0.881287,0.881287,0.881287,0.881287,0.881287,0.881287,0.881287,0.881287,0.881287,0.881287,0.881287,0.881287,0.881287,0.881287,0.881287,0.881287,0.881287,0.881287,0.881287,0.886658,0.886658,0.886658,0.886658,0.886658,0.886658,0.886658,0.886658,0.886658,0.886658,0.886658,0.886658,0.886658,0.886658,0.886963,0.886963,0.886963,0.886963,0.886963,0.886963,0.886963,0.886963,0.886963,0.886963,0.886963,0.886963,0.886963,0.886963,0.886963,0.886963,0.886963,0.886963,0.886963,0.886963,0.886963,0.886963,0.886963,0.886963,0.887085,0.887085,0.887085,0.887085,0.887085,0.887085,0.887085,0.887085,0.887085,0.887085,0.887085,0.887085,0.887085,0.887085,0.887085,0.887085,0.887085,0.887085,0.887085,0.887085,0.887085,0.887085,0.887085,0.887085,0.887085,0.887085,0.887085,0.887085,0.887085,0.887085,0.887085,0.887085,0.887085,0.887085,0.887085,0.887085,0.887085,0.887085,0.887085,0.887085,0.887085,0.887085,0.887085,0.887085,0.887085,0.887085,0.887085,0.887085,0.887085,0.887085,0.887085,0.887085,0.887085,0.887085,0.887085,0.887085,0.887085,0.887085,0.887085,0.887085,0.887085,0.887085,0.887085,0.887085,0.887085,0.887085,0.887085,0.887085,0.887085,0.887085,0.887085,0.887085,0.887085,0.887085,0.887085,0.887085,0.887115,0.887115,0.887115,0.887115,0.887115,0.887115,0.887115,0.887115,0.887115,0.887115,0.887115,0.887115,0.887115,0.887115,0.887115,0.887115,0.887115,0.887115,0.887115,0.887115,0.887115,0.887115,0.887115,0.887115,0.887115,0.887115,0.887115,0.887115,0.887115,0.887115,0.887115,0.887115,0.887115,0.887115,0.887115,0.887115,0.887115,0.887115,0.887115,0.887115,0.887238,0.887238,0.887238,0.887238,0.887238,0.887238,0.887238,0.887238,0.887238,0.887238,0.887238,0.887238,0.887238,0.887238,0.887238,0.887238,0.887238,0.887238,0.887238,0.887238,0.887238,0.887238,0.887238,0.887238,0.887238,0.887238,0.887238,0.887238,0.887238,0.887238,0.887238,0.887238,0.887238,0.887238,0.887238,0.887238,0.887238,0.887238,0.887238,0.887238,0.887238,0.887238,0.887238,0.887238,0.887238,0.887238,0.887238,0.887238,0.887238,0.887238,0.887238,0.887238,0.887238,0.887238,0.887238,0.887238,0.887238,0.887238,0.887238,0.887238,0.887238,0.887238,0.887238,0.887238,0.887238,0.887238,0.887238,0.887238,0.887238,0.887238,0.887238,0.887238,0.887238,0.887238,0.887238,0.887238,0.887238,0.887238,0.887238,0.887238,0.887238,0.887238,0.887238,0.887238,0.887238,0.887238,0.887238,0.887238,0.887238,0.887238,0.887238,0.887238,0.887238,0.887238,0.887238,0.887238,0.887238,0.887238,0.887238,0.887238,0.887238,0.887238,0.887238,0.887238,0.887238,0.887238,0.887238,0.887238,0.887238,0.887238,0.887238,0.887238,0.887238,0.887238,0.887238,0.887238,0.887238,0.887238,0.887238,0.887238,0.887238,0.887238,0.887238,0.887238,0.887238,0.887238,0.887238,0.887238,0.887238,0.887238,0.887238,0.887238,0.887238,0.887238,0.887238,0.887238,0.887238,0.887238,0.887238,0.887238,0.887238,0.887238,0.887238,0.887238,0.887238,0.887238,0.887238,0.887238,0.887238,0.887238,0.887238,0.887238,0.887238,0.887238,0.887238,0.887238,0.887238,0.887238,0.887238,0.887238,0.887238,0.887238,0.887238,0.887238,0.887238,0.887238,0.887238,0.887238,0.887238,0.887238,0.887238,0.887238,0.887238,0.887238,0.887238,0.887238,0.887238,0.887238,0.887238,0.887238,0.887238,0.887238,0.887238,0.887238,0.887238,0.887238,0.887238,0.887238,0.887238,0.887238,0.887238,0.887238,0.887238,0.887238,0.887238,0.887238,0.887238,0.887238,0.887238,0.887238,0.887238,0.887238,0.887238,0.887238,0.887238,0.887238,0.887238,0.887238,0.887238,0.887238,0.887238,0.887238,0.887238,0.887238,0.887238,0.887238,0.887238,0.887238,0.887238,0.887238,0.887238,0.887238,0.887238,0.887238,0.887238,0.887238,0.887238,0.887238,0.887238,0.887238,0.887238,0.887238,0.887238,0.887238,0.887238,0.887238,0.887238,0.887238,0.887238,0.887238,0.887238,0.887238,0.887238,0.887238,0.887238,0.887238,0.887238,0.887238,0.887238,0.887238,0.887238,0.887238,0.887238,0.887238,0.887238,0.887238,0.887238,0.887238,0.887238,0.887238,0.887238,0.887238,0.887238,0.887238,0.887238,0.887238,0.887238,0.887238,0.887238,0.887238,0.887238,0.887238,0.887238,0.887238,0.887238,0.887238,0.887238,0.887238,0.887238,0.887238,0.887238,0.887238,0.887238,0.887238,0.887238,0.887238,0.887238,0.887238,0.887238,0.887238,0.887238,0.887238,0.887238,0.887238,0.887238,0.887238,0.887238,0.887238,0.887238,0.887238,0.887238,0.887238,0.887238,0.887238,0.887238,0.887238,0.887238,0.887238,0.887238,0.887238,0.887238,0.887238,0.887238,0.887238,0.887238,0.887238,0.887238,0.887238,0.887238,
