kBasicLog: 1
kBreedEdges: 1
kBreedGates: 1
kBreedSample: 4
kBreedType: 0
kChildren: 100
kEvaluations: 50000
kGens: 100
kLegalGateTypes: 1
kLog: 1
kLogIter: 0
kMaxGenStagnation: 300
kMessUp: 0
kMutatePercent: 9
kMutationMode: 1
kMutations: 16
kPruneOrphans: 1
kSaveDotGraphs: 1
kSeed: 0
kThreads: 4
kThreshold: 1000
kTruthWeight: 1
columns: 13
rows: 5,5,5,5,5,5,5,5,5,5,5,5,4
goal_correct_count: 256
goal_total_count: 2048
goal_total_weighted_count: 65536
~
gates_used: 30
total_count: 1646
total_weighted_count: 0
percent: 0.803711
weighted_percent: 0.000000
evaluations: 50100
~
1476,1534,1552,1552,1552,1552,1552,1552,1552,1552,1552,1552,1552,1552,1572,1576,1588,1588,1594,1602,1602,1602,1604,1608,1612,1612,1612,1616,1616,1616,1616,1616,1616,1616,1616,1620,1622,1622,1622,1622,1622,1622,1622,1622,1622,1622,1622,1622,1622,1622,1622,1622,1622,1622,1622,1622,1622,1622,1622,1622,1622,1622,1622,1622,1622,1622,1622,1622,1622,1622,1622,1622,1622,1622,1622,1624,1624,1624,1624,1626,1626,1626,1626,1626,1626,1626,1626,1626,1626,1626,1626,1626,1626,1626,1628,1628,1628,1628,1628,1628,1628,1628,1628,1628,1628,1628,1628,1628,1630,1630,1630,1630,1630,1630,1630,1630,1630,1630,1630,1630,1630,1630,1630,1630,1630,1630,1630,1630,1630,1630,1630,1630,1630,1630,1630,1630,1630,1630,1630,1630,1630,1630,1630,1630,1630,1630,1630,1630,1630,1630,1630,1632,1632,1632,1632,1632,1632,1632,1632,1632,1632,1632,1632,1632,1632,1632,1632,1632,1632,1632,1632,1632,1632,1640,1640,1640,1640,1640,1640,1640,1640,1640,1640,1640,1640,1640,1640,1640,1640,1640,1640,1640,1640,1640,1640,1640,1640,1640,1640,1640,1640,1640,1640,1640,1640,1640,1640,1640,1640,1640,1640,1640,1640,1640,1640,1640,1640,1640,1640,1640,1640,1640,1640,1640,1640,1640,1640,1640,1640,1640,1640,1640,1640,1640,1640,1640,1640,1640,1640,1640,1640,1640,1640,1640,1640,1640,1640,1640,1640,1640,1642,1642,1642,1642,1642,1642,1642,1642,1642,1642,1642,1642,1642,1642,1642,1642,1642,1642,1642,1642,1642,1642,1642,1642,1642,1642,1644,1644,1644,1644,1644,1644,1644,1644,1644,1644,1644,1644,1644,1644,1644,1644,1644,1644,1644,1644,1644,1644,1644,1644,1644,1644,1644,1644,1644,1644,1644,1644,1644,1644,1644,1644,1644,1644,1644,1644,1644,1644,1644,1644,1644,1644,1644,1644,1644,1644,1644,1644,1644,1644,1644,1644,1644,1644,1644,1644,1644,1644,1644,1644,1644,1644,1644,1644,1644,1644,1644,1644,1644,1644,1644,1644,1644,1644,1644,1644,1644,1644,1644,1644,1644,1644,1644,1644,1644,1644,1644,1644,1644,1644,1644,1644,1644,1644,1644,1644,1644,1644,1644,1644,1644,1644,1644,1644,1644,1644,1644,1644,1644,1644,1644,1644,1644,1644,1644,1644,1644,1644,1644,1644,1644,1644,1644,1644,1644,1644,1644,1644,1644,1644,1644,1644,1644,1644,1644,1644,1644,1644,1644,1644,1644,1644,1644,1644,1644,1646,1646,1646,1646,1646,1646,1646,1646,1646,1646,1646,1646,1646,1646,1646,1646,1646,1646,1646,1646,1646,1646,1646,1646,1646,1646,1646,1646,1646,1646,1646,1646,1646,1646,1646,1646,1646,1646,1646,1646,1646,1646,1646,1646,1646,1646,1646,1646,1646,1646,1646,1646,1646,1646,1646,1646,1646,1646,1646,1646,1646,1646,1646,1646,1646,1646,1646,1646,1646,1646,1646,1646,1646,1646,1646,1646,
54508,55694,56524,56524,56524,56524,56524,56524,56524,56524,56524,56524,56524,56524,56430,56446,57214,57214,59470,59722,59722,59722,59738,59770,59780,59780,59780,60004,60004,60004,60004,60004,60004,60004,60004,60036,60044,60044,60044,60044,60044,60044,60044,60044,60044,60044,60044,60044,60044,60044,60044,60044,60044,60044,60044,60044,60044,60044,60044,60044,60044,60044,60044,60044,60044,60044,60044,60044,60044,60044,60044,60044,60044,60044,60044,60052,60052,60052,60052,60060,60060,60060,60060,60060,60060,60060,60060,60060,60060,60060,60060,60060,60060,60060,60548,60548,60548,60548,60548,60548,60548,60548,60548,60548,60548,60548,60548,60548,60556,60556,60556,60556,60556,60556,60556,60556,60556,60556,60556,60556,60556,60556,60556,60556,60556,60556,60556,60556,60556,60556,60556,60556,60556,60556,60556,60556,60556,60556,60556,60556,60556,60556,60556,60556,60556,60556,60556,60556,60556,60556,60556,60560,60560,60560,60560,60560,60560,60560,60560,60560,60560,60560,60560,60560,60560,60560,60560,60560,60560,60560,60560,60560,60560,60636,60636,60636,60636,60636,60636,60636,60636,60636,60636,60636,60636,60636,60636,60636,60636,60636,60636,60636,60636,60636,60636,60636,60636,60636,60636,60636,60636,60636,60636,60636,60636,60636,60636,60636,60636,60636,60636,60636,60636,60636,60636,60636,60636,60636,60636,60636,60636,60636,60636,60636,60636,60636,60636,60636,60636,60636,60636,60636,60636,60636,60636,60636,60636,60636,60636,60636,60636,60636,60636,60636,60636,60636,60636,60636,60636,60636,60640,60640,60640,60640,60640,60640,60640,60640,60640,60640,60640,60640,60640,60640,60640,60640,60640,60640,60640,60640,60640,60640,60640,60640,60640,60640,60648,60648,60648,60648,60648,60648,60648,60648,60648,60648,60648,60648,60648,60648,60648,60648,60648,60648,60648,60648,60648,60648,60648,60648,60648,60648,60648,60648,60648,60648,60648,60648,60648,60648,60648,60648,60648,60648,60648,60648,60648,60648,60648,60648,60648,60648,60648,60648,60648,60648,60648,60648,60648,60648,60648,60648,60648,60648,60648,60648,60648,60648,60648,60648,60648,60648,60648,60648,60648,60648,60648,60648,60648,60648,60648,60648,60648,60648,60648,60648,60648,60648,60648,60648,60648,60648,60648,60648,60648,60648,60648,60648,60648,60648,60648,60648,60648,60648,60648,60648,60648,60648,60648,60648,60648,60648,60648,60648,60648,60648,60648,60648,60648,60648,60648,60648,60648,60648,60648,60648,60648,60648,60648,60648,60648,60648,60648,60648,60648,60648,60648,60648,60648,60648,60648,60648,60648,60648,60648,60648,60648,60648,60648,60648,60648,60648,60648,60648,60648,60656,60656,60656,60656,60656,60656,60656,60656,60656,60656,60656,60656,60656,60656,60656,60656,60656,60656,60656,60656,60656,60656,60656,60656,60656,60656,60656,60656,60656,60656,60656,60656,60656,60656,60656,60656,60656,60656,60656,60656,60656,60656,60656,60656,60656,60656,60656,60656,60656,60656,60656,60656,60656,60656,60656,60656,60656,60656,60656,60656,60656,60656,60656,60656,60656,60656,60656,60656,60656,60656,60656,60656,60656,60656,60656,60656,
0.720703,0.749023,0.757812,0.757812,0.757812,0.757812,0.757812,0.757812,0.757812,0.757812,0.757812,0.757812,0.757812,0.757812,0.767578,0.769531,0.775391,0.775391,0.778320,0.782227,0.782227,0.782227,0.783203,0.785156,0.787109,0.787109,0.787109,0.789062,0.789062,0.789062,0.789062,0.789062,0.789062,0.789062,0.789062,0.791016,0.791992,0.791992,0.791992,0.791992,0.791992,0.791992,0.791992,0.791992,0.791992,0.791992,0.791992,0.791992,0.791992,0.791992,0.791992,0.791992,0.791992,0.791992,0.791992,0.791992,0.791992,0.791992,0.791992,0.791992,0.791992,0.791992,0.791992,0.791992,0.791992,0.791992,0.791992,0.791992,0.791992,0.791992,0.791992,0.791992,0.791992,0.791992,0.791992,0.792969,0.792969,0.792969,0.792969,0.793945,0.793945,0.793945,0.793945,0.793945,0.793945,0.793945,0.793945,0.793945,0.793945,0.793945,0.793945,0.793945,0.793945,0.793945,0.794922,0.794922,0.794922,0.794922,0.794922,0.794922,0.794922,0.794922,0.794922,0.794922,0.794922,0.794922,0.794922,0.794922,0.795898,0.795898,0.795898,0.795898,0.795898,0.795898,0.795898,0.795898,0.795898,0.795898,0.795898,0.795898,0.795898,0.795898,0.795898,0.795898,0.795898,0.795898,0.795898,0.795898,0.795898,0.795898,0.795898,0.795898,0.795898,0.795898,0.795898,0.795898,0.795898,0.795898,0.795898,0.795898,0.795898,0.795898,0.795898,0.795898,0.795898,0.795898,0.795898,0.795898,0.795898,0.795898,0.795898,0.796875,0.796875,0.796875,0.796875,0.796875,0.796875,0.796875,0.796875,0.796875,0.796875,0.796875,0.796875,0.796875,0.796875,0.796875,0.796875,0.796875,0.796875,0.796875,0.796875,0.796875,0.796875,0.800781,0.800781,0.800781,0.800781,0.800781,0.800781,0.800781,0.800781,0.800781,0.800781,0.800781,0.800781,0.800781,0.800781,0.800781,0.800781,0.800781,0.800781,0.800781,0.800781,0.800781,0.800781,0.800781,0.800781,0.800781,0.800781,0.800781,0.800781,0.800781,0.800781,0.800781,0.800781,0.800781,0.800781,0.800781,0.800781,0.800781,0.800781,0.800781,0.800781,0.800781,0.800781,0.800781,0.800781,0.800781,0.800781,0.800781,0.800781,0.800781,0.800781,0.800781,0.800781,0.800781,0.800781,0.800781,0.800781,0.800781,0.800781,0.800781,0.800781,0.800781,0.800781,0.800781,0.800781,0.800781,0.800781,0.800781,0.800781,0.800781,0.800781,0.800781,0.800781,0.800781,0.800781,0.800781,0.800781,0.800781,0.801758,0.801758,0.801758,0.801758,0.801758,0.801758,0.801758,0.801758,0.801758,0.801758,0.801758,0.801758,0.801758,0.801758,0.801758,0.801758,0.801758,0.801758,0.801758,0.801758,0.801758,0.801758,0.801758,0.801758,0.801758,0.801758,0.802734,0.802734,0.802734,0.802734,0.802734,0.802734,0.802734,0.802734,0.802734,0.802734,0.802734,0.802734,0.802734,0.802734,0.802734,0.802734,0.802734,0.802734,0.802734,0.802734,0.802734,0.802734,0.802734,0.802734,0.802734,0.802734,0.802734,0.802734,0.802734,0.802734,0.802734,0.802734,0.802734,0.802734,0.802734,0.802734,0.802734,0.802734,0.802734,0.802734,0.802734,0.802734,0.802734,0.802734,0.802734,0.802734,0.802734,0.802734,0.802734,0.802734,0.802734,0.802734,0.802734,0.802734,0.802734,0.802734,0.802734,0.802734,0.802734,0.802734,0.802734,0.802734,0.802734,0.802734,0.802734,0.802734,0.802734,0.802734,0.802734,0.802734,0.802734,0.802734,0.802734,0.802734,0.802734,0.802734,0.802734,0.802734,0.802734,0.802734,0.802734,0.802734,0.802734,0.802734,0.802734,0.802734,0.802734,0.802734,0.802734,0.802734,0.802734,0.802734,0.802734,0.802734,0.802734,0.802734,0.802734,0.802734,0.802734,0.802734,0.802734,0.802734,0.802734,0.802734,0.802734,0.802734,0.802734,0.802734,0.802734,0.802734,0.802734,0.802734,0.802734,0.802734,0.802734,0.802734,0.802734,0.802734,0.802734,0.802734,0.802734,0.802734,0.802734,0.802734,0.802734,0.802734,0.802734,0.802734,0.802734,0.802734,0.802734,0.802734,0.802734,0.802734,0.802734,0.802734,0.802734,0.802734,0.802734,0.802734,0.802734,0.802734,0.802734,0.802734,0.802734,0.802734,0.802734,0.802734,0.802734,0.803711,0.803711,0.803711,0.803711,0.803711,0.803711,0.803711,0.803711,0.803711,0.803711,0.803711,0.803711,0.803711,0.803711,0.803711,0.803711,0.803711,0.803711,0.803711,0.803711,0.803711,0.803711,0.803711,0.803711,0.803711,0.803711,0.803711,0.803711,0.803711,0.803711,0.803711,0.803711,0.803711,0.803711,0.803711,0.803711,0.803711,0.803711,0.803711,0.803711,0.803711,0.803711,0.803711,0.803711,0.803711,0.803711,0.803711,0.803711,0.803711,0.803711,0.803711,0.803711,0.803711,0.803711,0.803711,0.803711,0.803711,0.803711,0.803711,0.803711,0.803711,0.803711,0.803711,0.803711,0.803711,0.803711,0.803711,0.803711,0.803711,0.803711,0.803711,0.803711,0.803711,0.803711,0.803711,0.803711,
0.831726,0.849823,0.862488,0.862488,0.862488,0.862488,0.862488,0.862488,0.862488,0.862488,0.862488,0.862488,0.862488,0.862488,0.861053,0.861298,0.873016,0.873016,0.907440,0.911285,0.911285,0.911285,0.911530,0.912018,0.912170,0.912170,0.912170,0.915588,0.915588,0.915588,0.915588,0.915588,0.915588,0.915588,0.915588,0.916077,0.916199,0.916199,0.916199,0.916199,0.916199,0.916199,0.916199,0.916199,0.916199,0.916199,0.916199,0.916199,0.916199,0.916199,0.916199,0.916199,0.916199,0.916199,0.916199,0.916199,0.916199,0.916199,0.916199,0.916199,0.916199,0.916199,0.916199,0.916199,0.916199,0.916199,0.916199,0.916199,0.916199,0.916199,0.916199,0.916199,0.916199,0.916199,0.916199,0.916321,0.916321,0.916321,0.916321,0.916443,0.916443,0.916443,0.916443,0.916443,0.916443,0.916443,0.916443,0.916443,0.916443,0.916443,0.916443,0.916443,0.916443,0.916443,0.923889,0.923889,0.923889,0.923889,0.923889,0.923889,0.923889,0.923889,0.923889,0.923889,0.923889,0.923889,0.923889,0.923889,0.924011,0.924011,0.924011,0.924011,0.924011,0.924011,0.924011,0.924011,0.924011,0.924011,0.924011,0.924011,0.924011,0.924011,0.924011,0.924011,0.924011,0.924011,0.924011,0.924011,0.924011,0.924011,0.924011,0.924011,0.924011,0.924011,0.924011,0.924011,0.924011,0.924011,0.924011,0.924011,0.924011,0.924011,0.924011,0.924011,0.924011,0.924011,0.924011,0.924011,0.924011,0.924011,0.924011,0.924072,0.924072,0.924072,0.924072,0.924072,0.924072,0.924072,0.924072,0.924072,0.924072,0.924072,0.924072,0.924072,0.924072,0.924072,0.924072,0.924072,0.924072,0.924072,0.924072,0.924072,0.924072,0.925232,0.925232,0.925232,0.925232,0.925232,0.925232,0.925232,0.925232,0.925232,0.925232,0.925232,0.925232,0.925232,0.925232,0.925232,0.925232,0.925232,0.925232,0.925232,0.925232,0.925232,0.925232,0.925232,0.925232,0.925232,0.925232,0.925232,0.925232,0.925232,0.925232,0.925232,0.925232,0.925232,0.925232,0.925232,0.925232,0.925232,0.925232,0.925232,0.925232,0.925232,0.925232,0.925232,0.925232,0.925232,0.925232,0.925232,0.925232,0.925232,0.925232,0.925232,0.925232,0.925232,0.925232,0.925232,0.925232,0.925232,0.925232,0.925232,0.925232,0.925232,0.925232,0.925232,0.925232,0.925232,0.925232,0.925232,0.925232,0.925232,0.925232,0.925232,0.925232,0.925232,0.925232,0.925232,0.925232,0.925232,0.925293,0.925293,0.925293,0.925293,0.925293,0.925293,0.925293,0.925293,0.925293,0.925293,0.925293,0.925293,0.925293,0.925293,0.925293,0.925293,0.925293,0.925293,0.925293,0.925293,0.925293,0.925293,0.925293,0.925293,0.925293,0.925293,0.925415,0.925415,0.925415,0.925415,0.925415,0.925415,0.925415,0.925415,0.925415,0.925415,0.925415,0.925415,0.925415,0.925415,0.925415,0.925415,0.925415,0.925415,0.925415,0.925415,0.925415,0.925415,0.925415,0.925415,0.925415,0.925415,0.925415,0.925415,0.925415,0.925415,0.925415,0.925415,0.925415,0.925415,0.925415,0.925415,0.925415,0.925415,0.925415,0.925415,0.925415,0.925415,0.925415,0.925415,0.925415,0.925415,0.925415,0.925415,0.925415,0.925415,0.925415,0.925415,0.925415,0.925415,0.925415,0.925415,0.925415,0.925415,0.925415,0.925415,0.925415,0.925415,0.925415,0.925415,0.925415,0.925415,0.925415,0.925415,0.925415,0.925415,0.925415,0.925415,0.925415,0.925415,0.925415,0.925415,0.925415,0.925415,0.925415,0.925415,0.925415,0.925415,0.925415,0.925415,0.925415,0.925415,0.925415,0.925415,0.925415,0.925415,0.925415,0.925415,0.925415,0.925415,0.925415,0.925415,0.925415,0.925415,0.925415,0.925415,0.925415,0.925415,0.925415,0.925415,0.925415,0.925415,0.925415,0.925415,0.925415,0.925415,0.925415,0.925415,0.925415,0.925415,0.925415,0.925415,0.925415,0.925415,0.925415,0.925415,0.925415,0.925415,0.925415,0.925415,0.925415,0.925415,0.925415,0.925415,0.925415,0.925415,0.925415,0.925415,0.925415,0.925415,0.925415,0.925415,0.925415,0.925415,0.925415,0.925415,0.925415,0.925415,0.925415,0.925415,0.925415,0.925415,0.925415,0.925415,0.925415,0.925537,0.925537,0.925537,0.925537,0.925537,0.925537,0.925537,0.925537,0.925537,0.925537,0.925537,0.925537,0.925537,0.925537,0.925537,0.925537,0.925537,0.925537,0.925537,0.925537,0.925537,0.925537,0.925537,0.925537,0.925537,0.925537,0.925537,0.925537,0.925537,0.925537,0.925537,0.925537,0.925537,0.925537,0.925537,0.925537,0.925537,0.925537,0.925537,0.925537,0.925537,0.925537,0.925537,0.925537,0.925537,0.925537,0.925537,0.925537,0.925537,0.925537,0.925537,0.925537,0.925537,0.925537,0.925537,0.925537,0.925537,0.925537,0.925537,0.925537,0.925537,0.925537,0.925537,0.925537,0.925537,0.925537,0.925537,0.925537,0.925537,0.925537,0.925537,0.925537,0.925537,0.925537,0.925537,0.925537,
