kBasicLog: 1
kBreedEdges: 1
kBreedGates: 1
kBreedSample: 4
kBreedType: 0
kChildren: 100
kEvaluations: 50000
kGens: 100
kLegalGateTypes: 1
kLog: 1
kLogIter: 2
kMaxGenStagnation: 300
kMessUp: 0
kMutatePercent: 9
kMutationMode: 1
kMutations: 16
kPruneOrphans: 1
kSaveDotGraphs: 1
kSeed: 0
kThreads: 4
kThreshold: 1000
kTruthWeight: 1
columns: 13
rows: 5,5,5,5,5,5,5,5,5,5,5,5,4
goal_correct_count: 256
goal_total_count: 2048
goal_total_weighted_count: 65536
~
gates_used: 33
total_count: 1660
total_weighted_count: 0
percent: 0.810547
weighted_percent: 0.000000
evaluations: 50100
~
1464,1490,1506,1518,1540,1568,1576,1578,1594,1600,1600,1600,1600,1600,1600,1600,1600,1600,1600,1600,1602,1604,1604,1604,1604,1604,1604,1604,1608,1608,1626,1632,1632,1632,1638,1642,1642,1644,1644,1644,1644,1644,1644,1644,1644,1644,1644,1644,1644,1644,1644,1644,1644,1644,1644,1644,1644,1644,1644,1644,1644,1644,1644,1648,1648,1648,1648,1648,1648,1648,1648,1648,1648,1648,1648,1650,1650,1650,1650,1650,1650,1650,1650,1650,1650,1650,1650,1650,1650,1650,1650,1650,1652,1652,1652,1652,1652,1652,1652,1652,1652,1652,1652,1652,1652,1652,1652,1652,1652,1652,1652,1652,1652,1652,1652,1652,1652,1652,1652,1652,1652,1652,1652,1652,1652,1652,1652,1652,1652,1652,1652,1652,1652,1652,1652,1652,1652,1652,1652,1652,1656,1656,1656,1656,1656,1656,1656,1656,1658,1658,1658,1658,1658,1658,1658,1658,1658,1658,1658,1658,1658,1658,1658,1658,1658,1658,1658,1658,1658,1658,1658,1658,1658,1658,1658,1658,1658,1658,1658,1658,1658,1658,1658,1658,1658,1658,1658,1658,1658,1658,1658,1658,1658,1658,1658,1658,1658,1658,1658,1658,1658,1658,1658,1658,1658,1658,1658,1658,1658,1658,1658,1658,1658,1658,1658,1658,1658,1658,1658,1658,1658,1658,1658,1658,1658,1658,1658,1658,1658,1658,1658,1658,1658,1658,1658,1658,1660,1660,1660,1660,1660,1660,1660,1660,1660,1660,1660,1660,1660,1660,1660,1660,1660,1660,1660,1660,1660,1660,1660,1660,1660,1660,1660,1660,1660,1660,1660,1660,1660,1660,1660,1660,1660,1660,1660,1660,1660,1660,1660,1660,1660,1660,1660,1660,1660,1660,1660,1660,1660,1660,1660,1660,1660,1660,1660,1660,1660,1660,1660,1660,1660,1660,1660,1660,1660,1660,1660,1660,1660,1660,1660,1660,1660,1660,1660,1660,1660,1660,1660,1660,1660,1660,1660,1660,1660,1660,1660,1660,1660,1660,1660,1660,1660,1660,1660,1660,1660,1660,1660,1660,1660,1660,1660,1660,1660,1660,1660,1660,1660,1660,1660,1660,1660,1660,1660,1660,1660,1660,1660,1660,1660,1660,1660,1660,1660,1660,1660,1660,1660,1660,1660,1660,1660,1660,1660,1660,1660,1660,1660,1660,1660,1660,1660,1660,1660,1660,1660,1660,1660,1660,1660,1660,1660,1660,1660,1660,1660,1660,1660,1660,1660,1660,1660,1660,1660,1660,1660,1660,1660,1660,1660,1660,1660,1660,1660,1660,1660,1660,1660,1660,1660,1660,1660,1660,1660,1660,1660,1660,1660,1660,1660,1660,1660,1660,1660,1660,1660,1660,1660,1660,1660,1660,1660,1660,1660,1660,1660,1660,1660,1660,1660,1660,1660,1660,1660,1660,1660,1660,1660,1660,1660,1660,1660,1660,1660,1660,1660,1660,1660,1660,1660,1660,1660,1660,1660,1660,1660,1660,1660,1660,1660,1660,1660,1660,1660,1660,1660,1660,1660,1660,1660,1660,1660,1660,1660,1660,1660,1660,1660,1660,1660,
53260,55260,55484,55868,58980,59636,59892,59908,60024,60036,60036,60036,60036,60036,60036,60036,60036,60036,60036,60036,60064,60068,60068,60068,60068,60068,60068,60068,60100,60100,60212,60136,60136,60136,60232,60360,60360,60456,60456,60456,60456,60456,60456,60456,60456,60456,60456,60456,60456,60456,60456,60456,60456,60456,60456,60456,60456,60456,60456,60456,60456,60456,60456,60488,60488,60488,60488,60488,60488,60488,60488,60488,60488,60488,60488,60490,60490,60490,60490,60490,60490,60490,60490,60490,60490,60490,60490,60490,60490,60490,60490,60490,60498,60498,60498,60498,60498,60498,60498,60498,60498,60498,60498,60498,60498,60498,60498,60498,60498,60498,60498,60498,60498,60498,60498,60498,60498,60498,60498,60498,60498,60498,60498,60498,60498,60498,60498,60498,60498,60498,60498,60498,60498,60498,60498,60498,60498,60498,60498,60498,60562,60562,60562,60562,60562,60562,60562,60562,60594,60594,60594,60594,60594,60594,60594,60594,60594,60594,60594,60594,60594,60594,60594,60594,60594,60594,60594,60594,60594,60594,60594,60594,60594,60594,60594,60594,60594,60594,60594,60594,60594,60594,60594,60594,60594,60594,60594,60594,60594,60594,60594,60594,60594,60594,60594,60594,60594,60594,60594,60594,60594,60594,60594,60594,60594,60594,60594,60594,60594,60594,60594,60594,60594,60594,60594,60594,60594,60594,60594,60594,60594,60594,60594,60594,60594,60594,60594,60594,60594,60594,60594,60594,60594,60594,60594,60594,60622,60622,60622,60622,60622,60622,60622,60622,60622,60622,60622,60622,60622,60622,60622,60622,60622,60622,60622,60622,60622,60622,60622,60622,60622,60622,60622,60622,60622,60622,60622,60622,60622,60622,60622,60622,60622,60622,60622,60622,60622,60622,60622,60622,60622,60622,60622,60622,60622,60622,60622,60622,60622,60622,60622,60622,60622,60622,60622,60622,60622,60622,60622,60622,60622,60622,60622,60622,60622,60622,60622,60622,60622,60622,60622,60622,60622,60622,60622,60622,60622,60622,60622,60622,60622,60622,60622,60622,60622,60622,60622,60622,60622,60622,60622,60622,60622,60622,60622,60622,60622,60622,60622,60622,60622,60622,60622,60622,60622,60622,60622,60622,60622,60622,60622,60622,60622,60622,60622,60622,60622,60622,60622,60622,60622,60622,60622,60622,60622,60622,60622,60622,60622,60622,60622,60622,60622,60622,60622,60622,60622,60622,60622,60622,60622,60622,60622,60622,60622,60622,60622,60622,60622,60622,60622,60622,60622,60622,60622,60622,60622,60622,60622,60622,60622,60622,60622,60622,60622,60622,60622,60622,60622,60622,60622,60622,60622,60622,60622,60622,60622,60622,60622,60622,60622,60622,60622,60622,60622,60622,60622,60622,60622,60622,60622,60622,60622,60622,60622,60622,60622,60622,60622,60622,60622,60622,60622,60622,60622,60622,60622,60622,60622,60622,60622,60622,60622,60622,60622,60622,60622,60622,60622,60622,60622,60622,60622,60622,60622,60622,60622,60622,60622,60622,60622,60622,60622,60622,60622,60622,60622,60622,60622,60622,60622,60622,60622,60622,60622,60622,60622,60622,60622,60622,60622,60622,60622,60622,60622,60622,60622,60622,60622,60622,60622,
0.714844,0.727539,0.735352,0.741211,0.751953,0.765625,0.769531,0.770508,0.778320,0.781250,0.781250,0.781250,0.781250,0.781250,0.781250,0.781250,0.781250,0.781250,0.781250,0.781250,0.782227,0.783203,0.783203,0.783203,0.783203,0.783203,0.783203,0.783203,0.785156,0.785156,0.793945,0.796875,0.796875,0.796875,0.799805,0.801758,0.801758,0.802734,0.802734,0.802734,0.802734,0.802734,0.802734,0.802734,0.802734,0.802734,0.802734,0.802734,0.802734,0.802734,0.802734,0.802734,0.802734,0.802734,0.802734,0.802734,0.802734,0.802734,0.802734,0.802734,0.802734,0.802734,0.802734,0.804688,0.804688,0.804688,0.804688,0.804688,0.804688,0.804688,0.804688,0.804688,0.804688,0.804688,0.804688,0.805664,0.805664,0.805664,0.805664,0.805664,0.805664,0.805664,0.805664,0.805664,0.805664,0.805664,0.805664,0.805664,0.805664,0.805664,0.805664,0.805664,0.806641,0.806641,0.806641,0.806641,0.806641,0.806641,0.806641,0.806641,0.806641,0.806641,0.806641,0.806641,0.806641,0.806641,0.806641,0.806641,0.806641,0.806641,0.806641,0.806641,0.806641,0.806641,0.806641,0.806641,0.806641,0.806641,0.806641,0.806641,0.806641,0.806641,0.806641,0.806641,0.806641,0.806641,0.806641,0.806641,0.806641,0.806641,0.806641,0.806641,0.806641,0.806641,0.806641,0.806641,0.806641,0.806641,0.806641,0.806641,0.808594,0.808594,0.808594,0.808594,0.808594,0.808594,0.808594,0.808594,0.809570,0.809570,0.809570,0.809570,0.809570,0.809570,0.809570,0.809570,0.809570,0.809570,0.809570,0.809570,0.809570,0.809570,0.809570,0.809570,0.809570,0.809570,0.809570,0.809570,0.809570,0.809570,0.809570,0.809570,0.809570,0.809570,0.809570,0.809570,0.809570,0.809570,0.809570,0.809570,0.809570,0.809570,0.809570,0.809570,0.809570,0.809570,0.809570,0.809570,0.809570,0.809570,0.809570,0.809570,0.809570,0.809570,0.809570,0.809570,0.809570,0.809570,0.809570,0.809570,0.809570,0.809570,0.809570,0.809570,0.809570,0.809570,0.809570,0.809570,0.809570,0.809570,0.809570,0.809570,0.809570,0.809570,0.809570,0.809570,0.809570,0.809570,0.809570,0.809570,0.809570,0.809570,0.809570,0.809570,0.809570,0.809570,0.809570,0.809570,0.809570,0.809570,0.809570,0.809570,0.809570,0.809570,0.809570,0.809570,0.810547,0.810547,0.810547,0.810547,0.810547,0.810547,0.810547,0.810547,0.810547,0.810547,0.810547,0.810547,0.810547,0.810547,0.810547,0.810547,0.810547,0.810547,0.810547,0.810547,0.810547,0.810547,0.810547,0.810547,0.810547,0.810547,0.810547,0.810547,0.810547,0.810547,0.810547,0.810547,0.810547,0.810547,0.810547,0.810547,0.810547,0.810547,0.810547,0.810547,0.810547,0.810547,0.810547,0.810547,0.810547,0.810547,0.810547,0.810547,0.810547,0.810547,0.810547,0.810547,0.810547,0.810547,0.810547,0.810547,0.810547,0.810547,0.810547,0.810547,0.810547,0.810547,0.810547,0.810547,0.810547,0.810547,0.810547,0.810547,0.810547,0.810547,0.810547,0.810547,0.810547,0.810547,0.810547,0.810547,0.810547,0.810547,0.810547,0.810547,0.810547,0.810547,0.810547,0.810547,0.810547,0.810547,0.810547,0.810547,0.810547,0.810547,0.810547,0.810547,0.810547,0.810547,0.810547,0.810547,0.810547,0.810547,0.810547,0.810547,0.810547,0.810547,0.810547,0.810547,0.810547,0.810547,0.810547,0.810547,0.810547,0.810547,0.810547,0.810547,0.810547,0.810547,0.810547,0.810547,0.810547,0.810547,0.810547,0.810547,0.810547,0.810547,0.810547,0.810547,0.810547,0.810547,0.810547,0.810547,0.810547,0.810547,0.810547,0.810547,0.810547,0.810547,0.810547,0.810547,0.810547,0.810547,0.810547,0.810547,0.810547,0.810547,0.810547,0.810547,0.810547,0.810547,0.810547,0.810547,0.810547,0.810547,0.810547,0.810547,0.810547,0.810547,0.810547,0.810547,0.810547,0.810547,0.810547,0.810547,0.810547,0.810547,0.810547,0.810547,0.810547,0.810547,0.810547,0.810547,0.810547,0.810547,0.810547,0.810547,0.810547,0.810547,0.810547,0.810547,0.810547,0.810547,0.810547,0.810547,0.810547,0.810547,0.810547,0.810547,0.810547,0.810547,0.810547,0.810547,0.810547,0.810547,0.810547,0.810547,0.810547,0.810547,0.810547,0.810547,0.810547,0.810547,0.810547,0.810547,0.810547,0.810547,0.810547,0.810547,0.810547,0.810547,0.810547,0.810547,0.810547,0.810547,0.810547,0.810547,0.810547,0.810547,0.810547,0.810547,0.810547,0.810547,0.810547,0.810547,0.810547,0.810547,0.810547,0.810547,0.810547,0.810547,0.810547,0.810547,0.810547,0.810547,0.810547,0.810547,0.810547,0.810547,0.810547,0.810547,0.810547,0.810547,0.810547,0.810547,0.810547,0.810547,0.810547,0.810547,0.810547,0.810547,0.810547,0.810547,0.810547,0.810547,0.810547,0.810547,0.810547,0.810547,0.810547,0.810547,0.810547,0.810547,0.810547,0.810547,0.810547,0.810547,0.810547,0.810547,0.810547,
0.812683,0.843201,0.846619,0.852478,0.899963,0.909973,0.913879,0.914124,0.915894,0.916077,0.916077,0.916077,0.916077,0.916077,0.916077,0.916077,0.916077,0.916077,0.916077,0.916077,0.916504,0.916565,0.916565,0.916565,0.916565,0.916565,0.916565,0.916565,0.917053,0.917053,0.918762,0.917603,0.917603,0.917603,0.919067,0.921021,0.921021,0.922485,0.922485,0.922485,0.922485,0.922485,0.922485,0.922485,0.922485,0.922485,0.922485,0.922485,0.922485,0.922485,0.922485,0.922485,0.922485,0.922485,0.922485,0.922485,0.922485,0.922485,0.922485,0.922485,0.922485,0.922485,0.922485,0.922974,0.922974,0.922974,0.922974,0.922974,0.922974,0.922974,0.922974,0.922974,0.922974,0.922974,0.922974,0.923004,0.923004,0.923004,0.923004,0.923004,0.923004,0.923004,0.923004,0.923004,0.923004,0.923004,0.923004,0.923004,0.923004,0.923004,0.923004,0.923004,0.923126,0.923126,0.923126,0.923126,0.923126,0.923126,0.923126,0.923126,0.923126,0.923126,0.923126,0.923126,0.923126,0.923126,0.923126,0.923126,0.923126,0.923126,0.923126,0.923126,0.923126,0.923126,0.923126,0.923126,0.923126,0.923126,0.923126,0.923126,0.923126,0.923126,0.923126,0.923126,0.923126,0.923126,0.923126,0.923126,0.923126,0.923126,0.923126,0.923126,0.923126,0.923126,0.923126,0.923126,0.923126,0.923126,0.923126,0.923126,0.924103,0.924103,0.924103,0.924103,0.924103,0.924103,0.924103,0.924103,0.924591,0.924591,0.924591,0.924591,0.924591,0.924591,0.924591,0.924591,0.924591,0.924591,0.924591,0.924591,0.924591,0.924591,0.924591,0.924591,0.924591,0.924591,0.924591,0.924591,0.924591,0.924591,0.924591,0.924591,0.924591,0.924591,0.924591,0.924591,0.924591,0.924591,0.924591,0.924591,0.924591,0.924591,0.924591,0.924591,0.924591,0.924591,0.924591,0.924591,0.924591,0.924591,0.924591,0.924591,0.924591,0.924591,0.924591,0.924591,0.924591,0.924591,0.924591,0.924591,0.924591,0.924591,0.924591,0.924591,0.924591,0.924591,0.924591,0.924591,0.924591,0.924591,0.924591,0.924591,0.924591,0.924591,0.924591,0.924591,0.924591,0.924591,0.924591,0.924591,0.924591,0.924591,0.924591,0.924591,0.924591,0.924591,0.924591,0.924591,0.924591,0.924591,0.924591,0.924591,0.924591,0.924591,0.924591,0.924591,0.925018,0.925018,0.925018,0.925018,0.925018,0.925018,0.925018,0.925018,0.925018,0.925018,0.925018,0.925018,0.925018,0.925018,0.925018,0.925018,0.925018,0.925018,0.925018,0.925018,0.925018,0.925018,0.925018,0.925018,0.925018,0.925018,0.925018,0.925018,0.925018,0.925018,0.925018,0.925018,0.925018,0.925018,0.925018,0.925018,0.925018,0.925018,0.925018,0.925018,0.925018,0.925018,0.925018,0.925018,0.925018,0.925018,0.925018,0.925018,0.925018,0.925018,0.925018,0.925018,0.925018,0.925018,0.925018,0.925018,0.925018,0.925018,0.925018,0.925018,0.925018,0.925018,0.925018,0.925018,0.925018,0.925018,0.925018,0.925018,0.925018,0.925018,0.925018,0.925018,0.925018,0.925018,0.925018,0.925018,0.925018,0.925018,0.925018,0.925018,0.925018,0.925018,0.925018,0.925018,0.925018,0.925018,0.925018,0.925018,0.925018,0.925018,0.925018,0.925018,0.925018,0.925018,0.925018,0.925018,0.925018,0.925018,0.925018,0.925018,0.925018,0.925018,0.925018,0.925018,0.925018,0.925018,0.925018,0.925018,0.925018,0.925018,0.925018,0.925018,0.925018,0.925018,0.925018,0.925018,0.925018,0.925018,0.925018,0.925018,0.925018,0.925018,0.925018,0.925018,0.925018,0.925018,0.925018,0.925018,0.925018,0.925018,0.925018,0.925018,0.925018,0.925018,0.925018,0.925018,0.925018,0.925018,0.925018,0.925018,0.925018,0.925018,0.925018,0.925018,0.925018,0.925018,0.925018,0.925018,0.925018,0.925018,0.925018,0.925018,0.925018,0.925018,0.925018,0.925018,0.925018,0.925018,0.925018,0.925018,0.925018,0.925018,0.925018,0.925018,0.925018,0.925018,0.925018,0.925018,0.925018,0.925018,0.925018,0.925018,0.925018,0.925018,0.925018,0.925018,0.925018,0.925018,0.925018,0.925018,0.925018,0.925018,0.925018,0.925018,0.925018,0.925018,0.925018,0.925018,0.925018,0.925018,0.925018,0.925018,0.925018,0.925018,0.925018,0.925018,0.925018,0.925018,0.925018,0.925018,0.925018,0.925018,0.925018,0.925018,0.925018,0.925018,0.925018,0.925018,0.925018,0.925018,0.925018,0.925018,0.925018,0.925018,0.925018,0.925018,0.925018,0.925018,0.925018,0.925018,0.925018,0.925018,0.925018,0.925018,0.925018,0.925018,0.925018,0.925018,0.925018,0.925018,0.925018,0.925018,0.925018,0.925018,0.925018,0.925018,0.925018,0.925018,0.925018,0.925018,0.925018,0.925018,0.925018,0.925018,0.925018,0.925018,0.925018,0.925018,0.925018,0.925018,0.925018,0.925018,0.925018,0.925018,0.925018,0.925018,0.925018,0.925018,0.925018,0.925018,0.925018,0.925018,0.925018,0.925018,0.925018,
