kBasicLog: 1
kBreedEdges: 1
kBreedGates: 1
kBreedSample: 4
kBreedType: 1
kChildren: 100
kEvaluations: 30000
kGens: 100
kLegalGateTypes: 1
kLog: 1
kLogIter: 3
kMaxGenStagnation: 300
kMessUp: 0
kMutatePercent: 5
kMutationMode: 2
kMutations: 16
kPruneOrphans: 1
kSaveDotGraphs: 1
kSeed: 0
kThreads: 4
kThreshold: 1000
kTruthWeight: 1
columns: 64
rows: 1,1,1,1,1,1,1,1,1,1,1,1,1,1,1,1,1,1,1,1,1,1,1,1,1,1,1,1,1,1,1,1,1,1,1,1,1,1,1,1,1,1,1,1,1,1,1,1,1,1,1,1,1,1,1,1,1,1,1,1,1,1,1,1
goal_correct_count: 256
goal_total_count: 2048
goal_total_weighted_count: 65536
~
gates_used: 30
total_count: 1514
total_weighted_count: 0
percent: 0.739258
weighted_percent: 0.000000
evaluations: 30100
~
1370,1378,1378,1378,1378,1378,1394,1394,1378,1394,1394,1394,1394,1394,1394,1394,1394,1402,1402,1402,1410,1410,1410,1410,1410,1410,1410,1410,1410,1410,1410,1434,1410,1410,1410,1410,1410,1410,1410,1410,1410,1410,1410,1410,1410,1410,1410,1410,1410,1410,1410,1410,1410,1410,1410,1410,1410,1410,1410,1426,1410,1410,1410,1410,1410,1410,1410,1410,1426,1410,1380,1396,1402,1434,1408,1418,1418,1418,1434,1434,1434,1434,1434,1434,1434,1434,1434,1438,1438,1438,1438,1438,1406,1438,1438,1470,1454,1454,1454,1454,1486,1486,1486,1486,1486,1486,1486,1486,1486,1486,1486,1486,1494,1494,1494,1494,1494,1494,1494,1494,1494,1494,1494,1494,1494,1494,1494,1494,1494,1494,1494,1494,1494,1494,1494,1494,1494,1494,1494,1494,1466,1494,1494,1494,1494,1494,1494,1494,1494,1494,1494,1494,1494,1494,1494,1494,1494,1494,1494,1494,1494,1494,1494,1494,1494,1494,1494,1498,1502,1498,1498,1498,1502,1498,1498,1498,1498,1502,1498,1498,1498,1498,1498,1498,1498,1498,1498,1498,1498,1498,1498,1498,1498,1498,1498,1498,1498,1498,1498,1498,1498,1498,1498,1498,1498,1498,1498,1498,1498,1498,1498,1498,1498,1498,1498,1498,1498,1498,1498,1498,1498,1498,1498,1498,1498,1498,1498,1498,1498,1498,1498,1498,1498,1498,1498,1498,1498,1498,1498,1498,1498,1498,1498,1498,1498,1450,1450,1498,1498,1498,1498,1498,1498,1498,1498,1498,1498,1498,1498,1498,1482,1482,1482,1482,1482,1482,1514,1514,1514,1514,1514,1514,1514,1514,1514,1514,1514,1514,1514,1514,1514,1514,1514,1514,1514,1514,1514,1514,1514,1514,1514,1514,1514,1514,1514,1514,1514,1514,1514,1514,1514,
44380,44444,44444,44444,44444,44444,45468,45468,44444,45468,45468,45468,45468,45468,45468,45468,45468,48476,48476,48476,48604,48604,48604,48604,48604,48604,48604,48604,48604,48604,48604,50524,48604,48604,48604,48604,48604,48604,48604,48604,48604,48604,48604,48604,48604,48604,48604,48604,48604,48604,48604,48604,48604,48604,48604,48604,48604,48604,48604,49628,48604,48604,48604,48604,48604,48604,48604,48604,49628,48604,44516,45540,46940,50012,48516,47964,47964,47964,50524,50524,50524,50524,50524,50524,50524,50524,50524,50556,50556,50556,50556,50556,46460,50556,50556,51324,49276,51324,51324,51324,53372,53372,53372,53372,53372,53372,53372,53372,53372,53372,53372,53372,53884,53884,53884,53884,53884,53884,53884,53884,53884,53884,53884,53884,53884,53884,53884,53884,53884,53884,53884,53884,53884,53884,53884,53884,53884,53884,53884,53884,54620,53884,53884,53884,53884,53884,53884,53884,53884,53884,53884,53884,53884,53884,53884,53884,53884,53884,53884,53884,53884,53884,53884,53884,53884,53884,53884,53980,54012,53980,53980,53980,54012,53980,53980,53980,53980,54012,53980,54108,53980,53980,53980,53980,53980,53980,53980,53980,53980,53980,53980,53980,53980,53980,53980,53980,53980,53980,53980,53980,53980,53980,53980,53980,53980,53980,53980,53980,53980,53980,53980,54108,54108,54108,54108,54108,54108,54108,54108,54108,54108,54108,54108,54108,54108,54108,54108,54108,54108,54108,54108,54108,54108,54108,54108,54108,54108,54108,54108,54108,54108,54108,54108,54108,54108,51036,51036,54108,54108,54108,54108,54108,54108,54108,54108,54108,54108,54108,54108,54108,53596,53596,53596,53596,53596,53596,57692,57692,57692,57692,57692,57692,57692,57692,57692,57692,57692,57692,57692,57692,57692,57692,57692,57692,57692,57692,57692,57692,57692,57692,57692,57692,57692,57692,57692,57692,57692,57692,57692,57692,57692,
0.668945,0.672852,0.672852,0.672852,0.672852,0.672852,0.680664,0.680664,0.672852,0.680664,0.680664,0.680664,0.680664,0.680664,0.680664,0.680664,0.680664,0.684570,0.684570,0.684570,0.688477,0.688477,0.688477,0.688477,0.688477,0.688477,0.688477,0.688477,0.688477,0.688477,0.688477,0.700195,0.688477,0.688477,0.688477,0.688477,0.688477,0.688477,0.688477,0.688477,0.688477,0.688477,0.688477,0.688477,0.688477,0.688477,0.688477,0.688477,0.688477,0.688477,0.688477,0.688477,0.688477,0.688477,0.688477,0.688477,0.688477,0.688477,0.688477,0.696289,0.688477,0.688477,0.688477,0.688477,0.688477,0.688477,0.688477,0.688477,0.696289,0.688477,0.673828,0.681641,0.684570,0.700195,0.687500,0.692383,0.692383,0.692383,0.700195,0.700195,0.700195,0.700195,0.700195,0.700195,0.700195,0.700195,0.700195,0.702148,0.702148,0.702148,0.702148,0.702148,0.686523,0.702148,0.702148,0.717773,0.709961,0.709961,0.709961,0.709961,0.725586,0.725586,0.725586,0.725586,0.725586,0.725586,0.725586,0.725586,0.725586,0.725586,0.725586,0.725586,0.729492,0.729492,0.729492,0.729492,0.729492,0.729492,0.729492,0.729492,0.729492,0.729492,0.729492,0.729492,0.729492,0.729492,0.729492,0.729492,0.729492,0.729492,0.729492,0.729492,0.729492,0.729492,0.729492,0.729492,0.729492,0.729492,0.729492,0.729492,0.715820,0.729492,0.729492,0.729492,0.729492,0.729492,0.729492,0.729492,0.729492,0.729492,0.729492,0.729492,0.729492,0.729492,0.729492,0.729492,0.729492,0.729492,0.729492,0.729492,0.729492,0.729492,0.729492,0.729492,0.729492,0.729492,0.729492,0.731445,0.733398,0.731445,0.731445,0.731445,0.733398,0.731445,0.731445,0.731445,0.731445,0.733398,0.731445,0.731445,0.731445,0.731445,0.731445,0.731445,0.731445,0.731445,0.731445,0.731445,0.731445,0.731445,0.731445,0.731445,0.731445,0.731445,0.731445,0.731445,0.731445,0.731445,0.731445,0.731445,0.731445,0.731445,0.731445,0.731445,0.731445,0.731445,0.731445,0.731445,0.731445,0.731445,0.731445,0.731445,0.731445,0.731445,0.731445,0.731445,0.731445,0.731445,0.731445,0.731445,0.731445,0.731445,0.731445,0.731445,0.731445,0.731445,0.731445,0.731445,0.731445,0.731445,0.731445,0.731445,0.731445,0.731445,0.731445,0.731445,0.731445,0.731445,0.731445,0.731445,0.731445,0.731445,0.731445,0.731445,0.731445,0.708008,0.708008,0.731445,0.731445,0.731445,0.731445,0.731445,0.731445,0.731445,0.731445,0.731445,0.731445,0.731445,0.731445,0.731445,0.723633,0.723633,0.723633,0.723633,0.723633,0.723633,0.739258,0.739258,0.739258,0.739258,0.739258,0.739258,0.739258,0.739258,0.739258,0.739258,0.739258,0.739258,0.739258,0.739258,0.739258,0.739258,0.739258,0.739258,0.739258,0.739258,0.739258,0.739258,0.739258,0.739258,0.739258,0.739258,0.739258,0.739258,0.739258,0.739258,0.739258,0.739258,0.739258,0.739258,0.739258,
0.677185,0.678162,0.678162,0.678162,0.678162,0.678162,0.693787,0.693787,0.678162,0.693787,0.693787,0.693787,0.693787,0.693787,0.693787,0.693787,0.693787,0.739685,0.739685,0.739685,0.741638,0.741638,0.741638,0.741638,0.741638,0.741638,0.741638,0.741638,0.741638,0.741638,0.741638,0.770935,0.741638,0.741638,0.741638,0.741638,0.741638,0.741638,0.741638,0.741638,0.741638,0.741638,0.741638,0.741638,0.741638,0.741638,0.741638,0.741638,0.741638,0.741638,0.741638,0.741638,0.741638,0.741638,0.741638,0.741638,0.741638,0.741638,0.741638,0.757263,0.741638,0.741638,0.741638,0.741638,0.741638,0.741638,0.741638,0.741638,0.757263,0.741638,0.679260,0.694885,0.716248,0.763123,0.740295,0.731873,0.731873,0.731873,0.770935,0.770935,0.770935,0.770935,0.770935,0.770935,0.770935,0.770935,0.770935,0.771423,0.771423,0.771423,0.771423,0.771423,0.708923,0.771423,0.771423,0.783142,0.751892,0.783142,0.783142,0.783142,0.814392,0.814392,0.814392,0.814392,0.814392,0.814392,0.814392,0.814392,0.814392,0.814392,0.814392,0.814392,0.822205,0.822205,0.822205,0.822205,0.822205,0.822205,0.822205,0.822205,0.822205,0.822205,0.822205,0.822205,0.822205,0.822205,0.822205,0.822205,0.822205,0.822205,0.822205,0.822205,0.822205,0.822205,0.822205,0.822205,0.822205,0.822205,0.822205,0.822205,0.833435,0.822205,0.822205,0.822205,0.822205,0.822205,0.822205,0.822205,0.822205,0.822205,0.822205,0.822205,0.822205,0.822205,0.822205,0.822205,0.822205,0.822205,0.822205,0.822205,0.822205,0.822205,0.822205,0.822205,0.822205,0.822205,0.822205,0.823669,0.824158,0.823669,0.823669,0.823669,0.824158,0.823669,0.823669,0.823669,0.823669,0.824158,0.823669,0.825623,0.823669,0.823669,0.823669,0.823669,0.823669,0.823669,0.823669,0.823669,0.823669,0.823669,0.823669,0.823669,0.823669,0.823669,0.823669,0.823669,0.823669,0.823669,0.823669,0.823669,0.823669,0.823669,0.823669,0.823669,0.823669,0.823669,0.823669,0.823669,0.823669,0.823669,0.823669,0.825623,0.825623,0.825623,0.825623,0.825623,0.825623,0.825623,0.825623,0.825623,0.825623,0.825623,0.825623,0.825623,0.825623,0.825623,0.825623,0.825623,0.825623,0.825623,0.825623,0.825623,0.825623,0.825623,0.825623,0.825623,0.825623,0.825623,0.825623,0.825623,0.825623,0.825623,0.825623,0.825623,0.825623,0.778748,0.778748,0.825623,0.825623,0.825623,0.825623,0.825623,0.825623,0.825623,0.825623,0.825623,0.825623,0.825623,0.825623,0.825623,0.817810,0.817810,0.817810,0.817810,0.817810,0.817810,0.880310,0.880310,0.880310,0.880310,0.880310,0.880310,0.880310,0.880310,0.880310,0.880310,0.880310,0.880310,0.880310,0.880310,0.880310,0.880310,0.880310,0.880310,0.880310,0.880310,0.880310,0.880310,0.880310,0.880310,0.880310,0.880310,0.880310,0.880310,0.880310,0.880310,0.880310,0.880310,0.880310,0.880310,0.880310,
