kBasicLog: 1
kBreedEdges: 1
kBreedGates: 1
kBreedSample: 4
kBreedType: 1
kChildren: 100
kEvaluations: 30000
kGens: 100
kLegalGateTypes: 1
kLog: 1
kLogIter: 0
kMaxGenStagnation: 300
kMessUp: 0
kMutatePercent: 5
kMutationMode: 2
kMutations: 16
kPruneOrphans: 1
kSaveDotGraphs: 1
kSeed: 0
kThreads: 4
kThreshold: 1000
kTruthWeight: 1
columns: 64
rows: 1,1,1,1,1,1,1,1,1,1,1,1,1,1,1,1,1,1,1,1,1,1,1,1,1,1,1,1,1,1,1,1,1,1,1,1,1,1,1,1,1,1,1,1,1,1,1,1,1,1,1,1,1,1,1,1,1,1,1,1,1,1,1,1
goal_correct_count: 256
goal_total_count: 2048
goal_total_weighted_count: 65536
~
gates_used: 33
total_count: 1470
total_weighted_count: 0
percent: 0.717773
weighted_percent: 0.000000
evaluations: 30100
~
1380,1404,1396,1404,1404,1404,1404,1404,1404,1404,1386,1402,1396,1394,1394,1450,1450,1450,1450,1450,1450,1426,1426,1426,1426,1442,1426,1426,1426,1426,1434,1428,1428,1420,1428,1428,1420,1424,1422,1436,1468,1436,1438,1456,1456,1450,1456,1456,1456,1456,1456,1450,1450,1450,1450,1434,1434,1434,1434,1450,1434,1434,1434,1434,1434,1434,1434,1434,1434,1434,1434,1434,1434,1434,1434,1434,1434,1434,1434,1434,1434,1434,1450,1434,1454,1454,1454,1454,1454,1454,1454,1454,1454,1454,1454,1454,1454,1454,1454,1454,1454,1454,1454,1454,1454,1454,1454,1454,1454,1462,1462,1462,1462,1462,1462,1462,1462,1462,1462,1462,1462,1462,1462,1462,1462,1462,1462,1462,1462,1462,1462,1462,1462,1462,1462,1462,1462,1462,1462,1462,1462,1462,1462,1462,1462,1462,1462,1462,1462,1462,1462,1462,1462,1462,1462,1462,1462,1462,1462,1462,1462,1462,1462,1462,1462,1462,1462,1462,1462,1462,1462,1462,1462,1462,1462,1462,1462,1462,1462,1462,1462,1462,1462,1462,1462,1462,1462,1462,1462,1462,1462,1462,1462,1462,1466,1462,1462,1462,1462,1462,1462,1462,1462,1462,1462,1462,1462,1462,1462,1462,1462,1462,1462,1462,1462,1462,1462,1462,1462,1462,1462,1462,1462,1462,1462,1462,1462,1462,1462,1462,1462,1462,1462,1462,1462,1462,1462,1462,1462,1462,1462,1462,1462,1462,1462,1462,1462,1462,1462,1462,1462,1462,1462,1462,1462,1462,1462,1462,1462,1462,1462,1462,1462,1462,1462,1462,1462,1462,1462,1462,1462,1462,1462,1462,1462,1462,1470,1470,1470,1470,1470,1470,1470,1470,1470,1470,1470,1470,1470,1470,1470,1470,1470,1470,1470,1470,1470,1470,1470,1470,1470,
44640,45408,45152,45408,45408,45408,45408,45408,45408,45408,44892,45404,45152,45148,45148,50012,50012,50012,50012,50012,50012,49244,49244,49244,49244,49756,49244,49244,49244,49244,49500,49248,49248,48992,49056,49248,48992,49000,49020,49504,50528,49504,49512,50024,50024,50012,50024,50024,50024,50024,50024,53084,53084,53084,53084,52572,52572,52572,52572,53084,52572,52572,52572,52572,52572,52572,52572,52572,52572,52572,52572,52572,52572,52572,52572,52572,52572,52572,52572,52572,52572,52572,53084,52572,53116,53116,53116,53116,53116,53116,53116,53116,53116,53116,53116,53116,53116,53116,53116,53116,53116,53116,53116,53116,53116,53116,53116,53116,53116,53244,53244,53244,53244,53244,53244,53244,53244,53244,53244,53244,53244,53244,53244,53244,53244,53244,53244,53244,53244,53244,53244,53244,53244,53244,53244,53244,53244,53244,53244,53244,53244,53244,53244,53244,53244,53244,53244,53244,53244,53244,53244,53244,53244,53244,53244,53244,53244,53244,53244,53244,53244,53244,53244,53244,53244,53244,53244,53244,53244,53244,53244,53244,53244,53244,53244,53244,53244,53244,53244,53244,53244,53244,53244,53244,53244,53244,53244,53244,53244,53244,53244,53244,53244,53244,53308,53244,53244,53244,53244,53244,53244,53244,53244,53244,53244,53244,53244,53244,53244,53244,53244,53244,53244,53244,53244,53244,53244,53244,53244,53244,53244,53244,53244,53244,53244,53244,53244,53244,53244,53244,53244,53244,53244,53244,53244,53244,53244,53244,53244,53244,53244,53244,53276,53244,53244,53244,53244,53244,53244,53244,53244,53244,53244,53244,53244,53244,53244,53244,53244,53244,53244,53244,53244,53244,53244,53244,53244,53244,53244,53244,53244,53244,53244,53244,53244,53244,53372,53372,53372,53372,53372,53372,53372,53372,53372,53372,53372,53372,53372,53372,53372,53372,53372,53372,53372,53372,53372,53372,53372,53372,53372,
0.673828,0.685547,0.681641,0.685547,0.685547,0.685547,0.685547,0.685547,0.685547,0.685547,0.676758,0.684570,0.681641,0.680664,0.680664,0.708008,0.708008,0.708008,0.708008,0.708008,0.708008,0.696289,0.696289,0.696289,0.696289,0.704102,0.696289,0.696289,0.696289,0.696289,0.700195,0.697266,0.697266,0.693359,0.697266,0.697266,0.693359,0.695312,0.694336,0.701172,0.716797,0.701172,0.702148,0.710938,0.710938,0.708008,0.710938,0.710938,0.710938,0.710938,0.710938,0.708008,0.708008,0.708008,0.708008,0.700195,0.700195,0.700195,0.700195,0.708008,0.700195,0.700195,0.700195,0.700195,0.700195,0.700195,0.700195,0.700195,0.700195,0.700195,0.700195,0.700195,0.700195,0.700195,0.700195,0.700195,0.700195,0.700195,0.700195,0.700195,0.700195,0.700195,0.708008,0.700195,0.709961,0.709961,0.709961,0.709961,0.709961,0.709961,0.709961,0.709961,0.709961,0.709961,0.709961,0.709961,0.709961,0.709961,0.709961,0.709961,0.709961,0.709961,0.709961,0.709961,0.709961,0.709961,0.709961,0.709961,0.709961,0.713867,0.713867,0.713867,0.713867,0.713867,0.713867,0.713867,0.713867,0.713867,0.713867,0.713867,0.713867,0.713867,0.713867,0.713867,0.713867,0.713867,0.713867,0.713867,0.713867,0.713867,0.713867,0.713867,0.713867,0.713867,0.713867,0.713867,0.713867,0.713867,0.713867,0.713867,0.713867,0.713867,0.713867,0.713867,0.713867,0.713867,0.713867,0.713867,0.713867,0.713867,0.713867,0.713867,0.713867,0.713867,0.713867,0.713867,0.713867,0.713867,0.713867,0.713867,0.713867,0.713867,0.713867,0.713867,0.713867,0.713867,0.713867,0.713867,0.713867,0.713867,0.713867,0.713867,0.713867,0.713867,0.713867,0.713867,0.713867,0.713867,0.713867,0.713867,0.713867,0.713867,0.713867,0.713867,0.713867,0.713867,0.713867,0.713867,0.713867,0.713867,0.713867,0.713867,0.713867,0.713867,0.715820,0.713867,0.713867,0.713867,0.713867,0.713867,0.713867,0.713867,0.713867,0.713867,0.713867,0.713867,0.713867,0.713867,0.713867,0.713867,0.713867,0.713867,0.713867,0.713867,0.713867,0.713867,0.713867,0.713867,0.713867,0.713867,0.713867,0.713867,0.713867,0.713867,0.713867,0.713867,0.713867,0.713867,0.713867,0.713867,0.713867,0.713867,0.713867,0.713867,0.713867,0.713867,0.713867,0.713867,0.713867,0.713867,0.713867,0.713867,0.713867,0.713867,0.713867,0.713867,0.713867,0.713867,0.713867,0.713867,0.713867,0.713867,0.713867,0.713867,0.713867,0.713867,0.713867,0.713867,0.713867,0.713867,0.713867,0.713867,0.713867,0.713867,0.713867,0.713867,0.713867,0.713867,0.713867,0.713867,0.713867,0.713867,0.713867,0.713867,0.713867,0.713867,0.717773,0.717773,0.717773,0.717773,0.717773,0.717773,0.717773,0.717773,0.717773,0.717773,0.717773,0.717773,0.717773,0.717773,0.717773,0.717773,0.717773,0.717773,0.717773,0.717773,0.717773,0.717773,0.717773,0.717773,0.717773,
0.681152,0.692871,0.688965,0.692871,0.692871,0.692871,0.692871,0.692871,0.692871,0.692871,0.684998,0.692810,0.688965,0.688904,0.688904,0.763123,0.763123,0.763123,0.763123,0.763123,0.763123,0.751404,0.751404,0.751404,0.751404,0.759216,0.751404,0.751404,0.751404,0.751404,0.755310,0.751465,0.751465,0.747559,0.748535,0.751465,0.747559,0.747681,0.747986,0.755371,0.770996,0.755371,0.755493,0.763306,0.763306,0.763123,0.763306,0.763306,0.763306,0.763306,0.763306,0.809998,0.809998,0.809998,0.809998,0.802185,0.802185,0.802185,0.802185,0.809998,0.802185,0.802185,0.802185,0.802185,0.802185,0.802185,0.802185,0.802185,0.802185,0.802185,0.802185,0.802185,0.802185,0.802185,0.802185,0.802185,0.802185,0.802185,0.802185,0.802185,0.802185,0.802185,0.809998,0.802185,0.810486,0.810486,0.810486,0.810486,0.810486,0.810486,0.810486,0.810486,0.810486,0.810486,0.810486,0.810486,0.810486,0.810486,0.810486,0.810486,0.810486,0.810486,0.810486,0.810486,0.810486,0.810486,0.810486,0.810486,0.810486,0.812439,0.812439,0.812439,0.812439,0.812439,0.812439,0.812439,0.812439,0.812439,0.812439,0.812439,0.812439,0.812439,0.812439,0.812439,0.812439,0.812439,0.812439,0.812439,0.812439,0.812439,0.812439,0.812439,0.812439,0.812439,0.812439,0.812439,0.812439,0.812439,0.812439,0.812439,0.812439,0.812439,0.812439,0.812439,0.812439,0.812439,0.812439,0.812439,0.812439,0.812439,0.812439,0.812439,0.812439,0.812439,0.812439,0.812439,0.812439,0.812439,0.812439,0.812439,0.812439,0.812439,0.812439,0.812439,0.812439,0.812439,0.812439,0.812439,0.812439,0.812439,0.812439,0.812439,0.812439,0.812439,0.812439,0.812439,0.812439,0.812439,0.812439,0.812439,0.812439,0.812439,0.812439,0.812439,0.812439,0.812439,0.812439,0.812439,0.812439,0.812439,0.812439,0.812439,0.812439,0.812439,0.813416,0.812439,0.812439,0.812439,0.812439,0.812439,0.812439,0.812439,0.812439,0.812439,0.812439,0.812439,0.812439,0.812439,0.812439,0.812439,0.812439,0.812439,0.812439,0.812439,0.812439,0.812439,0.812439,0.812439,0.812439,0.812439,0.812439,0.812439,0.812439,0.812439,0.812439,0.812439,0.812439,0.812439,0.812439,0.812439,0.812439,0.812439,0.812439,0.812439,0.812439,0.812439,0.812439,0.812439,0.812439,0.812439,0.812439,0.812439,0.812927,0.812439,0.812439,0.812439,0.812439,0.812439,0.812439,0.812439,0.812439,0.812439,0.812439,0.812439,0.812439,0.812439,0.812439,0.812439,0.812439,0.812439,0.812439,0.812439,0.812439,0.812439,0.812439,0.812439,0.812439,0.812439,0.812439,0.812439,0.812439,0.812439,0.812439,0.812439,0.812439,0.812439,0.814392,0.814392,0.814392,0.814392,0.814392,0.814392,0.814392,0.814392,0.814392,0.814392,0.814392,0.814392,0.814392,0.814392,0.814392,0.814392,0.814392,0.814392,0.814392,0.814392,0.814392,0.814392,0.814392,0.814392,0.814392,
