kBasicLog: 1
kBreedEdges: 1
kBreedGates: 1
kBreedSample: 4
kBreedType: 1
kChildren: 100
kEvaluations: 30000
kGens: 100
kLegalGateTypes: 1
kLog: 1
kLogIter: 3
kMaxGenStagnation: 300
kMessUp: 0
kMutatePercent: 5
kMutationMode: 2
kMutations: 16
kPruneOrphans: 1
kSaveDotGraphs: 1
kSeed: 0
kThreads: 4
kThreshold: 1000
kTruthWeight: 1
columns: 13
rows: 5,5,5,5,5,5,5,5,5,5,5,5,4
goal_correct_count: 256
goal_total_count: 2048
goal_total_weighted_count: 65536
~
gates_used: 21
total_count: 1588
total_weighted_count: 0
percent: 0.775391
weighted_percent: 0.000000
evaluations: 30100
~
1448,1448,1446,1446,1460,1460,1494,1462,1462,1462,1462,1462,1454,1446,1464,1454,1470,1472,1474,1468,1468,1468,1468,1472,1476,1492,1492,1492,1500,1502,1500,1500,1500,1500,1500,1504,1504,1506,1506,1506,1508,1502,1502,1502,1502,1510,1506,1506,1504,1504,1500,1502,1502,1502,1502,1502,1502,1502,1502,1502,1502,1502,1484,1484,1488,1486,1484,1480,1480,1492,1494,1500,1500,1500,1500,1490,1490,1498,1472,1484,1478,1480,1484,1496,1478,1484,1472,1490,1494,1486,1498,1500,1506,1462,1468,1474,1466,1494,1460,1462,1462,1462,1446,1448,1468,1478,1460,1486,1450,1450,1464,1474,1476,1468,1466,1470,1470,1470,1466,1470,1468,1468,1458,1472,1478,1470,1474,1470,1474,1474,1480,1480,1472,1490,1492,1492,1492,1492,1492,1504,1492,1492,1494,1494,1492,1486,1490,1484,1484,1484,1488,1484,1484,1482,1482,1478,1494,1502,1486,1496,1530,1496,1496,1498,1498,1498,1498,1498,1500,1504,1496,1496,1496,1494,1496,1496,1500,1500,1494,1490,1498,1508,1502,1502,1528,1502,1508,1506,1510,1504,1504,1504,1514,1508,1516,1510,1542,1508,1524,1524,1550,1560,1560,1560,1560,1560,1556,1564,1564,1564,1564,1566,1570,1570,1570,1570,1582,1582,1588,1588,1602,1588,1586,1586,1586,1586,1588,1586,1586,1586,1586,1586,1590,1590,1590,1590,1592,1592,1598,1592,1592,1592,1592,1592,1592,1592,1592,1592,1592,1592,1592,1592,1592,1592,1592,1594,1592,1592,1592,1592,1592,1592,1592,1592,1592,1598,1592,1592,1592,1592,1592,1592,1592,1592,1592,1592,1594,1596,1594,1594,1594,1594,1594,1594,1594,1594,1594,1594,1594,1594,1594,1594,1594,1594,1590,1590,1590,1590,1590,1588,1588,
49088,49088,49056,49056,49062,49062,51270,49078,49078,49078,49078,49478,48966,49340,49166,48966,49494,49482,50164,50172,50172,50172,50172,50556,50492,51516,51516,51516,51526,51558,51526,51526,51526,51526,51612,51590,51590,51622,51622,51622,51652,51494,51494,51494,51494,51654,51622,51622,51590,51590,51600,51632,51632,51632,51632,51632,51632,51632,51632,51632,51632,51632,50860,50860,50864,50862,50830,50684,50684,51080,51338,51092,51092,51092,51092,50916,50916,50948,51378,52160,52332,52252,52508,55292,52568,52508,52528,52768,53024,51894,52326,52342,52358,48188,47926,51312,49808,52432,48452,48336,48336,48336,47056,47072,49452,50192,49116,54156,49046,49046,50286,50302,50304,50158,50142,50160,50160,50160,50142,50160,50158,50158,49128,51052,51192,50160,50288,50160,50288,50288,51304,51304,51048,51576,51584,51584,51584,51584,51584,54632,51584,51584,51592,51592,51356,51336,51568,51320,51320,51320,51324,51320,51320,51312,51312,51308,55148,55124,54948,55112,55424,55112,55112,55174,55174,55174,55174,55174,55176,55192,55108,55164,55280,55058,55266,55266,55394,55274,55276,55150,55278,55416,55404,55404,55876,55404,55452,55450,55456,55408,55420,55408,55472,55440,55680,55428,55838,55410,55468,55468,56816,56808,56808,56808,56808,56808,57812,58068,58068,58068,58068,58076,58080,58080,58080,58080,59096,59096,59344,59344,60360,59344,59336,59336,59336,59336,59344,59336,59336,59336,59336,59336,59344,59344,59344,59344,59352,59352,59920,59352,59352,59352,59352,59352,59352,59352,59352,59352,59352,59352,59352,59352,59352,59352,59352,59356,59352,59352,59352,59352,59352,59352,59352,59352,59352,59376,59352,59352,59352,59352,59352,59352,59352,59352,59352,59352,59360,59376,59360,59360,59360,59360,59360,59360,59360,59360,59360,59360,59360,59360,59360,59360,59360,59360,59344,59344,59344,59344,59368,59336,59336,
0.707031,0.707031,0.706055,0.706055,0.712891,0.712891,0.729492,0.713867,0.713867,0.713867,0.713867,0.713867,0.709961,0.706055,0.714844,0.709961,0.717773,0.718750,0.719727,0.716797,0.716797,0.716797,0.716797,0.718750,0.720703,0.728516,0.728516,0.728516,0.732422,0.733398,0.732422,0.732422,0.732422,0.732422,0.732422,0.734375,0.734375,0.735352,0.735352,0.735352,0.736328,0.733398,0.733398,0.733398,0.733398,0.737305,0.735352,0.735352,0.734375,0.734375,0.732422,0.733398,0.733398,0.733398,0.733398,0.733398,0.733398,0.733398,0.733398,0.733398,0.733398,0.733398,0.724609,0.724609,0.726562,0.725586,0.724609,0.722656,0.722656,0.728516,0.729492,0.732422,0.732422,0.732422,0.732422,0.727539,0.727539,0.731445,0.718750,0.724609,0.721680,0.722656,0.724609,0.730469,0.721680,0.724609,0.718750,0.727539,0.729492,0.725586,0.731445,0.732422,0.735352,0.713867,0.716797,0.719727,0.715820,0.729492,0.712891,0.713867,0.713867,0.713867,0.706055,0.707031,0.716797,0.721680,0.712891,0.725586,0.708008,0.708008,0.714844,0.719727,0.720703,0.716797,0.715820,0.717773,0.717773,0.717773,0.715820,0.717773,0.716797,0.716797,0.711914,0.718750,0.721680,0.717773,0.719727,0.717773,0.719727,0.719727,0.722656,0.722656,0.718750,0.727539,0.728516,0.728516,0.728516,0.728516,0.728516,0.734375,0.728516,0.728516,0.729492,0.729492,0.728516,0.725586,0.727539,0.724609,0.724609,0.724609,0.726562,0.724609,0.724609,0.723633,0.723633,0.721680,0.729492,0.733398,0.725586,0.730469,0.747070,0.730469,0.730469,0.731445,0.731445,0.731445,0.731445,0.731445,0.732422,0.734375,0.730469,0.730469,0.730469,0.729492,0.730469,0.730469,0.732422,0.732422,0.729492,0.727539,0.731445,0.736328,0.733398,0.733398,0.746094,0.733398,0.736328,0.735352,0.737305,0.734375,0.734375,0.734375,0.739258,0.736328,0.740234,0.737305,0.752930,0.736328,0.744141,0.744141,0.756836,0.761719,0.761719,0.761719,0.761719,0.761719,0.759766,0.763672,0.763672,0.763672,0.763672,0.764648,0.766602,0.766602,0.766602,0.766602,0.772461,0.772461,0.775391,0.775391,0.782227,0.775391,0.774414,0.774414,0.774414,0.774414,0.775391,0.774414,0.774414,0.774414,0.774414,0.774414,0.776367,0.776367,0.776367,0.776367,0.777344,0.777344,0.780273,0.777344,0.777344,0.777344,0.777344,0.777344,0.777344,0.777344,0.777344,0.777344,0.777344,0.777344,0.777344,0.777344,0.777344,0.777344,0.777344,0.778320,0.777344,0.777344,0.777344,0.777344,0.777344,0.777344,0.777344,0.777344,0.777344,0.780273,0.777344,0.777344,0.777344,0.777344,0.777344,0.777344,0.777344,0.777344,0.777344,0.777344,0.778320,0.779297,0.778320,0.778320,0.778320,0.778320,0.778320,0.778320,0.778320,0.778320,0.778320,0.778320,0.778320,0.778320,0.778320,0.778320,0.778320,0.778320,0.776367,0.776367,0.776367,0.776367,0.776367,0.775391,0.775391,
0.749023,0.749023,0.748535,0.748535,0.748627,0.748627,0.782318,0.748871,0.748871,0.748871,0.748871,0.754974,0.747162,0.752869,0.750214,0.747162,0.755219,0.755035,0.765442,0.765564,0.765564,0.765564,0.765564,0.771423,0.770447,0.786072,0.786072,0.786072,0.786224,0.786713,0.786224,0.786224,0.786224,0.786224,0.787537,0.787201,0.787201,0.787689,0.787689,0.787689,0.788147,0.785736,0.785736,0.785736,0.785736,0.788177,0.787689,0.787689,0.787201,0.787201,0.787354,0.787842,0.787842,0.787842,0.787842,0.787842,0.787842,0.787842,0.787842,0.787842,0.787842,0.787842,0.776062,0.776062,0.776123,0.776093,0.775604,0.773376,0.773376,0.779419,0.783356,0.779602,0.779602,0.779602,0.779602,0.776917,0.776917,0.777405,0.783966,0.795898,0.798523,0.797302,0.801208,0.843689,0.802124,0.801208,0.801514,0.805176,0.809082,0.791840,0.798431,0.798676,0.798920,0.735291,0.731293,0.782959,0.760010,0.800049,0.739319,0.737549,0.737549,0.737549,0.718018,0.718262,0.754578,0.765869,0.749451,0.826355,0.748383,0.748383,0.767303,0.767548,0.767578,0.765350,0.765106,0.765381,0.765381,0.765381,0.765106,0.765381,0.765350,0.765350,0.749634,0.778992,0.781128,0.765381,0.767334,0.765381,0.767334,0.767334,0.782837,0.782837,0.778931,0.786987,0.787109,0.787109,0.787109,0.787109,0.787109,0.833618,0.787109,0.787109,0.787231,0.787231,0.783630,0.783325,0.786865,0.783081,0.783081,0.783081,0.783142,0.783081,0.783081,0.782959,0.782959,0.782898,0.841492,0.841125,0.838440,0.840942,0.845703,0.840942,0.840942,0.841888,0.841888,0.841888,0.841888,0.841888,0.841919,0.842163,0.840881,0.841736,0.843506,0.840118,0.843292,0.843292,0.845245,0.843414,0.843445,0.841522,0.843475,0.845581,0.845398,0.845398,0.852600,0.845398,0.846130,0.846100,0.846191,0.845459,0.845642,0.845459,0.846436,0.845947,0.849609,0.845764,0.852020,0.845490,0.846375,0.846375,0.866943,0.866821,0.866821,0.866821,0.866821,0.866821,0.882141,0.886047,0.886047,0.886047,0.886047,0.886169,0.886230,0.886230,0.886230,0.886230,0.901733,0.901733,0.905518,0.905518,0.921021,0.905518,0.905396,0.905396,0.905396,0.905396,0.905518,0.905396,0.905396,0.905396,0.905396,0.905396,0.905518,0.905518,0.905518,0.905518,0.905640,0.905640,0.914307,0.905640,0.905640,0.905640,0.905640,0.905640,0.905640,0.905640,0.905640,0.905640,0.905640,0.905640,0.905640,0.905640,0.905640,0.905640,0.905640,0.905701,0.905640,0.905640,0.905640,0.905640,0.905640,0.905640,0.905640,0.905640,0.905640,0.906006,0.905640,0.905640,0.905640,0.905640,0.905640,0.905640,0.905640,0.905640,0.905640,0.905640,0.905762,0.906006,0.905762,0.905762,0.905762,0.905762,0.905762,0.905762,0.905762,0.905762,0.905762,0.905762,0.905762,0.905762,0.905762,0.905762,0.905762,0.905762,0.905518,0.905518,0.905518,0.905518,0.905884,0.905396,0.905396,
