kBasicLog: 1
kBreedEdges: 1
kBreedGates: 1
kBreedSample: 4
kBreedType: 1
kChildren: 100
kEvaluations: 30000
kGens: 100
kLegalGateTypes: 1
kLog: 1
kLogIter: 0
kMaxGenStagnation: 300
kMessUp: 0
kMutatePercent: 5
kMutationMode: 2
kMutations: 16
kPruneOrphans: 1
kSaveDotGraphs: 1
kSeed: 0
kThreads: 4
kThreshold: 1000
kTruthWeight: 1
columns: 13
rows: 5,5,5,5,5,5,5,5,5,5,5,5,4
goal_correct_count: 256
goal_total_count: 2048
goal_total_weighted_count: 65536
~
gates_used: 15
total_count: 1576
total_weighted_count: 0
percent: 0.769531
weighted_percent: 0.000000
evaluations: 30100
~
1452,1430,1508,1412,1418,1462,1508,1500,1520,1508,1504,1512,1516,1524,1524,1528,1524,1524,1524,1524,1532,1532,1532,1532,1534,1532,1534,1534,1534,1534,1534,1534,1534,1534,1536,1534,1534,1540,1540,1540,1540,1540,1540,1540,1540,1540,1540,1540,1540,1540,1540,1540,1540,1540,1540,1540,1540,1540,1540,1540,1540,1540,1548,1548,1548,1548,1548,1546,1546,1546,1532,1530,1536,1530,1536,1530,1530,1532,1530,1530,1550,1552,1534,1540,1534,1542,1534,1538,1538,1536,1542,1542,1546,1548,1542,1544,1542,1542,1544,1544,1544,1524,1563,1544,1548,1550,1520,1512,1498,1498,1498,1498,1498,1504,1504,1504,1504,1506,1506,1506,1506,1506,1506,1506,1510,1506,1506,1502,1512,1498,1540,1498,1506,1498,1498,1500,1500,1498,1498,1498,1504,1500,1508,1500,1500,1502,1504,1504,1502,1502,1504,1512,1510,1510,1510,1510,1510,1512,1508,1528,1514,1514,1524,1532,1516,1522,1516,1516,1516,1538,1512,1524,1524,1524,1524,1524,1524,1524,1524,1528,1524,1548,1548,1552,1550,1550,1546,1546,1546,1546,1550,1546,1546,1546,1546,1548,1548,1548,1546,1546,1546,1546,1546,1558,1546,1546,1546,1546,1546,1546,1528,1528,1542,1542,1542,1534,1538,1530,1530,1530,1542,1542,1542,1550,1542,1542,1538,1544,1540,1548,1558,1552,1552,1552,1552,1552,1560,1564,1562,1566,1566,1568,1568,1574,1572,1572,1570,1570,1576,1576,1576,1576,1576,1576,1576,1576,1576,1576,1576,1576,1576,1576,1576,1576,1576,1584,1576,1576,1576,1576,1576,1576,1576,1576,1576,1584,1578,1576,1576,1576,1576,1576,1576,1576,1576,1576,1576,1576,1576,1576,1576,1576,1576,1576,1576,1576,1576,1576,1576,1576,1576,
47632,46204,55750,45398,46172,50460,55588,55268,55732,55476,55348,55548,55612,55868,55868,55900,55868,55868,55868,55868,55996,55996,55996,55996,56012,56060,56012,56012,56012,56012,56012,56012,56012,56012,56028,56012,56012,56060,56060,56060,56060,56060,56060,56060,56060,56060,56060,56060,56060,56060,56060,56060,56060,56060,56060,56060,56060,56060,56060,56060,56060,56060,56112,56112,56112,56112,56112,56104,56104,56104,55608,55592,55598,55592,55640,55592,55592,55594,55592,55592,56232,56012,55912,56196,55912,55976,55912,56040,56040,56144,56168,56168,56184,56204,56168,56232,56168,56168,56184,56184,56184,56212,56210,56184,56204,56220,55584,55440,55740,55740,55740,55740,55740,55774,55774,55774,55774,55782,55782,55782,55782,55782,55782,55782,55846,55782,55782,55718,55806,56156,58988,56156,56284,56156,56156,56164,56164,56156,56156,56156,56180,56164,56268,56164,56164,56172,56228,56228,56220,56220,56228,56484,56476,56476,56476,56476,56476,56492,56474,57508,56540,56540,57324,57580,56556,56580,56556,56556,56556,56936,56492,56780,56568,56568,56568,56568,56568,56568,56568,56600,56568,57012,57012,57100,57036,57036,57032,57128,57032,57032,57480,57032,57032,57032,57032,57040,57040,57040,57032,57032,57032,57032,57032,57360,57032,57032,57032,57032,57032,57032,56552,56520,56848,57976,57976,57880,57980,57884,57884,57884,58044,58044,58044,58172,58044,58044,58076,57832,57800,58056,58192,58096,58096,58096,58096,58096,59120,59208,59484,59500,59216,59220,59220,59340,59336,59336,59740,59740,59764,59764,59764,59764,59764,59764,59764,59764,59764,59764,59764,59764,59764,59764,59764,59764,59764,60020,59764,59764,59764,59764,59764,59764,59764,59764,59764,60020,59768,59764,59764,59764,59764,59764,59764,59764,59764,59764,59764,59764,59764,59764,59764,59764,59764,59764,59764,59764,59764,59764,59764,59764,59764,
0.708984,0.698242,0.736328,0.689453,0.692383,0.713867,0.736328,0.732422,0.742188,0.736328,0.734375,0.738281,0.740234,0.744141,0.744141,0.746094,0.744141,0.744141,0.744141,0.744141,0.748047,0.748047,0.748047,0.748047,0.749023,0.748047,0.749023,0.749023,0.749023,0.749023,0.749023,0.749023,0.749023,0.749023,0.750000,0.749023,0.749023,0.751953,0.751953,0.751953,0.751953,0.751953,0.751953,0.751953,0.751953,0.751953,0.751953,0.751953,0.751953,0.751953,0.751953,0.751953,0.751953,0.751953,0.751953,0.751953,0.751953,0.751953,0.751953,0.751953,0.751953,0.751953,0.755859,0.755859,0.755859,0.755859,0.755859,0.754883,0.754883,0.754883,0.748047,0.747070,0.750000,0.747070,0.750000,0.747070,0.747070,0.748047,0.747070,0.747070,0.756836,0.757812,0.749023,0.751953,0.749023,0.752930,0.749023,0.750977,0.750977,0.750000,0.752930,0.752930,0.754883,0.755859,0.752930,0.753906,0.752930,0.752930,0.753906,0.753906,0.753906,0.744141,0.763184,0.753906,0.755859,0.756836,0.742188,0.738281,0.731445,0.731445,0.731445,0.731445,0.731445,0.734375,0.734375,0.734375,0.734375,0.735352,0.735352,0.735352,0.735352,0.735352,0.735352,0.735352,0.737305,0.735352,0.735352,0.733398,0.738281,0.731445,0.751953,0.731445,0.735352,0.731445,0.731445,0.732422,0.732422,0.731445,0.731445,0.731445,0.734375,0.732422,0.736328,0.732422,0.732422,0.733398,0.734375,0.734375,0.733398,0.733398,0.734375,0.738281,0.737305,0.737305,0.737305,0.737305,0.737305,0.738281,0.736328,0.746094,0.739258,0.739258,0.744141,0.748047,0.740234,0.743164,0.740234,0.740234,0.740234,0.750977,0.738281,0.744141,0.744141,0.744141,0.744141,0.744141,0.744141,0.744141,0.744141,0.746094,0.744141,0.755859,0.755859,0.757812,0.756836,0.756836,0.754883,0.754883,0.754883,0.754883,0.756836,0.754883,0.754883,0.754883,0.754883,0.755859,0.755859,0.755859,0.754883,0.754883,0.754883,0.754883,0.754883,0.760742,0.754883,0.754883,0.754883,0.754883,0.754883,0.754883,0.746094,0.746094,0.752930,0.752930,0.752930,0.749023,0.750977,0.747070,0.747070,0.747070,0.752930,0.752930,0.752930,0.756836,0.752930,0.752930,0.750977,0.753906,0.751953,0.755859,0.760742,0.757812,0.757812,0.757812,0.757812,0.757812,0.761719,0.763672,0.762695,0.764648,0.764648,0.765625,0.765625,0.768555,0.767578,0.767578,0.766602,0.766602,0.769531,0.769531,0.769531,0.769531,0.769531,0.769531,0.769531,0.769531,0.769531,0.769531,0.769531,0.769531,0.769531,0.769531,0.769531,0.769531,0.769531,0.773438,0.769531,0.769531,0.769531,0.769531,0.769531,0.769531,0.769531,0.769531,0.769531,0.773438,0.770508,0.769531,0.769531,0.769531,0.769531,0.769531,0.769531,0.769531,0.769531,0.769531,0.769531,0.769531,0.769531,0.769531,0.769531,0.769531,0.769531,0.769531,0.769531,0.769531,0.769531,0.769531,0.769531,0.769531,0.769531,
0.726807,0.705017,0.850677,0.692719,0.704529,0.769958,0.848206,0.843323,0.850403,0.846497,0.844543,0.847595,0.848572,0.852478,0.852478,0.852966,0.852478,0.852478,0.852478,0.852478,0.854431,0.854431,0.854431,0.854431,0.854675,0.855408,0.854675,0.854675,0.854675,0.854675,0.854675,0.854675,0.854675,0.854675,0.854919,0.854675,0.854675,0.855408,0.855408,0.855408,0.855408,0.855408,0.855408,0.855408,0.855408,0.855408,0.855408,0.855408,0.855408,0.855408,0.855408,0.855408,0.855408,0.855408,0.855408,0.855408,0.855408,0.855408,0.855408,0.855408,0.855408,0.855408,0.856201,0.856201,0.856201,0.856201,0.856201,0.856079,0.856079,0.856079,0.848511,0.848267,0.848358,0.848267,0.848999,0.848267,0.848267,0.848297,0.848267,0.848267,0.858032,0.854675,0.853149,0.857483,0.853149,0.854126,0.853149,0.855103,0.855103,0.856689,0.857056,0.857056,0.857300,0.857605,0.857056,0.858032,0.857056,0.857056,0.857300,0.857300,0.857300,0.857727,0.857697,0.857300,0.857605,0.857849,0.848145,0.845947,0.850525,0.850525,0.850525,0.850525,0.850525,0.851044,0.851044,0.851044,0.851044,0.851166,0.851166,0.851166,0.851166,0.851166,0.851166,0.851166,0.852142,0.851166,0.851166,0.850189,0.851532,0.856873,0.900085,0.856873,0.858826,0.856873,0.856873,0.856995,0.856995,0.856873,0.856873,0.856873,0.857239,0.856995,0.858582,0.856995,0.856995,0.857117,0.857971,0.857971,0.857849,0.857849,0.857971,0.861877,0.861755,0.861755,0.861755,0.861755,0.861755,0.862000,0.861725,0.877502,0.862732,0.862732,0.874695,0.878601,0.862976,0.863342,0.862976,0.862976,0.862976,0.868774,0.862000,0.866394,0.863159,0.863159,0.863159,0.863159,0.863159,0.863159,0.863159,0.863647,0.863159,0.869934,0.869934,0.871277,0.870300,0.870300,0.870239,0.871704,0.870239,0.870239,0.877075,0.870239,0.870239,0.870239,0.870239,0.870361,0.870361,0.870361,0.870239,0.870239,0.870239,0.870239,0.870239,0.875244,0.870239,0.870239,0.870239,0.870239,0.870239,0.870239,0.862915,0.862427,0.867432,0.884644,0.884644,0.883179,0.884705,0.883240,0.883240,0.883240,0.885681,0.885681,0.885681,0.887634,0.885681,0.885681,0.886169,0.882446,0.881958,0.885864,0.887939,0.886475,0.886475,0.886475,0.886475,0.886475,0.902100,0.903442,0.907654,0.907898,0.903564,0.903625,0.903625,0.905457,0.905396,0.905396,0.911560,0.911560,0.911926,0.911926,0.911926,0.911926,0.911926,0.911926,0.911926,0.911926,0.911926,0.911926,0.911926,0.911926,0.911926,0.911926,0.911926,0.911926,0.911926,0.915833,0.911926,0.911926,0.911926,0.911926,0.911926,0.911926,0.911926,0.911926,0.911926,0.915833,0.911987,0.911926,0.911926,0.911926,0.911926,0.911926,0.911926,0.911926,0.911926,0.911926,0.911926,0.911926,0.911926,0.911926,0.911926,0.911926,0.911926,0.911926,0.911926,0.911926,0.911926,0.911926,0.911926,0.911926,0.911926,
