kBasicLog: 1
kBreedEdges: 1
kBreedGates: 1
kBreedSample: 4
kBreedType: 1
kChildren: 100
kEvaluations: 30000
kGens: 100
kLegalGateTypes: 1
kLog: 1
kLogIter: 0
kMaxGenStagnation: 300
kMessUp: 0
kMutatePercent: 5
kMutationMode: 2
kMutations: 16
kPruneOrphans: 1
kSaveDotGraphs: 1
kSeed: 0
kThreads: 4
kThreshold: 1000
kTruthWeight: 1
columns: 11
rows: 6,6,6,6,6,6,6,6,6,6,4
goal_correct_count: 256
goal_total_count: 2048
goal_total_weighted_count: 65536
~
gates_used: 36
total_count: 1620
total_weighted_count: 0
percent: 0.791016
weighted_percent: 0.000000
evaluations: 30100
~
1414,1444,1430,1450,1450,1450,1454,1430,1426,1464,1456,1456,1448,1460,1466,1504,1466,1466,1476,1492,1484,1484,1494,1496,1500,1500,1500,1518,1498,1498,1476,1498,1494,1490,1492,1490,1492,1488,1500,1496,1500,1500,1498,1512,1508,1522,1528,1526,1528,1538,1514,1514,1524,1530,1538,1538,1538,1536,1528,1532,1532,1528,1544,1544,1540,1544,1552,1544,1544,1540,1540,1552,1550,1550,1556,1556,1556,1556,1568,1556,1556,1556,1556,1556,1548,1550,1550,1550,1550,1550,1560,1562,1562,1562,1562,1562,1572,1572,1564,1564,1564,1568,1564,1564,1568,1564,1564,1564,1556,1564,1568,1568,1568,1578,1576,1566,1568,1568,1568,1568,1570,1570,1570,1570,1568,1564,1564,1586,1586,1590,1590,1596,1596,1600,1596,1598,1594,1594,1586,1586,1586,1586,1594,1590,1586,1592,1586,1590,1590,1596,1590,1590,1590,1598,1590,1586,1586,1586,1586,1586,1584,1584,1584,1586,1586,1592,1590,1590,1588,1596,1596,1596,1596,1600,1596,1596,1596,1596,1600,1598,1600,1600,1598,1600,1600,1600,1596,1596,1598,1598,1598,1598,1598,1598,1598,1598,1598,1598,1598,1602,1600,1600,1592,1592,1590,1590,1598,1598,1600,1600,1600,1608,1612,1612,1612,1612,1612,1612,1612,1612,1612,1612,1612,1612,1612,1612,1612,1612,1612,1612,1612,1616,1616,1616,1616,1616,1616,1616,1616,1616,1616,1616,1616,1616,1612,1614,1614,1610,1612,1614,1614,1604,1614,1614,1612,1612,1616,1616,1620,1612,1612,1616,1612,1612,1606,1608,1608,1608,1612,1610,1610,1610,1614,1618,1618,1618,1618,1618,1618,1618,1618,1618,1618,1618,1622,1618,1616,1616,1616,1616,1604,1608,1616,1616,1618,1616,1616,1618,1618,1618,1620,
46148,49612,47172,48420,48420,48420,50180,48900,48836,50952,49600,49668,49604,50626,50632,51724,50684,50632,51696,52812,52322,52322,52334,52338,52360,53328,53328,54356,53076,53076,54520,54288,52816,52752,52756,52752,54560,54806,54884,54878,54942,54942,54952,55732,55732,56676,57020,56892,56772,57292,56948,56948,57316,57348,57412,57412,57412,57588,57332,57572,57572,57332,57844,57844,57828,57844,57972,57844,57844,57828,57828,58020,57908,57908,57924,57924,57924,57924,58124,57988,57988,57988,57988,57988,57860,57864,57864,57864,57864,57864,57912,57944,57944,57944,57944,57944,58008,58008,57752,57752,57752,58004,57752,57752,57880,57752,57752,57752,57496,57752,57880,57880,57880,58260,58056,57944,57880,57880,57880,57880,57882,57882,57882,57882,57936,57844,57844,59540,59540,59572,59572,59732,59732,59860,59732,59856,59792,59792,59760,59760,59760,59760,59840,59776,59760,59766,59760,59764,59764,59776,59764,59764,59764,59792,59764,59732,59732,59732,59732,59732,59724,59724,59724,59728,59728,59752,59744,59748,59740,59748,59748,59748,59748,59928,59748,59748,59748,59748,59780,59832,59768,59768,59866,59768,59768,59768,59704,59704,59832,59832,59832,59832,59832,59832,59832,59832,59832,59832,59832,59896,59848,59848,59840,59840,59824,59824,59832,59832,59840,59840,59840,59820,59852,59852,59852,59852,59852,59852,59852,59852,59852,59852,59852,59852,59852,59852,59852,59852,59852,59852,59852,59868,59868,59868,59868,59868,59868,59868,59868,59868,59868,59868,59868,59868,59804,59836,59836,59772,59828,59836,59836,59980,59836,59836,59804,59828,59868,59868,59900,59804,59852,59868,59852,59804,59840,59788,59788,59788,59828,59796,59796,59828,59860,59916,59916,59916,59916,59916,59916,59916,59916,59916,59916,59916,59924,59916,59884,59884,59884,59884,59904,59912,59860,59860,59892,59860,59860,59892,59892,59892,59900,
0.690430,0.705078,0.698242,0.708008,0.708008,0.708008,0.709961,0.698242,0.696289,0.714844,0.710938,0.710938,0.707031,0.712891,0.715820,0.734375,0.715820,0.715820,0.720703,0.728516,0.724609,0.724609,0.729492,0.730469,0.732422,0.732422,0.732422,0.741211,0.731445,0.731445,0.720703,0.731445,0.729492,0.727539,0.728516,0.727539,0.728516,0.726562,0.732422,0.730469,0.732422,0.732422,0.731445,0.738281,0.736328,0.743164,0.746094,0.745117,0.746094,0.750977,0.739258,0.739258,0.744141,0.747070,0.750977,0.750977,0.750977,0.750000,0.746094,0.748047,0.748047,0.746094,0.753906,0.753906,0.751953,0.753906,0.757812,0.753906,0.753906,0.751953,0.751953,0.757812,0.756836,0.756836,0.759766,0.759766,0.759766,0.759766,0.765625,0.759766,0.759766,0.759766,0.759766,0.759766,0.755859,0.756836,0.756836,0.756836,0.756836,0.756836,0.761719,0.762695,0.762695,0.762695,0.762695,0.762695,0.767578,0.767578,0.763672,0.763672,0.763672,0.765625,0.763672,0.763672,0.765625,0.763672,0.763672,0.763672,0.759766,0.763672,0.765625,0.765625,0.765625,0.770508,0.769531,0.764648,0.765625,0.765625,0.765625,0.765625,0.766602,0.766602,0.766602,0.766602,0.765625,0.763672,0.763672,0.774414,0.774414,0.776367,0.776367,0.779297,0.779297,0.781250,0.779297,0.780273,0.778320,0.778320,0.774414,0.774414,0.774414,0.774414,0.778320,0.776367,0.774414,0.777344,0.774414,0.776367,0.776367,0.779297,0.776367,0.776367,0.776367,0.780273,0.776367,0.774414,0.774414,0.774414,0.774414,0.774414,0.773438,0.773438,0.773438,0.774414,0.774414,0.777344,0.776367,0.776367,0.775391,0.779297,0.779297,0.779297,0.779297,0.781250,0.779297,0.779297,0.779297,0.779297,0.781250,0.780273,0.781250,0.781250,0.780273,0.781250,0.781250,0.781250,0.779297,0.779297,0.780273,0.780273,0.780273,0.780273,0.780273,0.780273,0.780273,0.780273,0.780273,0.780273,0.780273,0.782227,0.781250,0.781250,0.777344,0.777344,0.776367,0.776367,0.780273,0.780273,0.781250,0.781250,0.781250,0.785156,0.787109,0.787109,0.787109,0.787109,0.787109,0.787109,0.787109,0.787109,0.787109,0.787109,0.787109,0.787109,0.787109,0.787109,0.787109,0.787109,0.787109,0.787109,0.787109,0.789062,0.789062,0.789062,0.789062,0.789062,0.789062,0.789062,0.789062,0.789062,0.789062,0.789062,0.789062,0.789062,0.787109,0.788086,0.788086,0.786133,0.787109,0.788086,0.788086,0.783203,0.788086,0.788086,0.787109,0.787109,0.789062,0.789062,0.791016,0.787109,0.787109,0.789062,0.787109,0.787109,0.784180,0.785156,0.785156,0.785156,0.787109,0.786133,0.786133,0.786133,0.788086,0.790039,0.790039,0.790039,0.790039,0.790039,0.790039,0.790039,0.790039,0.790039,0.790039,0.790039,0.791992,0.790039,0.789062,0.789062,0.789062,0.789062,0.783203,0.785156,0.789062,0.789062,0.790039,0.789062,0.789062,0.790039,0.790039,0.790039,0.791016,
0.704163,0.757019,0.719788,0.738831,0.738831,0.738831,0.765686,0.746155,0.745178,0.777466,0.756836,0.757874,0.756897,0.772491,0.772583,0.789246,0.773376,0.772583,0.788818,0.805847,0.798370,0.798370,0.798553,0.798615,0.798950,0.813721,0.813721,0.829407,0.809875,0.809875,0.831909,0.828369,0.805908,0.804932,0.804993,0.804932,0.832520,0.836273,0.837463,0.837372,0.838348,0.838348,0.838501,0.850403,0.850403,0.864807,0.870056,0.868103,0.866272,0.874207,0.868958,0.868958,0.874573,0.875061,0.876038,0.876038,0.876038,0.878723,0.874817,0.878479,0.878479,0.874817,0.882629,0.882629,0.882385,0.882629,0.884583,0.882629,0.882629,0.882385,0.882385,0.885315,0.883606,0.883606,0.883850,0.883850,0.883850,0.883850,0.886902,0.884827,0.884827,0.884827,0.884827,0.884827,0.882874,0.882935,0.882935,0.882935,0.882935,0.882935,0.883667,0.884155,0.884155,0.884155,0.884155,0.884155,0.885132,0.885132,0.881226,0.881226,0.881226,0.885071,0.881226,0.881226,0.883179,0.881226,0.881226,0.881226,0.877319,0.881226,0.883179,0.883179,0.883179,0.888977,0.885864,0.884155,0.883179,0.883179,0.883179,0.883179,0.883209,0.883209,0.883209,0.883209,0.884033,0.882629,0.882629,0.908508,0.908508,0.908997,0.908997,0.911438,0.911438,0.913391,0.911438,0.913330,0.912354,0.912354,0.911865,0.911865,0.911865,0.911865,0.913086,0.912109,0.911865,0.911957,0.911865,0.911926,0.911926,0.912109,0.911926,0.911926,0.911926,0.912354,0.911926,0.911438,0.911438,0.911438,0.911438,0.911438,0.911316,0.911316,0.911316,0.911377,0.911377,0.911743,0.911621,0.911682,0.911560,0.911682,0.911682,0.911682,0.911682,0.914429,0.911682,0.911682,0.911682,0.911682,0.912170,0.912964,0.911987,0.911987,0.913483,0.911987,0.911987,0.911987,0.911011,0.911011,0.912964,0.912964,0.912964,0.912964,0.912964,0.912964,0.912964,0.912964,0.912964,0.912964,0.912964,0.913940,0.913208,0.913208,0.913086,0.913086,0.912842,0.912842,0.912964,0.912964,0.913086,0.913086,0.913086,0.912781,0.913269,0.913269,0.913269,0.913269,0.913269,0.913269,0.913269,0.913269,0.913269,0.913269,0.913269,0.913269,0.913269,0.913269,0.913269,0.913269,0.913269,0.913269,0.913269,0.913513,0.913513,0.913513,0.913513,0.913513,0.913513,0.913513,0.913513,0.913513,0.913513,0.913513,0.913513,0.913513,0.912537,0.913025,0.913025,0.912048,0.912903,0.913025,0.913025,0.915222,0.913025,0.913025,0.912537,0.912903,0.913513,0.913513,0.914001,0.912537,0.913269,0.913513,0.913269,0.912537,0.913086,0.912292,0.912292,0.912292,0.912903,0.912415,0.912415,0.912903,0.913391,0.914246,0.914246,0.914246,0.914246,0.914246,0.914246,0.914246,0.914246,0.914246,0.914246,0.914246,0.914368,0.914246,0.913757,0.913757,0.913757,0.913757,0.914062,0.914185,0.913391,0.913391,0.913879,0.913391,0.913391,0.913879,0.913879,0.913879,0.914001,
