kBasicLog: 1
kBreedEdges: 1
kBreedGates: 1
kBreedSample: 4
kBreedType: 1
kChildren: 100
kEvaluations: 30000
kGens: 100
kLegalGateTypes: 1
kLog: 1
kLogIter: 3
kMaxGenStagnation: 300
kMessUp: 0
kMutatePercent: 5
kMutationMode: 2
kMutations: 16
kPruneOrphans: 1
kSaveDotGraphs: 1
kSeed: 0
kThreads: 4
kThreshold: 1000
kTruthWeight: 1
columns: 11
rows: 6,6,6,6,6,6,6,6,6,6,4
goal_correct_count: 256
goal_total_count: 2048
goal_total_weighted_count: 65536
~
gates_used: 24
total_count: 1530
total_weighted_count: 0
percent: 0.747070
weighted_percent: 0.000000
evaluations: 30100
~
1458,1450,1450,1450,1436,1418,1426,1418,1440,1446,1446,1464,1448,1448,1448,1454,1454,1454,1450,1456,1452,1460,1468,1466,1468,1484,1480,1480,1458,1484,1484,1484,1488,1494,1488,1488,1488,1488,1488,1488,1488,1488,1488,1506,1486,1478,1466,1464,1476,1476,1476,1486,1476,1456,1476,1476,1476,1476,1476,1476,1476,1468,1468,1468,1468,1480,1476,1436,1442,1474,1428,1436,1444,1478,1490,1500,1498,1516,1498,1498,1474,1480,1460,1462,1460,1464,1450,1450,1492,1496,1502,1498,1502,1490,1494,1500,1492,1504,1492,1494,1494,1494,1494,1506,1504,1504,1502,1538,1538,1540,1540,1540,1540,1540,1552,1546,1546,1546,1546,1546,1552,1552,1552,1552,1552,1536,1552,1542,1552,1552,1552,1552,1552,1552,1552,1552,1552,1552,1552,1556,1556,1556,1556,1556,1556,1556,1560,1542,1557,1557,1557,1557,1557,1557,1559,1559,1558,1558,1558,1558,1558,1558,1558,1558,1560,1558,1552,1552,1554,1552,1552,1552,1552,1554,1552,1554,1552,1552,1552,1552,1552,1550,1554,1542,1522,1542,1532,1518,1522,1514,1520,1518,1510,1502,1520,1506,1510,1526,1496,1510,1508,1498,1516,1512,1512,1516,1512,1506,1512,1508,1508,1520,1518,1498,1498,1510,1512,1524,1522,1522,1522,1526,1526,1526,1526,1530,1530,1530,1530,1530,1530,1534,1530,1530,1530,1530,1530,1530,1530,1530,1530,1530,1526,1526,1526,1534,1522,1522,1524,1532,1534,1532,1532,1532,1532,1532,1532,1532,1532,1532,1532,1532,1532,1532,1532,1532,1532,1532,1532,1532,1532,1532,1524,1532,1532,1530,1530,1536,1530,1530,1530,1530,1538,1530,1530,1530,1532,1530,1530,1530,1534,1530,1530,1530,1530,1530,1530,1530,1530,1530,1530,
49308,48348,48348,48348,47276,47068,48092,47068,49196,50204,50204,51244,50220,50220,50220,50716,50716,50716,50652,50724,50660,50788,51044,51164,50788,51300,51364,51364,51676,51556,51556,51556,51588,52092,51588,51588,51588,51588,51588,51588,51588,51588,51588,52860,51612,51292,50668,50660,50852,50852,50852,51748,50852,51236,50852,50852,50852,50852,50852,50852,50852,50500,50500,50500,50500,50884,50756,49124,49672,54236,48100,48228,50148,50572,50828,54788,51084,53148,51084,51084,49628,49780,47380,47396,47380,49712,47348,47472,50664,51442,51568,51440,53144,53168,51440,51692,51436,51582,51436,51440,51440,51440,51440,51512,51728,51812,51728,55832,55832,55840,55840,55840,55840,55840,56152,55980,55980,55980,55980,55980,56004,56004,56004,56004,56004,56060,56004,56066,56004,56004,56004,56004,56004,56004,56004,56004,56004,56004,56004,56012,56012,56012,56012,56012,56012,56012,56016,55640,56148,56148,56148,56148,56148,56148,56180,56180,56176,56176,56176,56176,56180,56176,56176,56176,56196,56176,56108,56108,56116,56108,56108,56108,56108,56164,56108,56116,56108,56108,56108,56108,56108,56100,56164,55788,55374,55788,55542,55438,55514,55430,55442,55482,55402,55540,55684,55556,55474,55850,55308,55850,55360,55324,55480,55352,55548,55812,55620,55596,55724,55344,55344,55452,55820,55404,55404,55788,55868,55872,55864,55864,55864,55872,55872,55872,55872,55936,55936,55936,55936,55936,55936,55944,55936,55936,55936,55936,55936,55936,55936,55936,55936,55936,55928,55928,55928,55960,55864,55864,55872,56000,56008,56000,56000,56000,56000,56000,56000,56000,56000,56000,56000,56000,56000,56000,56000,56000,56000,56000,56000,56000,56000,56000,55972,56000,56000,55992,55992,56000,55992,55992,55992,55992,56024,55992,55992,55992,56000,55992,55992,55992,56056,55992,55992,55992,55992,55992,55992,55992,55992,55992,55992,
0.711914,0.708008,0.708008,0.708008,0.701172,0.692383,0.696289,0.692383,0.703125,0.706055,0.706055,0.714844,0.707031,0.707031,0.707031,0.709961,0.709961,0.709961,0.708008,0.710938,0.708984,0.712891,0.716797,0.715820,0.716797,0.724609,0.722656,0.722656,0.711914,0.724609,0.724609,0.724609,0.726562,0.729492,0.726562,0.726562,0.726562,0.726562,0.726562,0.726562,0.726562,0.726562,0.726562,0.735352,0.725586,0.721680,0.715820,0.714844,0.720703,0.720703,0.720703,0.725586,0.720703,0.710938,0.720703,0.720703,0.720703,0.720703,0.720703,0.720703,0.720703,0.716797,0.716797,0.716797,0.716797,0.722656,0.720703,0.701172,0.704102,0.719727,0.697266,0.701172,0.705078,0.721680,0.727539,0.732422,0.731445,0.740234,0.731445,0.731445,0.719727,0.722656,0.712891,0.713867,0.712891,0.714844,0.708008,0.708008,0.728516,0.730469,0.733398,0.731445,0.733398,0.727539,0.729492,0.732422,0.728516,0.734375,0.728516,0.729492,0.729492,0.729492,0.729492,0.735352,0.734375,0.734375,0.733398,0.750977,0.750977,0.751953,0.751953,0.751953,0.751953,0.751953,0.757812,0.754883,0.754883,0.754883,0.754883,0.754883,0.757812,0.757812,0.757812,0.757812,0.757812,0.750000,0.757812,0.752930,0.757812,0.757812,0.757812,0.757812,0.757812,0.757812,0.757812,0.757812,0.757812,0.757812,0.757812,0.759766,0.759766,0.759766,0.759766,0.759766,0.759766,0.759766,0.761719,0.752930,0.760254,0.760254,0.760254,0.760254,0.760254,0.760254,0.761230,0.761230,0.760742,0.760742,0.760742,0.760742,0.760742,0.760742,0.760742,0.760742,0.761719,0.760742,0.757812,0.757812,0.758789,0.757812,0.757812,0.757812,0.757812,0.758789,0.757812,0.758789,0.757812,0.757812,0.757812,0.757812,0.757812,0.756836,0.758789,0.752930,0.743164,0.752930,0.748047,0.741211,0.743164,0.739258,0.742188,0.741211,0.737305,0.733398,0.742188,0.735352,0.737305,0.745117,0.730469,0.737305,0.736328,0.731445,0.740234,0.738281,0.738281,0.740234,0.738281,0.735352,0.738281,0.736328,0.736328,0.742188,0.741211,0.731445,0.731445,0.737305,0.738281,0.744141,0.743164,0.743164,0.743164,0.745117,0.745117,0.745117,0.745117,0.747070,0.747070,0.747070,0.747070,0.747070,0.747070,0.749023,0.747070,0.747070,0.747070,0.747070,0.747070,0.747070,0.747070,0.747070,0.747070,0.747070,0.745117,0.745117,0.745117,0.749023,0.743164,0.743164,0.744141,0.748047,0.749023,0.748047,0.748047,0.748047,0.748047,0.748047,0.748047,0.748047,0.748047,0.748047,0.748047,0.748047,0.748047,0.748047,0.748047,0.748047,0.748047,0.748047,0.748047,0.748047,0.748047,0.748047,0.744141,0.748047,0.748047,0.747070,0.747070,0.750000,0.747070,0.747070,0.747070,0.747070,0.750977,0.747070,0.747070,0.747070,0.748047,0.747070,0.747070,0.747070,0.749023,0.747070,0.747070,0.747070,0.747070,0.747070,0.747070,0.747070,0.747070,0.747070,0.747070,
0.752380,0.737732,0.737732,0.737732,0.721375,0.718201,0.733826,0.718201,0.750671,0.766052,0.766052,0.781921,0.766296,0.766296,0.766296,0.773865,0.773865,0.773865,0.772888,0.773987,0.773010,0.774963,0.778870,0.780701,0.774963,0.782776,0.783752,0.783752,0.788513,0.786682,0.786682,0.786682,0.787170,0.794861,0.787170,0.787170,0.787170,0.787170,0.787170,0.787170,0.787170,0.787170,0.787170,0.806580,0.787537,0.782654,0.773132,0.773010,0.775940,0.775940,0.775940,0.789612,0.775940,0.781799,0.775940,0.775940,0.775940,0.775940,0.775940,0.775940,0.775940,0.770569,0.770569,0.770569,0.770569,0.776428,0.774475,0.749573,0.757935,0.827576,0.733948,0.735901,0.765198,0.771667,0.775574,0.835999,0.779480,0.810974,0.779480,0.779480,0.757263,0.759583,0.722961,0.723206,0.722961,0.758545,0.722473,0.724365,0.773071,0.784943,0.786865,0.784912,0.810913,0.811279,0.784912,0.788757,0.784851,0.787079,0.784851,0.784912,0.784912,0.784912,0.784912,0.786011,0.789307,0.790588,0.789307,0.851929,0.851929,0.852051,0.852051,0.852051,0.852051,0.852051,0.856812,0.854187,0.854187,0.854187,0.854187,0.854187,0.854553,0.854553,0.854553,0.854553,0.854553,0.855408,0.854553,0.855499,0.854553,0.854553,0.854553,0.854553,0.854553,0.854553,0.854553,0.854553,0.854553,0.854553,0.854553,0.854675,0.854675,0.854675,0.854675,0.854675,0.854675,0.854675,0.854736,0.848999,0.856750,0.856750,0.856750,0.856750,0.856750,0.856750,0.857239,0.857239,0.857178,0.857178,0.857178,0.857178,0.857239,0.857178,0.857178,0.857178,0.857483,0.857178,0.856140,0.856140,0.856262,0.856140,0.856140,0.856140,0.856140,0.856995,0.856140,0.856262,0.856140,0.856140,0.856140,0.856140,0.856140,0.856018,0.856995,0.851257,0.844940,0.851257,0.847504,0.845917,0.847076,0.845795,0.845978,0.846588,0.845367,0.847473,0.849670,0.847717,0.846466,0.852203,0.843933,0.852203,0.844727,0.844177,0.846558,0.844604,0.847595,0.851624,0.848694,0.848328,0.850281,0.844482,0.844482,0.846130,0.851746,0.845398,0.845398,0.851257,0.852478,0.852539,0.852417,0.852417,0.852417,0.852539,0.852539,0.852539,0.852539,0.853516,0.853516,0.853516,0.853516,0.853516,0.853516,0.853638,0.853516,0.853516,0.853516,0.853516,0.853516,0.853516,0.853516,0.853516,0.853516,0.853516,0.853394,0.853394,0.853394,0.853882,0.852417,0.852417,0.852539,0.854492,0.854614,0.854492,0.854492,0.854492,0.854492,0.854492,0.854492,0.854492,0.854492,0.854492,0.854492,0.854492,0.854492,0.854492,0.854492,0.854492,0.854492,0.854492,0.854492,0.854492,0.854492,0.854492,0.854065,0.854492,0.854492,0.854370,0.854370,0.854492,0.854370,0.854370,0.854370,0.854370,0.854858,0.854370,0.854370,0.854370,0.854492,0.854370,0.854370,0.854370,0.855347,0.854370,0.854370,0.854370,0.854370,0.854370,0.854370,0.854370,0.854370,0.854370,0.854370,
