kBasicLog: 1
kBreedEdges: 1
kBreedGates: 1
kBreedSample: 4
kBreedType: 0
kChildren: 100
kEvaluations: 50000
kGens: 100
kLegalGateTypes: 1
kLog: 1
kLogIter: 1
kMaxGenStagnation: 300
kMessUp: 0
kMutatePercent: 1
kMutationMode: 1
kMutations: 16
kPruneOrphans: 1
kSaveDotGraphs: 1
kSeed: 0
kThreads: 4
kThreshold: 1000
kTruthWeight: 1
columns: 13
rows: 5,5,5,5,5,5,5,5,5,5,5,5,4
goal_correct_count: 256
goal_total_count: 2048
goal_total_weighted_count: 65536
~
gates_used: 42
total_count: 1715
total_weighted_count: 0
percent: 0.837402
weighted_percent: 0.000000
evaluations: 50100
~
1440,1452,1486,1502,1512,1528,1542,1546,1556,1562,1566,1566,1584,1588,1588,1592,1594,1596,1604,1604,1604,1608,1610,1610,1610,1610,1612,1614,1614,1614,1614,1614,1614,1614,1614,1614,1616,1616,1616,1616,1616,1616,1618,1618,1620,1620,1620,1620,1620,1620,1620,1620,1620,1620,1628,1628,1628,1628,1628,1628,1628,1628,1628,1628,1628,1628,1628,1628,1628,1630,1630,1630,1630,1630,1630,1630,1630,1630,1630,1630,1630,1630,1630,1630,1630,1630,1630,1630,1630,1630,1630,1630,1630,1648,1650,1650,1650,1650,1650,1650,1654,1654,1654,1654,1654,1654,1654,1654,1656,1656,1656,1656,1656,1656,1656,1656,1656,1656,1656,1656,1656,1656,1658,1664,1664,1664,1664,1664,1664,1664,1664,1664,1664,1664,1664,1664,1666,1671,1675,1676,1678,1678,1678,1678,1680,1680,1680,1680,1680,1680,1680,1680,1680,1680,1680,1680,1680,1680,1680,1680,1680,1680,1680,1680,1680,1680,1680,1680,1680,1680,1680,1680,1680,1684,1684,1684,1684,1684,1684,1684,1684,1684,1684,1684,1684,1684,1684,1684,1684,1684,1684,1684,1684,1684,1684,1684,1684,1684,1684,1684,1684,1684,1684,1684,1684,1684,1684,1686,1686,1686,1686,1686,1686,1686,1688,1688,1688,1688,1688,1688,1688,1688,1688,1688,1688,1688,1688,1688,1688,1688,1694,1698,1698,1698,1700,1701,1703,1703,1703,1703,1703,1703,1703,1703,1703,1703,1707,1707,1707,1707,1707,1707,1707,1707,1707,1707,1707,1707,1707,1707,1707,1707,1707,1707,1707,1707,1707,1707,1707,1707,1707,1707,1707,1707,1707,1707,1707,1707,1707,1707,1707,1707,1707,1707,1707,1707,1707,1707,1707,1707,1707,1707,1707,1707,1707,1707,1707,1707,1707,1707,1707,1707,1707,1707,1707,1707,1707,1707,1707,1707,1707,1707,1707,1707,1707,1707,1707,1707,1707,1707,1707,1707,1707,1707,1707,1707,1707,1707,1707,1707,1707,1707,1707,1707,1707,1707,1707,1707,1707,1707,1707,1707,1707,1707,1707,1707,1707,1707,1707,1707,1707,1707,1707,1707,1707,1707,1707,1707,1707,1707,1707,1707,1707,1707,1707,1707,1707,1707,1707,1707,1707,1707,1707,1707,1707,1707,1707,1707,1707,1707,1707,1707,1707,1707,1707,1707,1707,1707,1707,1707,1707,1707,1707,1707,1707,1707,1707,1707,1707,1707,1707,1707,1707,1707,1707,1711,1715,1715,1715,1715,1715,1715,1715,1715,1715,1715,1715,1715,1715,1715,1715,1715,1715,1715,1715,1715,1715,1715,1715,1715,1715,1715,1715,1715,1715,1715,1715,1715,1715,1715,1715,1715,1715,1715,1715,1715,1715,1715,1715,1715,1715,1715,1715,1715,1715,1715,1715,1715,1715,1715,1715,1715,1715,1715,1715,1715,1715,1715,1715,1715,1715,1715,1715,1715,1715,1715,1715,1715,1715,1715,1715,1715,1715,1715,1715,1715,1715,1715,1715,1715,1715,1715,1715,1715,1715,1715,1715,1715,1715,1715,1715,
47144,47432,50156,50668,52190,52446,53960,53964,54996,55008,55040,55040,59636,59644,59644,59660,59668,59672,59928,59928,59928,60176,60184,60184,60184,60184,60192,60196,60196,60196,60196,60196,60196,60196,60196,60196,60200,60200,60200,60200,60200,60200,60216,60216,60232,60232,60232,60232,60232,60232,60232,60232,60232,60232,60360,60360,60360,60360,60360,60360,60360,60360,60360,60360,60360,60360,60360,60360,60360,60368,60368,60368,60368,60368,60368,60368,60368,60368,60368,60368,60368,60368,60368,60368,60368,60368,60368,60368,60368,60368,60368,60368,60368,61196,61200,61200,61200,61200,61200,61200,61264,61264,61264,61264,61264,61264,61264,61264,61272,61272,61272,61272,61272,61272,61272,61272,61272,61272,61272,61272,61272,61272,61352,61400,61400,61400,61400,61400,61400,61400,61400,61400,61400,61400,61400,61400,61404,61407,61411,61412,61414,61414,61414,61414,61416,61416,61416,61416,61416,61416,61416,61416,61416,61416,61416,61416,61416,61416,61416,61416,61416,61416,61416,61416,61416,61416,61416,61416,61416,61416,61416,61416,61416,61448,61448,61448,61448,61448,61448,61448,61448,61448,61448,61448,61448,61448,61448,61448,61448,61448,61448,61448,61448,61448,61448,61448,61448,61448,61448,61448,61448,61448,61448,61448,61448,61448,61448,61450,61450,61450,61450,61450,61450,61450,61452,61452,61452,61452,61452,61452,61452,61452,61452,61452,61452,61452,61452,61452,61452,61452,61464,61472,61472,61472,61476,61477,61481,61481,61481,61481,61481,61481,61481,61481,61481,61481,61545,61545,61545,61545,61545,61545,61545,61545,61545,61545,61545,61545,61545,61545,61545,61545,61545,61545,61545,61545,61545,61545,61545,61545,61545,61545,61545,61545,61545,61545,61545,61545,61545,61545,61545,61545,61545,61545,61545,61545,61545,61545,61545,61545,61545,61545,61545,61545,61545,61545,61545,61545,61545,61545,61545,61545,61545,61545,61545,61545,61545,61545,61545,61545,61545,61545,61545,61545,61545,61545,61545,61545,61545,61545,61545,61545,61545,61545,61545,61545,61545,61545,61545,61545,61545,61545,61545,61545,61545,61545,61545,61545,61545,61545,61545,61545,61545,61545,61545,61545,61545,61545,61545,61545,61545,61545,61545,61545,61545,61545,61545,61545,61545,61545,61545,61545,61545,61545,61545,61545,61545,61545,61545,61545,61545,61545,61545,61545,61545,61545,61545,61545,61545,61545,61545,61545,61545,61545,61545,61545,61545,61545,61545,61545,61545,61545,61545,61545,61545,61545,61545,61545,61545,61545,61545,61545,61545,61545,61545,61601,61609,61609,61609,61609,61609,61609,61609,61609,61609,61609,61609,61609,61609,61609,61609,61609,61609,61609,61609,61609,61609,61609,61609,61609,61609,61609,61609,61609,61609,61609,61609,61609,61609,61609,61609,61609,61609,61609,61609,61609,61609,61609,61609,61609,61609,61609,61609,61609,61609,61609,61609,61609,61609,61609,61609,61609,61609,61609,61609,61609,61609,61609,61609,61609,61609,61609,61609,61609,61609,61609,61609,61609,61609,61609,61609,61609,61609,61609,61609,61609,61609,61609,61609,61609,61609,61609,61609,61609,61609,61609,61609,61609,61609,61609,61609,
0.703125,0.708984,0.725586,0.733398,0.738281,0.746094,0.752930,0.754883,0.759766,0.762695,0.764648,0.764648,0.773438,0.775391,0.775391,0.777344,0.778320,0.779297,0.783203,0.783203,0.783203,0.785156,0.786133,0.786133,0.786133,0.786133,0.787109,0.788086,0.788086,0.788086,0.788086,0.788086,0.788086,0.788086,0.788086,0.788086,0.789062,0.789062,0.789062,0.789062,0.789062,0.789062,0.790039,0.790039,0.791016,0.791016,0.791016,0.791016,0.791016,0.791016,0.791016,0.791016,0.791016,0.791016,0.794922,0.794922,0.794922,0.794922,0.794922,0.794922,0.794922,0.794922,0.794922,0.794922,0.794922,0.794922,0.794922,0.794922,0.794922,0.795898,0.795898,0.795898,0.795898,0.795898,0.795898,0.795898,0.795898,0.795898,0.795898,0.795898,0.795898,0.795898,0.795898,0.795898,0.795898,0.795898,0.795898,0.795898,0.795898,0.795898,0.795898,0.795898,0.795898,0.804688,0.805664,0.805664,0.805664,0.805664,0.805664,0.805664,0.807617,0.807617,0.807617,0.807617,0.807617,0.807617,0.807617,0.807617,0.808594,0.808594,0.808594,0.808594,0.808594,0.808594,0.808594,0.808594,0.808594,0.808594,0.808594,0.808594,0.808594,0.808594,0.809570,0.812500,0.812500,0.812500,0.812500,0.812500,0.812500,0.812500,0.812500,0.812500,0.812500,0.812500,0.812500,0.812500,0.813477,0.815918,0.817871,0.818359,0.819336,0.819336,0.819336,0.819336,0.820312,0.820312,0.820312,0.820312,0.820312,0.820312,0.820312,0.820312,0.820312,0.820312,0.820312,0.820312,0.820312,0.820312,0.820312,0.820312,0.820312,0.820312,0.820312,0.820312,0.820312,0.820312,0.820312,0.820312,0.820312,0.820312,0.820312,0.820312,0.820312,0.822266,0.822266,0.822266,0.822266,0.822266,0.822266,0.822266,0.822266,0.822266,0.822266,0.822266,0.822266,0.822266,0.822266,0.822266,0.822266,0.822266,0.822266,0.822266,0.822266,0.822266,0.822266,0.822266,0.822266,0.822266,0.822266,0.822266,0.822266,0.822266,0.822266,0.822266,0.822266,0.822266,0.822266,0.823242,0.823242,0.823242,0.823242,0.823242,0.823242,0.823242,0.824219,0.824219,0.824219,0.824219,0.824219,0.824219,0.824219,0.824219,0.824219,0.824219,0.824219,0.824219,0.824219,0.824219,0.824219,0.824219,0.827148,0.829102,0.829102,0.829102,0.830078,0.830566,0.831543,0.831543,0.831543,0.831543,0.831543,0.831543,0.831543,0.831543,0.831543,0.831543,0.833496,0.833496,0.833496,0.833496,0.833496,0.833496,0.833496,0.833496,0.833496,0.833496,0.833496,0.833496,0.833496,0.833496,0.833496,0.833496,0.833496,0.833496,0.833496,0.833496,0.833496,0.833496,0.833496,0.833496,0.833496,0.833496,0.833496,0.833496,0.833496,0.833496,0.833496,0.833496,0.833496,0.833496,0.833496,0.833496,0.833496,0.833496,0.833496,0.833496,0.833496,0.833496,0.833496,0.833496,0.833496,0.833496,0.833496,0.833496,0.833496,0.833496,0.833496,0.833496,0.833496,0.833496,0.833496,0.833496,0.833496,0.833496,0.833496,0.833496,0.833496,0.833496,0.833496,0.833496,0.833496,0.833496,0.833496,0.833496,0.833496,0.833496,0.833496,0.833496,0.833496,0.833496,0.833496,0.833496,0.833496,0.833496,0.833496,0.833496,0.833496,0.833496,0.833496,0.833496,0.833496,0.833496,0.833496,0.833496,0.833496,0.833496,0.833496,0.833496,0.833496,0.833496,0.833496,0.833496,0.833496,0.833496,0.833496,0.833496,0.833496,0.833496,0.833496,0.833496,0.833496,0.833496,0.833496,0.833496,0.833496,0.833496,0.833496,0.833496,0.833496,0.833496,0.833496,0.833496,0.833496,0.833496,0.833496,0.833496,0.833496,0.833496,0.833496,0.833496,0.833496,0.833496,0.833496,0.833496,0.833496,0.833496,0.833496,0.833496,0.833496,0.833496,0.833496,0.833496,0.833496,0.833496,0.833496,0.833496,0.833496,0.833496,0.833496,0.833496,0.833496,0.833496,0.833496,0.833496,0.833496,0.833496,0.833496,0.833496,0.833496,0.833496,0.833496,0.833496,0.833496,0.833496,0.833496,0.835449,0.837402,0.837402,0.837402,0.837402,0.837402,0.837402,0.837402,0.837402,0.837402,0.837402,0.837402,0.837402,0.837402,0.837402,0.837402,0.837402,0.837402,0.837402,0.837402,0.837402,0.837402,0.837402,0.837402,0.837402,0.837402,0.837402,0.837402,0.837402,0.837402,0.837402,0.837402,0.837402,0.837402,0.837402,0.837402,0.837402,0.837402,0.837402,0.837402,0.837402,0.837402,0.837402,0.837402,0.837402,0.837402,0.837402,0.837402,0.837402,0.837402,0.837402,0.837402,0.837402,0.837402,0.837402,0.837402,0.837402,0.837402,0.837402,0.837402,0.837402,0.837402,0.837402,0.837402,0.837402,0.837402,0.837402,0.837402,0.837402,0.837402,0.837402,0.837402,0.837402,0.837402,0.837402,0.837402,0.837402,0.837402,0.837402,0.837402,0.837402,0.837402,0.837402,0.837402,0.837402,0.837402,0.837402,0.837402,0.837402,0.837402,0.837402,0.837402,0.837402,0.837402,0.837402,0.837402,
0.719360,0.723755,0.765320,0.773132,0.796356,0.800262,0.823364,0.823425,0.839172,0.839355,0.839844,0.839844,0.909973,0.910095,0.910095,0.910339,0.910461,0.910522,0.914429,0.914429,0.914429,0.918213,0.918335,0.918335,0.918335,0.918335,0.918457,0.918518,0.918518,0.918518,0.918518,0.918518,0.918518,0.918518,0.918518,0.918518,0.918579,0.918579,0.918579,0.918579,0.918579,0.918579,0.918823,0.918823,0.919067,0.919067,0.919067,0.919067,0.919067,0.919067,0.919067,0.919067,0.919067,0.919067,0.921021,0.921021,0.921021,0.921021,0.921021,0.921021,0.921021,0.921021,0.921021,0.921021,0.921021,0.921021,0.921021,0.921021,0.921021,0.921143,0.921143,0.921143,0.921143,0.921143,0.921143,0.921143,0.921143,0.921143,0.921143,0.921143,0.921143,0.921143,0.921143,0.921143,0.921143,0.921143,0.921143,0.921143,0.921143,0.921143,0.921143,0.921143,0.921143,0.933777,0.933838,0.933838,0.933838,0.933838,0.933838,0.933838,0.934814,0.934814,0.934814,0.934814,0.934814,0.934814,0.934814,0.934814,0.934937,0.934937,0.934937,0.934937,0.934937,0.934937,0.934937,0.934937,0.934937,0.934937,0.934937,0.934937,0.934937,0.934937,0.936157,0.936890,0.936890,0.936890,0.936890,0.936890,0.936890,0.936890,0.936890,0.936890,0.936890,0.936890,0.936890,0.936890,0.936951,0.936996,0.937057,0.937073,0.937103,0.937103,0.937103,0.937103,0.937134,0.937134,0.937134,0.937134,0.937134,0.937134,0.937134,0.937134,0.937134,0.937134,0.937134,0.937134,0.937134,0.937134,0.937134,0.937134,0.937134,0.937134,0.937134,0.937134,0.937134,0.937134,0.937134,0.937134,0.937134,0.937134,0.937134,0.937134,0.937134,0.937622,0.937622,0.937622,0.937622,0.937622,0.937622,0.937622,0.937622,0.937622,0.937622,0.937622,0.937622,0.937622,0.937622,0.937622,0.937622,0.937622,0.937622,0.937622,0.937622,0.937622,0.937622,0.937622,0.937622,0.937622,0.937622,0.937622,0.937622,0.937622,0.937622,0.937622,0.937622,0.937622,0.937622,0.937653,0.937653,0.937653,0.937653,0.937653,0.937653,0.937653,0.937683,0.937683,0.937683,0.937683,0.937683,0.937683,0.937683,0.937683,0.937683,0.937683,0.937683,0.937683,0.937683,0.937683,0.937683,0.937683,0.937866,0.937988,0.937988,0.937988,0.938049,0.938065,0.938126,0.938126,0.938126,0.938126,0.938126,0.938126,0.938126,0.938126,0.938126,0.938126,0.939102,0.939102,0.939102,0.939102,0.939102,0.939102,0.939102,0.939102,0.939102,0.939102,0.939102,0.939102,0.939102,0.939102,0.939102,0.939102,0.939102,0.939102,0.939102,0.939102,0.939102,0.939102,0.939102,0.939102,0.939102,0.939102,0.939102,0.939102,0.939102,0.939102,0.939102,0.939102,0.939102,0.939102,0.939102,0.939102,0.939102,0.939102,0.939102,0.939102,0.939102,0.939102,0.939102,0.939102,0.939102,0.939102,0.939102,0.939102,0.939102,0.939102,0.939102,0.939102,0.939102,0.939102,0.939102,0.939102,0.939102,0.939102,0.939102,0.939102,0.939102,0.939102,0.939102,0.939102,0.939102,0.939102,0.939102,0.939102,0.939102,0.939102,0.939102,0.939102,0.939102,0.939102,0.939102,0.939102,0.939102,0.939102,0.939102,0.939102,0.939102,0.939102,0.939102,0.939102,0.939102,0.939102,0.939102,0.939102,0.939102,0.939102,0.939102,0.939102,0.939102,0.939102,0.939102,0.939102,0.939102,0.939102,0.939102,0.939102,0.939102,0.939102,0.939102,0.939102,0.939102,0.939102,0.939102,0.939102,0.939102,0.939102,0.939102,0.939102,0.939102,0.939102,0.939102,0.939102,0.939102,0.939102,0.939102,0.939102,0.939102,0.939102,0.939102,0.939102,0.939102,0.939102,0.939102,0.939102,0.939102,0.939102,0.939102,0.939102,0.939102,0.939102,0.939102,0.939102,0.939102,0.939102,0.939102,0.939102,0.939102,0.939102,0.939102,0.939102,0.939102,0.939102,0.939102,0.939102,0.939102,0.939102,0.939102,0.939102,0.939102,0.939102,0.939102,0.939102,0.939102,0.939102,0.939102,0.939957,0.940079,0.940079,0.940079,0.940079,0.940079,0.940079,0.940079,0.940079,0.940079,0.940079,0.940079,0.940079,0.940079,0.940079,0.940079,0.940079,0.940079,0.940079,0.940079,0.940079,0.940079,0.940079,0.940079,0.940079,0.940079,0.940079,0.940079,0.940079,0.940079,0.940079,0.940079,0.940079,0.940079,0.940079,0.940079,0.940079,0.940079,0.940079,0.940079,0.940079,0.940079,0.940079,0.940079,0.940079,0.940079,0.940079,0.940079,0.940079,0.940079,0.940079,0.940079,0.940079,0.940079,0.940079,0.940079,0.940079,0.940079,0.940079,0.940079,0.940079,0.940079,0.940079,0.940079,0.940079,0.940079,0.940079,0.940079,0.940079,0.940079,0.940079,0.940079,0.940079,0.940079,0.940079,0.940079,0.940079,0.940079,0.940079,0.940079,0.940079,0.940079,0.940079,0.940079,0.940079,0.940079,0.940079,0.940079,0.940079,0.940079,0.940079,0.940079,0.940079,0.940079,0.940079,0.940079,
