kBasicLog: 1
kBreedEdges: 1
kBreedGates: 1
kBreedSample: 4
kBreedType: 0
kChildren: 100
kEvaluations: 50000
kGens: 100
kLegalGateTypes: 1
kLog: 1
kLogIter: 2
kMaxGenStagnation: 300
kMessUp: 0
kMutatePercent: 1
kMutationMode: 1
kMutations: 16
kPruneOrphans: 1
kSaveDotGraphs: 1
kSeed: 0
kThreads: 4
kThreshold: 1000
kTruthWeight: 1
columns: 13
rows: 5,5,5,5,5,5,5,5,5,5,5,5,4
goal_correct_count: 256
goal_total_count: 2048
goal_total_weighted_count: 65536
~
gates_used: 28
total_count: 1659
total_weighted_count: 0
percent: 0.810059
weighted_percent: 0.000000
evaluations: 50100
~
1454,1462,1482,1506,1522,1524,1532,1536,1544,1576,1576,1576,1576,1576,1576,1576,1576,1576,1576,1576,1576,1576,1576,1576,1586,1596,1596,1598,1598,1598,1598,1598,1598,1598,1598,1598,1598,1598,1598,1598,1604,1604,1604,1604,1604,1604,1604,1604,1604,1604,1604,1604,1604,1604,1604,1604,1604,1604,1604,1604,1604,1604,1604,1604,1604,1604,1604,1604,1604,1604,1604,1636,1636,1636,1636,1636,1636,1636,1636,1636,1636,1636,1636,1636,1636,1636,1636,1636,1636,1636,1636,1636,1636,1636,1636,1636,1636,1636,1636,1636,1636,1636,1636,1636,1636,1636,1636,1636,1636,1636,1636,1636,1636,1636,1636,1636,1636,1636,1636,1636,1636,1636,1636,1636,1636,1636,1636,1636,1636,1636,1636,1636,1636,1636,1636,1636,1636,1636,1636,1636,1636,1636,1636,1636,1636,1636,1636,1636,1636,1636,1636,1636,1636,1636,1636,1636,1636,1636,1638,1638,1638,1638,1638,1638,1638,1638,1638,1638,1638,1638,1638,1638,1638,1638,1642,1648,1648,1648,1648,1648,1648,1648,1654,1654,1654,1654,1654,1654,1654,1654,1654,1655,1655,1655,1655,1655,1655,1655,1655,1655,1655,1655,1655,1655,1655,1655,1655,1655,1655,1655,1655,1655,1655,1655,1655,1655,1655,1655,1655,1655,1655,1655,1655,1655,1655,1655,1655,1655,1655,1655,1655,1655,1655,1655,1655,1655,1655,1655,1655,1655,1655,1655,1655,1655,1655,1655,1655,1655,1659,1659,1659,1659,1659,1659,1659,1659,1659,1659,1659,1659,1659,1659,1659,1659,1659,1659,1659,1659,1659,1659,1659,1659,1659,1659,1659,1659,1659,1659,1659,1659,1659,1659,1659,1659,1659,1659,1659,1659,1659,1659,1659,1659,1659,1659,1659,1659,1659,1659,1659,1659,1659,1659,1659,1659,1659,1659,1659,1659,1659,1659,1659,1659,1659,1659,1659,1659,1659,1659,1659,1659,1659,1659,1659,1659,1659,1659,1659,1659,1659,1659,1659,1659,1659,1659,1659,1659,1659,1659,1659,1659,1659,1659,1659,1659,1659,1659,1659,1659,1659,1659,1659,1659,1659,1659,1659,1659,1659,1659,1659,1659,1659,1659,1659,1659,1659,1659,1659,1659,1659,1659,1659,1659,1659,1659,1659,1659,1659,1659,1659,1659,1659,1659,1659,1659,1659,1659,1659,1659,1659,1659,1659,1659,1659,1659,1659,1659,1659,1659,1659,1659,1659,1659,1659,1659,1659,1659,1659,1659,1659,1659,1659,1659,1659,1659,1659,1659,1659,1659,1659,1659,1659,1659,1659,1659,1659,1659,1659,1659,1659,1659,1659,1659,1659,1659,1659,1659,1659,1659,1659,1659,1659,1659,1659,1659,1659,1659,1659,1659,1659,1659,1659,1659,1659,1659,1659,1659,1659,1659,1659,1659,1659,1659,1659,1659,1659,1659,1659,1659,1659,1659,1659,1659,1659,1659,1659,1659,1659,1659,1659,1659,1659,1659,1659,1659,1659,1659,1659,1659,1659,1659,1659,1659,1659,1659,1659,1659,1659,1659,1659,1659,1659,
50940,51196,52700,54236,55260,55268,55524,55540,55668,56820,56820,56820,56820,56820,56820,56820,56820,56820,56820,56820,56820,56820,56820,56820,56860,56880,56880,56896,56896,56896,56896,56896,56896,56896,56896,56896,56896,56896,56896,56896,56944,56944,56944,56944,56944,56944,56944,56944,56944,56944,56944,56944,56944,56944,56944,56944,56944,56944,56944,56944,56944,56944,56944,56944,56944,56944,56944,56944,56944,56944,56944,61040,61040,61040,61040,61040,61040,61040,61040,61040,61040,61040,61040,61040,61040,61040,61040,61040,61040,61040,61040,61040,61040,61040,61040,61040,61040,61040,61040,61040,61040,61040,61040,61040,61040,61040,61040,61040,61040,61040,61040,61040,61040,61040,61040,61040,61040,61040,61040,61040,61040,61040,61040,61040,61040,61040,61040,61040,61040,61040,61040,61040,61040,61040,61040,61040,61040,61040,61040,61040,61040,61040,61040,61040,61040,61040,61040,61040,61040,61040,61040,61040,61040,61040,61040,61040,61040,61040,61044,61044,61044,61044,61044,61044,61044,61044,61044,61044,61044,61044,61044,61044,61044,61044,61048,61054,61054,61054,61054,61054,61054,61054,61060,61060,61060,61060,61060,61060,61060,61060,61060,61061,61061,61061,61061,61061,61061,61061,61061,61061,61061,61061,61061,61061,61061,61061,61061,61061,61061,61061,61061,61061,61061,61061,61061,61061,61061,61061,61061,61061,61061,61061,61061,61061,61061,61061,61061,61061,61061,61061,61061,61061,61061,61061,61061,61061,61061,61061,61061,61061,61061,61061,61061,61061,61061,61061,61061,61061,61125,61125,61125,61125,61125,61125,61125,61125,61125,61125,61125,61125,61125,61125,61125,61125,61125,61125,61125,61125,61125,61125,61125,61125,61125,61125,61125,61125,61125,61125,61125,61125,61125,61125,61125,61125,61125,61125,61125,61125,61125,61125,61125,61125,61125,61125,61125,61125,61125,61125,61125,61125,61125,61125,61125,61125,61125,61125,61125,61125,61125,61125,61125,61125,61125,61125,61125,61125,61125,61125,61125,61125,61125,61125,61125,61125,61125,61125,61125,61125,61125,61125,61125,61125,61125,61125,61125,61125,61125,61125,61125,61125,61125,61125,61125,61125,61125,61125,61125,61125,61125,61125,61125,61125,61125,61125,61125,61125,61125,61125,61125,61125,61125,61125,61125,61125,61125,61125,61125,61125,61125,61125,61125,61125,61125,61125,61125,61125,61125,61125,61125,61125,61125,61125,61125,61125,61125,61125,61125,61125,61125,61125,61125,61125,61125,61125,61125,61125,61125,61125,61125,61125,61125,61125,61125,61125,61125,61125,61125,61125,61125,61125,61125,61125,61125,61125,61125,61125,61125,61125,61125,61125,61125,61125,61125,61125,61125,61125,61125,61125,61125,61125,61125,61125,61125,61125,61125,61125,61125,61125,61125,61125,61125,61125,61125,61125,61125,61125,61125,61125,61125,61125,61125,61125,61125,61125,61125,61125,61125,61125,61125,61125,61125,61125,61125,61125,61125,61125,61125,61125,61125,61125,61125,61125,61125,61125,61125,61125,61125,61125,61125,61125,61125,61125,61125,61125,61125,61125,61125,61125,61125,61125,61125,61125,61125,61125,61125,61125,61125,61125,61125,61125,61125,
0.709961,0.713867,0.723633,0.735352,0.743164,0.744141,0.748047,0.750000,0.753906,0.769531,0.769531,0.769531,0.769531,0.769531,0.769531,0.769531,0.769531,0.769531,0.769531,0.769531,0.769531,0.769531,0.769531,0.769531,0.774414,0.779297,0.779297,0.780273,0.780273,0.780273,0.780273,0.780273,0.780273,0.780273,0.780273,0.780273,0.780273,0.780273,0.780273,0.780273,0.783203,0.783203,0.783203,0.783203,0.783203,0.783203,0.783203,0.783203,0.783203,0.783203,0.783203,0.783203,0.783203,0.783203,0.783203,0.783203,0.783203,0.783203,0.783203,0.783203,0.783203,0.783203,0.783203,0.783203,0.783203,0.783203,0.783203,0.783203,0.783203,0.783203,0.783203,0.798828,0.798828,0.798828,0.798828,0.798828,0.798828,0.798828,0.798828,0.798828,0.798828,0.798828,0.798828,0.798828,0.798828,0.798828,0.798828,0.798828,0.798828,0.798828,0.798828,0.798828,0.798828,0.798828,0.798828,0.798828,0.798828,0.798828,0.798828,0.798828,0.798828,0.798828,0.798828,0.798828,0.798828,0.798828,0.798828,0.798828,0.798828,0.798828,0.798828,0.798828,0.798828,0.798828,0.798828,0.798828,0.798828,0.798828,0.798828,0.798828,0.798828,0.798828,0.798828,0.798828,0.798828,0.798828,0.798828,0.798828,0.798828,0.798828,0.798828,0.798828,0.798828,0.798828,0.798828,0.798828,0.798828,0.798828,0.798828,0.798828,0.798828,0.798828,0.798828,0.798828,0.798828,0.798828,0.798828,0.798828,0.798828,0.798828,0.798828,0.798828,0.798828,0.798828,0.798828,0.798828,0.798828,0.798828,0.799805,0.799805,0.799805,0.799805,0.799805,0.799805,0.799805,0.799805,0.799805,0.799805,0.799805,0.799805,0.799805,0.799805,0.799805,0.799805,0.801758,0.804688,0.804688,0.804688,0.804688,0.804688,0.804688,0.804688,0.807617,0.807617,0.807617,0.807617,0.807617,0.807617,0.807617,0.807617,0.807617,0.808105,0.808105,0.808105,0.808105,0.808105,0.808105,0.808105,0.808105,0.808105,0.808105,0.808105,0.808105,0.808105,0.808105,0.808105,0.808105,0.808105,0.808105,0.808105,0.808105,0.808105,0.808105,0.808105,0.808105,0.808105,0.808105,0.808105,0.808105,0.808105,0.808105,0.808105,0.808105,0.808105,0.808105,0.808105,0.808105,0.808105,0.808105,0.808105,0.808105,0.808105,0.808105,0.808105,0.808105,0.808105,0.808105,0.808105,0.808105,0.808105,0.808105,0.808105,0.808105,0.808105,0.808105,0.808105,0.808105,0.808105,0.810059,0.810059,0.810059,0.810059,0.810059,0.810059,0.810059,0.810059,0.810059,0.810059,0.810059,0.810059,0.810059,0.810059,0.810059,0.810059,0.810059,0.810059,0.810059,0.810059,0.810059,0.810059,0.810059,0.810059,0.810059,0.810059,0.810059,0.810059,0.810059,0.810059,0.810059,0.810059,0.810059,0.810059,0.810059,0.810059,0.810059,0.810059,0.810059,0.810059,0.810059,0.810059,0.810059,0.810059,0.810059,0.810059,0.810059,0.810059,0.810059,0.810059,0.810059,0.810059,0.810059,0.810059,0.810059,0.810059,0.810059,0.810059,0.810059,0.810059,0.810059,0.810059,0.810059,0.810059,0.810059,0.810059,0.810059,0.810059,0.810059,0.810059,0.810059,0.810059,0.810059,0.810059,0.810059,0.810059,0.810059,0.810059,0.810059,0.810059,0.810059,0.810059,0.810059,0.810059,0.810059,0.810059,0.810059,0.810059,0.810059,0.810059,0.810059,0.810059,0.810059,0.810059,0.810059,0.810059,0.810059,0.810059,0.810059,0.810059,0.810059,0.810059,0.810059,0.810059,0.810059,0.810059,0.810059,0.810059,0.810059,0.810059,0.810059,0.810059,0.810059,0.810059,0.810059,0.810059,0.810059,0.810059,0.810059,0.810059,0.810059,0.810059,0.810059,0.810059,0.810059,0.810059,0.810059,0.810059,0.810059,0.810059,0.810059,0.810059,0.810059,0.810059,0.810059,0.810059,0.810059,0.810059,0.810059,0.810059,0.810059,0.810059,0.810059,0.810059,0.810059,0.810059,0.810059,0.810059,0.810059,0.810059,0.810059,0.810059,0.810059,0.810059,0.810059,0.810059,0.810059,0.810059,0.810059,0.810059,0.810059,0.810059,0.810059,0.810059,0.810059,0.810059,0.810059,0.810059,0.810059,0.810059,0.810059,0.810059,0.810059,0.810059,0.810059,0.810059,0.810059,0.810059,0.810059,0.810059,0.810059,0.810059,0.810059,0.810059,0.810059,0.810059,0.810059,0.810059,0.810059,0.810059,0.810059,0.810059,0.810059,0.810059,0.810059,0.810059,0.810059,0.810059,0.810059,0.810059,0.810059,0.810059,0.810059,0.810059,0.810059,0.810059,0.810059,0.810059,0.810059,0.810059,0.810059,0.810059,0.810059,0.810059,0.810059,0.810059,0.810059,0.810059,0.810059,0.810059,0.810059,0.810059,0.810059,0.810059,0.810059,0.810059,0.810059,0.810059,0.810059,0.810059,0.810059,0.810059,0.810059,0.810059,0.810059,0.810059,0.810059,0.810059,0.810059,0.810059,0.810059,0.810059,0.810059,0.810059,0.810059,0.810059,0.810059,0.810059,0.810059,0.810059,0.810059,0.810059,0.810059,
0.777283,0.781189,0.804138,0.827576,0.843201,0.843323,0.847229,0.847473,0.849426,0.867004,0.867004,0.867004,0.867004,0.867004,0.867004,0.867004,0.867004,0.867004,0.867004,0.867004,0.867004,0.867004,0.867004,0.867004,0.867615,0.867920,0.867920,0.868164,0.868164,0.868164,0.868164,0.868164,0.868164,0.868164,0.868164,0.868164,0.868164,0.868164,0.868164,0.868164,0.868896,0.868896,0.868896,0.868896,0.868896,0.868896,0.868896,0.868896,0.868896,0.868896,0.868896,0.868896,0.868896,0.868896,0.868896,0.868896,0.868896,0.868896,0.868896,0.868896,0.868896,0.868896,0.868896,0.868896,0.868896,0.868896,0.868896,0.868896,0.868896,0.868896,0.868896,0.931396,0.931396,0.931396,0.931396,0.931396,0.931396,0.931396,0.931396,0.931396,0.931396,0.931396,0.931396,0.931396,0.931396,0.931396,0.931396,0.931396,0.931396,0.931396,0.931396,0.931396,0.931396,0.931396,0.931396,0.931396,0.931396,0.931396,0.931396,0.931396,0.931396,0.931396,0.931396,0.931396,0.931396,0.931396,0.931396,0.931396,0.931396,0.931396,0.931396,0.931396,0.931396,0.931396,0.931396,0.931396,0.931396,0.931396,0.931396,0.931396,0.931396,0.931396,0.931396,0.931396,0.931396,0.931396,0.931396,0.931396,0.931396,0.931396,0.931396,0.931396,0.931396,0.931396,0.931396,0.931396,0.931396,0.931396,0.931396,0.931396,0.931396,0.931396,0.931396,0.931396,0.931396,0.931396,0.931396,0.931396,0.931396,0.931396,0.931396,0.931396,0.931396,0.931396,0.931396,0.931396,0.931396,0.931396,0.931458,0.931458,0.931458,0.931458,0.931458,0.931458,0.931458,0.931458,0.931458,0.931458,0.931458,0.931458,0.931458,0.931458,0.931458,0.931458,0.931519,0.931610,0.931610,0.931610,0.931610,0.931610,0.931610,0.931610,0.931702,0.931702,0.931702,0.931702,0.931702,0.931702,0.931702,0.931702,0.931702,0.931717,0.931717,0.931717,0.931717,0.931717,0.931717,0.931717,0.931717,0.931717,0.931717,0.931717,0.931717,0.931717,0.931717,0.931717,0.931717,0.931717,0.931717,0.931717,0.931717,0.931717,0.931717,0.931717,0.931717,0.931717,0.931717,0.931717,0.931717,0.931717,0.931717,0.931717,0.931717,0.931717,0.931717,0.931717,0.931717,0.931717,0.931717,0.931717,0.931717,0.931717,0.931717,0.931717,0.931717,0.931717,0.931717,0.931717,0.931717,0.931717,0.931717,0.931717,0.931717,0.931717,0.931717,0.931717,0.931717,0.931717,0.932693,0.932693,0.932693,0.932693,0.932693,0.932693,0.932693,0.932693,0.932693,0.932693,0.932693,0.932693,0.932693,0.932693,0.932693,0.932693,0.932693,0.932693,0.932693,0.932693,0.932693,0.932693,0.932693,0.932693,0.932693,0.932693,0.932693,0.932693,0.932693,0.932693,0.932693,0.932693,0.932693,0.932693,0.932693,0.932693,0.932693,0.932693,0.932693,0.932693,0.932693,0.932693,0.932693,0.932693,0.932693,0.932693,0.932693,0.932693,0.932693,0.932693,0.932693,0.932693,0.932693,0.932693,0.932693,0.932693,0.932693,0.932693,0.932693,0.932693,0.932693,0.932693,0.932693,0.932693,0.932693,0.932693,0.932693,0.932693,0.932693,0.932693,0.932693,0.932693,0.932693,0.932693,0.932693,0.932693,0.932693,0.932693,0.932693,0.932693,0.932693,0.932693,0.932693,0.932693,0.932693,0.932693,0.932693,0.932693,0.932693,0.932693,0.932693,0.932693,0.932693,0.932693,0.932693,0.932693,0.932693,0.932693,0.932693,0.932693,0.932693,0.932693,0.932693,0.932693,0.932693,0.932693,0.932693,0.932693,0.932693,0.932693,0.932693,0.932693,0.932693,0.932693,0.932693,0.932693,0.932693,0.932693,0.932693,0.932693,0.932693,0.932693,0.932693,0.932693,0.932693,0.932693,0.932693,0.932693,0.932693,0.932693,0.932693,0.932693,0.932693,0.932693,0.932693,0.932693,0.932693,0.932693,0.932693,0.932693,0.932693,0.932693,0.932693,0.932693,0.932693,0.932693,0.932693,0.932693,0.932693,0.932693,0.932693,0.932693,0.932693,0.932693,0.932693,0.932693,0.932693,0.932693,0.932693,0.932693,0.932693,0.932693,0.932693,0.932693,0.932693,0.932693,0.932693,0.932693,0.932693,0.932693,0.932693,0.932693,0.932693,0.932693,0.932693,0.932693,0.932693,0.932693,0.932693,0.932693,0.932693,0.932693,0.932693,0.932693,0.932693,0.932693,0.932693,0.932693,0.932693,0.932693,0.932693,0.932693,0.932693,0.932693,0.932693,0.932693,0.932693,0.932693,0.932693,0.932693,0.932693,0.932693,0.932693,0.932693,0.932693,0.932693,0.932693,0.932693,0.932693,0.932693,0.932693,0.932693,0.932693,0.932693,0.932693,0.932693,0.932693,0.932693,0.932693,0.932693,0.932693,0.932693,0.932693,0.932693,0.932693,0.932693,0.932693,0.932693,0.932693,0.932693,0.932693,0.932693,0.932693,0.932693,0.932693,0.932693,0.932693,0.932693,0.932693,0.932693,0.932693,0.932693,0.932693,0.932693,0.932693,0.932693,0.932693,0.932693,0.932693,0.932693,0.932693,0.932693,0.932693,
