kBasicLog: 1
kBreedEdges: 1
kBreedGates: 1
kBreedSample: 4
kBreedType: 0
kChildren: 100
kEvaluations: 50000
kGens: 100
kLegalGateTypes: 1
kLog: 1
kLogIter: 0
kMaxGenStagnation: 300
kMessUp: 0
kMutatePercent: 1
kMutationMode: 1
kMutations: 16
kPruneOrphans: 1
kSaveDotGraphs: 1
kSeed: 0
kThreads: 4
kThreshold: 1000
kTruthWeight: 1
columns: 13
rows: 5,5,5,5,5,5,5,5,5,5,5,5,4
goal_correct_count: 256
goal_total_count: 2048
goal_total_weighted_count: 65536
~
gates_used: 25
total_count: 1624
total_weighted_count: 0
percent: 0.792969
weighted_percent: 0.000000
evaluations: 50100
~
1452,1484,1496,1500,1510,1524,1528,1530,1534,1538,1538,1544,1544,1544,1548,1552,1556,1560,1560,1560,1564,1566,1580,1582,1582,1582,1582,1582,1582,1584,1584,1584,1584,1584,1588,1588,1588,1588,1588,1588,1588,1588,1588,1588,1588,1588,1588,1588,1588,1588,1588,1588,1588,1588,1588,1588,1588,1590,1590,1590,1590,1590,1590,1590,1590,1590,1592,1596,1598,1598,1598,1598,1598,1598,1606,1606,1606,1606,1606,1606,1606,1606,1606,1606,1606,1606,1606,1606,1606,1606,1606,1606,1606,1606,1606,1606,1606,1606,1606,1606,1608,1608,1608,1608,1608,1609,1609,1609,1609,1609,1609,1609,1609,1609,1609,1609,1609,1611,1611,1611,1611,1611,1611,1611,1611,1611,1611,1611,1611,1611,1611,1611,1611,1611,1611,1611,1611,1611,1611,1611,1611,1611,1611,1611,1611,1611,1611,1611,1611,1611,1611,1611,1611,1611,1611,1611,1611,1611,1611,1611,1611,1611,1611,1611,1611,1611,1611,1611,1611,1611,1611,1611,1611,1611,1611,1611,1611,1611,1611,1611,1611,1611,1611,1611,1611,1611,1611,1611,1611,1611,1611,1611,1611,1611,1611,1611,1611,1611,1611,1611,1611,1611,1611,1611,1611,1611,1611,1611,1611,1611,1611,1611,1611,1611,1611,1611,1611,1611,1611,1611,1611,1611,1611,1611,1611,1611,1611,1611,1611,1611,1611,1611,1611,1611,1611,1611,1611,1611,1611,1611,1611,1611,1611,1611,1611,1611,1611,1611,1611,1611,1611,1611,1611,1611,1611,1611,1611,1611,1611,1611,1611,1611,1611,1611,1611,1611,1611,1611,1611,1611,1611,1611,1611,1611,1611,1611,1611,1611,1611,1611,1611,1611,1611,1611,1611,1611,1611,1611,1611,1611,1611,1611,1611,1611,1611,1611,1611,1611,1611,1611,1611,1611,1611,1611,1611,1611,1611,1611,1611,1611,1611,1611,1611,1611,1611,1611,1611,1611,1611,1611,1611,1611,1611,1611,1611,1611,1611,1611,1611,1611,1611,1611,1611,1611,1611,1611,1611,1611,1611,1611,1611,1611,1611,1611,1611,1611,1611,1611,1611,1611,1611,1611,1611,1611,1611,1611,1611,1611,1611,1611,1611,1611,1611,1611,1611,1611,1611,1611,1611,1611,1611,1611,1611,1611,1611,1611,1611,1611,1611,1611,1611,1611,1611,1611,1611,1611,1611,1611,1611,1611,1611,1611,1611,1611,1611,1611,1611,1611,1611,1611,1611,1611,1611,1611,1611,1611,1611,1611,1611,1611,1611,1611,1611,1611,1611,1611,1611,1611,1611,1611,1611,1611,1611,1611,1611,1611,1611,1611,1611,1611,1611,1611,1611,1611,1611,1611,1611,1611,1611,1611,1611,1611,1611,1611,1611,1611,1611,1611,1611,1611,1611,1611,1611,1611,1611,1611,1611,1611,1611,1611,1611,1611,1611,1611,1611,1611,1611,1611,1611,1611,1611,1611,1611,1611,1611,1611,1611,1612,1616,1618,1618,1618,1618,1618,1618,1618,1618,1618,1624,1624,1624,1624,1624,1624,1624,1624,1624,1624,1624,1624,1624,
49148,51708,51900,51908,51988,52002,52010,52014,52078,52086,52086,52102,52102,52102,55098,55162,55178,55242,55242,55242,55274,55290,56310,56342,56342,56342,56342,56342,56342,56374,56374,56374,56374,56374,56390,56390,56390,56390,56390,56390,56390,56390,56390,56390,56390,56390,56390,56390,56390,56390,56390,56390,56390,56390,56390,56390,56390,56392,56392,56392,56392,56392,56392,56392,56392,56392,56424,56456,56488,56488,56488,56488,56488,56488,56504,56504,56504,56504,56504,56504,56504,56504,56504,56504,56504,56504,56504,56504,56504,56504,56504,56504,56504,56504,56504,56504,56504,56504,56504,56504,56520,56520,56520,56520,56520,56536,56536,56536,56536,56536,56536,56536,56536,56536,56536,56536,56536,56568,56568,56568,56568,56568,56568,56568,56568,56568,56568,56568,56568,56568,56568,56568,56568,56568,56568,56568,56568,56568,56568,56568,56568,56568,56568,56568,56568,56568,56568,56568,56568,56568,56568,56568,56568,56568,56568,56568,56568,56568,56568,56568,56568,56568,56568,56568,56568,56568,56568,56568,56568,56568,56568,56568,56568,56568,56568,56568,56568,56568,56568,56568,56568,56568,56568,56568,56568,56568,56568,56568,56568,56568,56568,56568,56568,56568,56568,56568,56568,56568,56568,56568,56568,56568,56568,56568,56568,56568,56568,56568,56568,56568,56568,56568,56568,56568,56568,56568,56568,56568,56568,56568,56568,56568,56568,56568,56568,56568,56568,56568,56568,56568,56568,56568,56568,56568,56568,56568,56568,56568,56568,56568,56568,56568,56568,56568,56568,56568,56568,56568,56568,56568,56568,56568,56568,56568,56568,56568,56568,56568,56568,56568,56568,56568,56568,56568,56568,56568,56568,56568,56568,56568,56568,56568,56568,56568,56568,56568,56568,56568,56568,56568,56568,56568,56568,56568,56568,56568,56568,56568,56568,56568,56568,56568,56568,56568,56568,56568,56568,56568,56568,56568,56568,56568,56568,56568,56568,56568,56568,56568,56568,56568,56568,56568,56568,56568,56568,56568,56568,56568,56568,56568,56568,56568,56568,56568,56568,56568,56568,56568,56568,56568,56568,56568,56568,56568,56568,56568,56568,56568,56568,56568,56568,56568,56568,56568,56568,56568,56568,56568,56568,56568,56568,56568,56568,56568,56568,56568,56568,56568,56568,56568,56568,56568,56568,56568,56568,56568,56568,56568,56568,56568,56568,56568,56568,56568,56568,56568,56568,56568,56568,56568,56568,56568,56568,56568,56568,56568,56568,56568,56568,56568,56568,56568,56568,56568,56568,56568,56568,56568,56568,56568,56568,56568,56568,56568,56568,56568,56568,56568,56568,56568,56568,56568,56568,56568,56568,56568,56568,56568,56568,56568,56568,56568,56568,56568,56568,56568,56568,56568,56568,56568,56568,56568,56568,56568,56568,56568,56568,56568,56568,56568,56568,56568,56568,56568,56568,56568,56568,56568,56568,56568,56568,56568,56568,56568,56568,56568,56568,56568,56568,56568,56568,56568,56568,56568,56568,56568,56568,56568,56568,56568,56568,56568,56568,56568,56568,56568,56568,56584,56648,56680,56680,56680,56680,56680,56680,56680,56680,56680,56776,56776,56776,56776,56776,56776,56776,56776,56776,56776,56776,56776,56776,
0.708984,0.724609,0.730469,0.732422,0.737305,0.744141,0.746094,0.747070,0.749023,0.750977,0.750977,0.753906,0.753906,0.753906,0.755859,0.757812,0.759766,0.761719,0.761719,0.761719,0.763672,0.764648,0.771484,0.772461,0.772461,0.772461,0.772461,0.772461,0.772461,0.773438,0.773438,0.773438,0.773438,0.773438,0.775391,0.775391,0.775391,0.775391,0.775391,0.775391,0.775391,0.775391,0.775391,0.775391,0.775391,0.775391,0.775391,0.775391,0.775391,0.775391,0.775391,0.775391,0.775391,0.775391,0.775391,0.775391,0.775391,0.776367,0.776367,0.776367,0.776367,0.776367,0.776367,0.776367,0.776367,0.776367,0.777344,0.779297,0.780273,0.780273,0.780273,0.780273,0.780273,0.780273,0.784180,0.784180,0.784180,0.784180,0.784180,0.784180,0.784180,0.784180,0.784180,0.784180,0.784180,0.784180,0.784180,0.784180,0.784180,0.784180,0.784180,0.784180,0.784180,0.784180,0.784180,0.784180,0.784180,0.784180,0.784180,0.784180,0.785156,0.785156,0.785156,0.785156,0.785156,0.785645,0.785645,0.785645,0.785645,0.785645,0.785645,0.785645,0.785645,0.785645,0.785645,0.785645,0.785645,0.786621,0.786621,0.786621,0.786621,0.786621,0.786621,0.786621,0.786621,0.786621,0.786621,0.786621,0.786621,0.786621,0.786621,0.786621,0.786621,0.786621,0.786621,0.786621,0.786621,0.786621,0.786621,0.786621,0.786621,0.786621,0.786621,0.786621,0.786621,0.786621,0.786621,0.786621,0.786621,0.786621,0.786621,0.786621,0.786621,0.786621,0.786621,0.786621,0.786621,0.786621,0.786621,0.786621,0.786621,0.786621,0.786621,0.786621,0.786621,0.786621,0.786621,0.786621,0.786621,0.786621,0.786621,0.786621,0.786621,0.786621,0.786621,0.786621,0.786621,0.786621,0.786621,0.786621,0.786621,0.786621,0.786621,0.786621,0.786621,0.786621,0.786621,0.786621,0.786621,0.786621,0.786621,0.786621,0.786621,0.786621,0.786621,0.786621,0.786621,0.786621,0.786621,0.786621,0.786621,0.786621,0.786621,0.786621,0.786621,0.786621,0.786621,0.786621,0.786621,0.786621,0.786621,0.786621,0.786621,0.786621,0.786621,0.786621,0.786621,0.786621,0.786621,0.786621,0.786621,0.786621,0.786621,0.786621,0.786621,0.786621,0.786621,0.786621,0.786621,0.786621,0.786621,0.786621,0.786621,0.786621,0.786621,0.786621,0.786621,0.786621,0.786621,0.786621,0.786621,0.786621,0.786621,0.786621,0.786621,0.786621,0.786621,0.786621,0.786621,0.786621,0.786621,0.786621,0.786621,0.786621,0.786621,0.786621,0.786621,0.786621,0.786621,0.786621,0.786621,0.786621,0.786621,0.786621,0.786621,0.786621,0.786621,0.786621,0.786621,0.786621,0.786621,0.786621,0.786621,0.786621,0.786621,0.786621,0.786621,0.786621,0.786621,0.786621,0.786621,0.786621,0.786621,0.786621,0.786621,0.786621,0.786621,0.786621,0.786621,0.786621,0.786621,0.786621,0.786621,0.786621,0.786621,0.786621,0.786621,0.786621,0.786621,0.786621,0.786621,0.786621,0.786621,0.786621,0.786621,0.786621,0.786621,0.786621,0.786621,0.786621,0.786621,0.786621,0.786621,0.786621,0.786621,0.786621,0.786621,0.786621,0.786621,0.786621,0.786621,0.786621,0.786621,0.786621,0.786621,0.786621,0.786621,0.786621,0.786621,0.786621,0.786621,0.786621,0.786621,0.786621,0.786621,0.786621,0.786621,0.786621,0.786621,0.786621,0.786621,0.786621,0.786621,0.786621,0.786621,0.786621,0.786621,0.786621,0.786621,0.786621,0.786621,0.786621,0.786621,0.786621,0.786621,0.786621,0.786621,0.786621,0.786621,0.786621,0.786621,0.786621,0.786621,0.786621,0.786621,0.786621,0.786621,0.786621,0.786621,0.786621,0.786621,0.786621,0.786621,0.786621,0.786621,0.786621,0.786621,0.786621,0.786621,0.786621,0.786621,0.786621,0.786621,0.786621,0.786621,0.786621,0.786621,0.786621,0.786621,0.786621,0.786621,0.786621,0.786621,0.786621,0.786621,0.786621,0.786621,0.786621,0.786621,0.786621,0.786621,0.786621,0.786621,0.786621,0.786621,0.786621,0.786621,0.786621,0.786621,0.786621,0.786621,0.786621,0.786621,0.786621,0.786621,0.786621,0.786621,0.786621,0.786621,0.786621,0.786621,0.786621,0.786621,0.786621,0.786621,0.786621,0.786621,0.786621,0.786621,0.786621,0.786621,0.786621,0.786621,0.786621,0.786621,0.786621,0.786621,0.786621,0.786621,0.786621,0.786621,0.786621,0.786621,0.786621,0.786621,0.786621,0.786621,0.786621,0.786621,0.786621,0.786621,0.786621,0.786621,0.786621,0.786621,0.786621,0.786621,0.786621,0.786621,0.786621,0.786621,0.786621,0.786621,0.786621,0.786621,0.786621,0.786621,0.786621,0.786621,0.786621,0.786621,0.786621,0.786621,0.786621,0.786621,0.786621,0.786621,0.787109,0.789062,0.790039,0.790039,0.790039,0.790039,0.790039,0.790039,0.790039,0.790039,0.790039,0.792969,0.792969,0.792969,0.792969,0.792969,0.792969,0.792969,0.792969,0.792969,0.792969,0.792969,0.792969,0.792969,
0.749939,0.789001,0.791931,0.792053,0.793274,0.793488,0.793610,0.793671,0.794647,0.794769,0.794769,0.795013,0.795013,0.795013,0.840729,0.841705,0.841949,0.842926,0.842926,0.842926,0.843414,0.843658,0.859222,0.859711,0.859711,0.859711,0.859711,0.859711,0.859711,0.860199,0.860199,0.860199,0.860199,0.860199,0.860443,0.860443,0.860443,0.860443,0.860443,0.860443,0.860443,0.860443,0.860443,0.860443,0.860443,0.860443,0.860443,0.860443,0.860443,0.860443,0.860443,0.860443,0.860443,0.860443,0.860443,0.860443,0.860443,0.860474,0.860474,0.860474,0.860474,0.860474,0.860474,0.860474,0.860474,0.860474,0.860962,0.861450,0.861938,0.861938,0.861938,0.861938,0.861938,0.861938,0.862183,0.862183,0.862183,0.862183,0.862183,0.862183,0.862183,0.862183,0.862183,0.862183,0.862183,0.862183,0.862183,0.862183,0.862183,0.862183,0.862183,0.862183,0.862183,0.862183,0.862183,0.862183,0.862183,0.862183,0.862183,0.862183,0.862427,0.862427,0.862427,0.862427,0.862427,0.862671,0.862671,0.862671,0.862671,0.862671,0.862671,0.862671,0.862671,0.862671,0.862671,0.862671,0.862671,0.863159,0.863159,0.863159,0.863159,0.863159,0.863159,0.863159,0.863159,0.863159,0.863159,0.863159,0.863159,0.863159,0.863159,0.863159,0.863159,0.863159,0.863159,0.863159,0.863159,0.863159,0.863159,0.863159,0.863159,0.863159,0.863159,0.863159,0.863159,0.863159,0.863159,0.863159,0.863159,0.863159,0.863159,0.863159,0.863159,0.863159,0.863159,0.863159,0.863159,0.863159,0.863159,0.863159,0.863159,0.863159,0.863159,0.863159,0.863159,0.863159,0.863159,0.863159,0.863159,0.863159,0.863159,0.863159,0.863159,0.863159,0.863159,0.863159,0.863159,0.863159,0.863159,0.863159,0.863159,0.863159,0.863159,0.863159,0.863159,0.863159,0.863159,0.863159,0.863159,0.863159,0.863159,0.863159,0.863159,0.863159,0.863159,0.863159,0.863159,0.863159,0.863159,0.863159,0.863159,0.863159,0.863159,0.863159,0.863159,0.863159,0.863159,0.863159,0.863159,0.863159,0.863159,0.863159,0.863159,0.863159,0.863159,0.863159,0.863159,0.863159,0.863159,0.863159,0.863159,0.863159,0.863159,0.863159,0.863159,0.863159,0.863159,0.863159,0.863159,0.863159,0.863159,0.863159,0.863159,0.863159,0.863159,0.863159,0.863159,0.863159,0.863159,0.863159,0.863159,0.863159,0.863159,0.863159,0.863159,0.863159,0.863159,0.863159,0.863159,0.863159,0.863159,0.863159,0.863159,0.863159,0.863159,0.863159,0.863159,0.863159,0.863159,0.863159,0.863159,0.863159,0.863159,0.863159,0.863159,0.863159,0.863159,0.863159,0.863159,0.863159,0.863159,0.863159,0.863159,0.863159,0.863159,0.863159,0.863159,0.863159,0.863159,0.863159,0.863159,0.863159,0.863159,0.863159,0.863159,0.863159,0.863159,0.863159,0.863159,0.863159,0.863159,0.863159,0.863159,0.863159,0.863159,0.863159,0.863159,0.863159,0.863159,0.863159,0.863159,0.863159,0.863159,0.863159,0.863159,0.863159,0.863159,0.863159,0.863159,0.863159,0.863159,0.863159,0.863159,0.863159,0.863159,0.863159,0.863159,0.863159,0.863159,0.863159,0.863159,0.863159,0.863159,0.863159,0.863159,0.863159,0.863159,0.863159,0.863159,0.863159,0.863159,0.863159,0.863159,0.863159,0.863159,0.863159,0.863159,0.863159,0.863159,0.863159,0.863159,0.863159,0.863159,0.863159,0.863159,0.863159,0.863159,0.863159,0.863159,0.863159,0.863159,0.863159,0.863159,0.863159,0.863159,0.863159,0.863159,0.863159,0.863159,0.863159,0.863159,0.863159,0.863159,0.863159,0.863159,0.863159,0.863159,0.863159,0.863159,0.863159,0.863159,0.863159,0.863159,0.863159,0.863159,0.863159,0.863159,0.863159,0.863159,0.863159,0.863159,0.863159,0.863159,0.863159,0.863159,0.863159,0.863159,0.863159,0.863159,0.863159,0.863159,0.863159,0.863159,0.863159,0.863159,0.863159,0.863159,0.863159,0.863159,0.863159,0.863159,0.863159,0.863159,0.863159,0.863159,0.863159,0.863159,0.863159,0.863159,0.863159,0.863159,0.863159,0.863159,0.863159,0.863159,0.863159,0.863159,0.863159,0.863159,0.863159,0.863159,0.863159,0.863159,0.863159,0.863159,0.863159,0.863159,0.863159,0.863159,0.863159,0.863159,0.863159,0.863159,0.863159,0.863159,0.863159,0.863159,0.863159,0.863159,0.863159,0.863159,0.863159,0.863159,0.863159,0.863159,0.863159,0.863159,0.863159,0.863159,0.863159,0.863159,0.863159,0.863159,0.863159,0.863159,0.863159,0.863159,0.863159,0.863159,0.863159,0.863159,0.863159,0.863159,0.863159,0.863159,0.863159,0.863159,0.863159,0.863159,0.863159,0.863159,0.863159,0.863159,0.863159,0.863159,0.863159,0.863159,0.863403,0.864380,0.864868,0.864868,0.864868,0.864868,0.864868,0.864868,0.864868,0.864868,0.864868,0.866333,0.866333,0.866333,0.866333,0.866333,0.866333,0.866333,0.866333,0.866333,0.866333,0.866333,0.866333,0.866333,
