kBasicLog: 1
kBreedEdges: 1
kBreedGates: 1
kBreedSample: 4
kBreedType: 0
kChildren: 100
kEvaluations: 50000
kGens: 100
kLegalGateTypes: 1
kLog: 1
kLogIter: 2
kMaxGenStagnation: 300
kMessUp: 0
kMutatePercent: 10
kMutationMode: 1
kMutations: 16
kPruneOrphans: 1
kSaveDotGraphs: 1
kSeed: 0
kThreads: 4
kThreshold: 1000
kTruthWeight: 1
columns: 13
rows: 5,5,5,5,5,5,5,5,5,5,5,5,4
goal_correct_count: 256
goal_total_count: 2048
goal_total_weighted_count: 65536
~
gates_used: 38
total_count: 1653
total_weighted_count: 0
percent: 0.807129
weighted_percent: 0.000000
evaluations: 50100
~
1470,1504,1518,1530,1530,1542,1554,1554,1572,1594,1597,1597,1598,1607,1611,1611,1614,1618,1618,1630,1630,1630,1630,1630,1632,1632,1632,1632,1632,1632,1632,1632,1632,1632,1634,1634,1634,1634,1634,1634,1634,1637,1637,1637,1637,1637,1637,1637,1637,1637,1637,1637,1637,1637,1639,1639,1639,1639,1639,1639,1639,1639,1639,1639,1639,1639,1639,1639,1641,1641,1642,1642,1642,1642,1642,1642,1642,1642,1642,1642,1642,1642,1642,1642,1645,1645,1645,1645,1645,1645,1645,1645,1645,1645,1645,1645,1645,1645,1645,1645,1645,1645,1645,1646,1646,1646,1646,1646,1646,1646,1646,1646,1646,1646,1646,1646,1646,1646,1646,1646,1646,1646,1646,1646,1646,1646,1646,1646,1646,1646,1646,1646,1646,1646,1646,1646,1646,1646,1646,1646,1646,1646,1646,1646,1646,1646,1646,1646,1646,1646,1646,1646,1646,1646,1646,1646,1646,1646,1646,1646,1646,1646,1646,1646,1646,1646,1646,1646,1646,1646,1646,1646,1646,1646,1646,1646,1646,1646,1646,1646,1646,1646,1646,1646,1646,1646,1646,1646,1646,1646,1646,1646,1646,1646,1646,1646,1646,1646,1646,1646,1646,1646,1646,1646,1646,1646,1646,1646,1646,1646,1646,1646,1646,1646,1646,1646,1646,1646,1646,1646,1646,1646,1646,1646,1646,1646,1646,1646,1646,1646,1646,1646,1646,1646,1646,1646,1646,1646,1646,1646,1646,1646,1646,1646,1646,1646,1646,1646,1646,1646,1646,1646,1646,1646,1646,1646,1646,1646,1646,1646,1647,1647,1647,1647,1647,1647,1647,1647,1647,1647,1647,1647,1647,1647,1647,1647,1647,1647,1647,1647,1647,1647,1647,1647,1647,1647,1647,1647,1647,1647,1647,1647,1647,1647,1647,1647,1647,1647,1647,1647,1647,1647,1647,1647,1647,1647,1647,1647,1647,1647,1647,1647,1647,1647,1647,1647,1647,1647,1647,1647,1647,1647,1647,1647,1647,1647,1647,1647,1647,1647,1647,1647,1647,1647,1647,1647,1647,1647,1647,1647,1647,1647,1647,1647,1647,1647,1647,1647,1647,1647,1647,1647,1647,1647,1647,1647,1647,1647,1647,1647,1647,1647,1647,1647,1647,1647,1647,1647,1647,1647,1647,1647,1647,1647,1647,1647,1647,1647,1647,1647,1647,1647,1647,1647,1647,1648,1648,1648,1648,1648,1648,1648,1648,1648,1648,1648,1650,1650,1650,1652,1652,1652,1652,1652,1652,1652,1652,1652,1652,1652,1652,1652,1652,1652,1652,1652,1652,1652,1652,1652,1652,1652,1652,1652,1652,1652,1652,1652,1652,1652,1652,1652,1652,1652,1652,1652,1652,1652,1652,1652,1652,1652,1652,1652,1652,1652,1652,1652,1652,1652,1652,1652,1652,1652,1652,1652,1652,1652,1652,1652,1652,1652,1652,1652,1652,1652,1652,1652,1652,1652,1652,1652,1652,1652,1652,1652,1652,1652,1652,1652,1652,1652,1653,1653,1653,1653,1653,1653,1653,1653,1653,1653,1653,1653,1653,1653,1653,1653,1653,1653,1653,
53252,55372,55456,55534,55534,55592,56088,56088,58940,59644,59674,59674,59680,59862,59870,59870,59894,59934,59934,60068,60068,60068,60068,60130,60132,60132,60132,60132,60132,60132,60132,60132,60132,60132,60136,60136,60136,60136,60136,60136,60136,60146,60146,60146,60146,60146,60146,60146,60146,60146,60146,60146,60146,60146,60148,60148,60148,60148,60148,60148,60148,60148,60148,60148,60148,60148,60148,60148,60156,60156,60160,60160,60160,60160,60160,60160,60160,60160,60160,60160,60160,60160,60160,60160,60208,60208,60208,60208,60208,60208,60208,60208,60208,60208,60208,60208,60208,60208,60208,60208,60208,60208,60208,60254,60254,60254,60254,60254,60254,60254,60254,60254,60254,60254,60254,60254,60254,60254,60254,60254,60254,60254,60254,60254,60254,60254,60254,60254,60254,60254,60254,60254,60254,60254,60254,60254,60254,60254,60254,60254,60254,60254,60254,60254,60254,60254,60254,60254,60254,60254,60254,60254,60254,60254,60254,60254,60254,60254,60254,60254,60254,60254,60254,60254,60254,60254,60254,60254,60254,60254,60254,60254,60254,60254,60254,60254,60254,60254,60254,60254,60254,60254,60254,60254,60254,60254,60254,60254,60254,60254,60254,60254,60254,60254,60254,60254,60254,60254,60254,60254,60254,60254,60254,60254,60254,60254,60254,60254,60254,60254,60254,60254,60254,60254,60254,60254,60254,60254,60254,60254,60254,60254,60254,60254,60254,60254,60254,60254,60254,60254,60254,60254,60254,60254,60254,60254,60254,60254,60254,60254,60254,60254,60254,60254,60254,60254,60254,60254,60254,60254,60254,60254,60254,60254,60254,60254,60254,60254,60254,60254,60286,60286,60286,60286,60286,60286,60286,60286,60286,60286,60286,60286,60286,60286,60286,60286,60286,60286,60286,60286,60286,60286,60286,60286,60286,60286,60286,60286,60286,60286,60286,60286,60286,60286,60286,60286,60286,60286,60286,60286,60286,60286,60286,60286,60286,60286,60286,60286,60286,60286,60286,60286,60286,60286,60286,60286,60286,60286,60286,60286,60286,60286,60286,60286,60286,60286,60286,60286,60286,60286,60286,60286,60286,60286,60286,60286,60286,60286,60286,60286,60286,60286,60286,60286,60286,60286,60286,60286,60286,60286,60286,60286,60286,60286,60286,60286,60286,60286,60286,60286,60286,60286,60286,60286,60286,60286,60286,60286,60286,60286,60286,60286,60286,60286,60286,60286,60286,60286,60286,60286,60286,60286,60286,60286,60286,60300,60300,60300,60300,60300,60300,60300,60300,60300,60300,60300,60308,60308,60308,60316,60316,60316,60316,60316,60316,60316,60316,60316,60316,60316,60316,60316,60316,60316,60316,60316,60316,60316,60316,60316,60316,60316,60316,60316,60316,60316,60316,60316,60316,60316,60316,60316,60316,60316,60316,60316,60316,60316,60316,60316,60316,60316,60316,60316,60316,60316,60316,60316,60316,60316,60316,60316,60316,60316,60316,60316,60316,60316,60316,60316,60316,60316,60316,60316,60316,60316,60316,60316,60316,60316,60316,60316,60316,60316,60316,60316,60316,60316,60316,60316,60316,60316,60322,60322,60322,60322,60322,60322,60322,60322,60322,60322,60322,60322,60322,60322,60322,60322,60322,60322,60322,
0.717773,0.734375,0.741211,0.747070,0.747070,0.752930,0.758789,0.758789,0.767578,0.778320,0.779785,0.779785,0.780273,0.784668,0.786621,0.786621,0.788086,0.790039,0.790039,0.795898,0.795898,0.795898,0.795898,0.795898,0.796875,0.796875,0.796875,0.796875,0.796875,0.796875,0.796875,0.796875,0.796875,0.796875,0.797852,0.797852,0.797852,0.797852,0.797852,0.797852,0.797852,0.799316,0.799316,0.799316,0.799316,0.799316,0.799316,0.799316,0.799316,0.799316,0.799316,0.799316,0.799316,0.799316,0.800293,0.800293,0.800293,0.800293,0.800293,0.800293,0.800293,0.800293,0.800293,0.800293,0.800293,0.800293,0.800293,0.800293,0.801270,0.801270,0.801758,0.801758,0.801758,0.801758,0.801758,0.801758,0.801758,0.801758,0.801758,0.801758,0.801758,0.801758,0.801758,0.801758,0.803223,0.803223,0.803223,0.803223,0.803223,0.803223,0.803223,0.803223,0.803223,0.803223,0.803223,0.803223,0.803223,0.803223,0.803223,0.803223,0.803223,0.803223,0.803223,0.803711,0.803711,0.803711,0.803711,0.803711,0.803711,0.803711,0.803711,0.803711,0.803711,0.803711,0.803711,0.803711,0.803711,0.803711,0.803711,0.803711,0.803711,0.803711,0.803711,0.803711,0.803711,0.803711,0.803711,0.803711,0.803711,0.803711,0.803711,0.803711,0.803711,0.803711,0.803711,0.803711,0.803711,0.803711,0.803711,0.803711,0.803711,0.803711,0.803711,0.803711,0.803711,0.803711,0.803711,0.803711,0.803711,0.803711,0.803711,0.803711,0.803711,0.803711,0.803711,0.803711,0.803711,0.803711,0.803711,0.803711,0.803711,0.803711,0.803711,0.803711,0.803711,0.803711,0.803711,0.803711,0.803711,0.803711,0.803711,0.803711,0.803711,0.803711,0.803711,0.803711,0.803711,0.803711,0.803711,0.803711,0.803711,0.803711,0.803711,0.803711,0.803711,0.803711,0.803711,0.803711,0.803711,0.803711,0.803711,0.803711,0.803711,0.803711,0.803711,0.803711,0.803711,0.803711,0.803711,0.803711,0.803711,0.803711,0.803711,0.803711,0.803711,0.803711,0.803711,0.803711,0.803711,0.803711,0.803711,0.803711,0.803711,0.803711,0.803711,0.803711,0.803711,0.803711,0.803711,0.803711,0.803711,0.803711,0.803711,0.803711,0.803711,0.803711,0.803711,0.803711,0.803711,0.803711,0.803711,0.803711,0.803711,0.803711,0.803711,0.803711,0.803711,0.803711,0.803711,0.803711,0.803711,0.803711,0.803711,0.803711,0.803711,0.803711,0.803711,0.803711,0.803711,0.803711,0.803711,0.803711,0.803711,0.803711,0.803711,0.803711,0.803711,0.803711,0.803711,0.803711,0.804199,0.804199,0.804199,0.804199,0.804199,0.804199,0.804199,0.804199,0.804199,0.804199,0.804199,0.804199,0.804199,0.804199,0.804199,0.804199,0.804199,0.804199,0.804199,0.804199,0.804199,0.804199,0.804199,0.804199,0.804199,0.804199,0.804199,0.804199,0.804199,0.804199,0.804199,0.804199,0.804199,0.804199,0.804199,0.804199,0.804199,0.804199,0.804199,0.804199,0.804199,0.804199,0.804199,0.804199,0.804199,0.804199,0.804199,0.804199,0.804199,0.804199,0.804199,0.804199,0.804199,0.804199,0.804199,0.804199,0.804199,0.804199,0.804199,0.804199,0.804199,0.804199,0.804199,0.804199,0.804199,0.804199,0.804199,0.804199,0.804199,0.804199,0.804199,0.804199,0.804199,0.804199,0.804199,0.804199,0.804199,0.804199,0.804199,0.804199,0.804199,0.804199,0.804199,0.804199,0.804199,0.804199,0.804199,0.804199,0.804199,0.804199,0.804199,0.804199,0.804199,0.804199,0.804199,0.804199,0.804199,0.804199,0.804199,0.804199,0.804199,0.804199,0.804199,0.804199,0.804199,0.804199,0.804199,0.804199,0.804199,0.804199,0.804199,0.804199,0.804199,0.804199,0.804199,0.804199,0.804199,0.804199,0.804199,0.804199,0.804199,0.804199,0.804199,0.804199,0.804199,0.804688,0.804688,0.804688,0.804688,0.804688,0.804688,0.804688,0.804688,0.804688,0.804688,0.804688,0.805664,0.805664,0.805664,0.806641,0.806641,0.806641,0.806641,0.806641,0.806641,0.806641,0.806641,0.806641,0.806641,0.806641,0.806641,0.806641,0.806641,0.806641,0.806641,0.806641,0.806641,0.806641,0.806641,0.806641,0.806641,0.806641,0.806641,0.806641,0.806641,0.806641,0.806641,0.806641,0.806641,0.806641,0.806641,0.806641,0.806641,0.806641,0.806641,0.806641,0.806641,0.806641,0.806641,0.806641,0.806641,0.806641,0.806641,0.806641,0.806641,0.806641,0.806641,0.806641,0.806641,0.806641,0.806641,0.806641,0.806641,0.806641,0.806641,0.806641,0.806641,0.806641,0.806641,0.806641,0.806641,0.806641,0.806641,0.806641,0.806641,0.806641,0.806641,0.806641,0.806641,0.806641,0.806641,0.806641,0.806641,0.806641,0.806641,0.806641,0.806641,0.806641,0.806641,0.806641,0.806641,0.806641,0.807129,0.807129,0.807129,0.807129,0.807129,0.807129,0.807129,0.807129,0.807129,0.807129,0.807129,0.807129,0.807129,0.807129,0.807129,0.807129,0.807129,0.807129,0.807129,
0.812561,0.844910,0.846191,0.847382,0.847382,0.848267,0.855835,0.855835,0.899353,0.910095,0.910553,0.910553,0.910645,0.913422,0.913544,0.913544,0.913910,0.914520,0.914520,0.916565,0.916565,0.916565,0.916565,0.917511,0.917542,0.917542,0.917542,0.917542,0.917542,0.917542,0.917542,0.917542,0.917542,0.917542,0.917603,0.917603,0.917603,0.917603,0.917603,0.917603,0.917603,0.917755,0.917755,0.917755,0.917755,0.917755,0.917755,0.917755,0.917755,0.917755,0.917755,0.917755,0.917755,0.917755,0.917786,0.917786,0.917786,0.917786,0.917786,0.917786,0.917786,0.917786,0.917786,0.917786,0.917786,0.917786,0.917786,0.917786,0.917908,0.917908,0.917969,0.917969,0.917969,0.917969,0.917969,0.917969,0.917969,0.917969,0.917969,0.917969,0.917969,0.917969,0.917969,0.917969,0.918701,0.918701,0.918701,0.918701,0.918701,0.918701,0.918701,0.918701,0.918701,0.918701,0.918701,0.918701,0.918701,0.918701,0.918701,0.918701,0.918701,0.918701,0.918701,0.919403,0.919403,0.919403,0.919403,0.919403,0.919403,0.919403,0.919403,0.919403,0.919403,0.919403,0.919403,0.919403,0.919403,0.919403,0.919403,0.919403,0.919403,0.919403,0.919403,0.919403,0.919403,0.919403,0.919403,0.919403,0.919403,0.919403,0.919403,0.919403,0.919403,0.919403,0.919403,0.919403,0.919403,0.919403,0.919403,0.919403,0.919403,0.919403,0.919403,0.919403,0.919403,0.919403,0.919403,0.919403,0.919403,0.919403,0.919403,0.919403,0.919403,0.919403,0.919403,0.919403,0.919403,0.919403,0.919403,0.919403,0.919403,0.919403,0.919403,0.919403,0.919403,0.919403,0.919403,0.919403,0.919403,0.919403,0.919403,0.919403,0.919403,0.919403,0.919403,0.919403,0.919403,0.919403,0.919403,0.919403,0.919403,0.919403,0.919403,0.919403,0.919403,0.919403,0.919403,0.919403,0.919403,0.919403,0.919403,0.919403,0.919403,0.919403,0.919403,0.919403,0.919403,0.919403,0.919403,0.919403,0.919403,0.919403,0.919403,0.919403,0.919403,0.919403,0.919403,0.919403,0.919403,0.919403,0.919403,0.919403,0.919403,0.919403,0.919403,0.919403,0.919403,0.919403,0.919403,0.919403,0.919403,0.919403,0.919403,0.919403,0.919403,0.919403,0.919403,0.919403,0.919403,0.919403,0.919403,0.919403,0.919403,0.919403,0.919403,0.919403,0.919403,0.919403,0.919403,0.919403,0.919403,0.919403,0.919403,0.919403,0.919403,0.919403,0.919403,0.919403,0.919403,0.919403,0.919403,0.919403,0.919403,0.919403,0.919403,0.919403,0.919403,0.919403,0.919403,0.919403,0.919891,0.919891,0.919891,0.919891,0.919891,0.919891,0.919891,0.919891,0.919891,0.919891,0.919891,0.919891,0.919891,0.919891,0.919891,0.919891,0.919891,0.919891,0.919891,0.919891,0.919891,0.919891,0.919891,0.919891,0.919891,0.919891,0.919891,0.919891,0.919891,0.919891,0.919891,0.919891,0.919891,0.919891,0.919891,0.919891,0.919891,0.919891,0.919891,0.919891,0.919891,0.919891,0.919891,0.919891,0.919891,0.919891,0.919891,0.919891,0.919891,0.919891,0.919891,0.919891,0.919891,0.919891,0.919891,0.919891,0.919891,0.919891,0.919891,0.919891,0.919891,0.919891,0.919891,0.919891,0.919891,0.919891,0.919891,0.919891,0.919891,0.919891,0.919891,0.919891,0.919891,0.919891,0.919891,0.919891,0.919891,0.919891,0.919891,0.919891,0.919891,0.919891,0.919891,0.919891,0.919891,0.919891,0.919891,0.919891,0.919891,0.919891,0.919891,0.919891,0.919891,0.919891,0.919891,0.919891,0.919891,0.919891,0.919891,0.919891,0.919891,0.919891,0.919891,0.919891,0.919891,0.919891,0.919891,0.919891,0.919891,0.919891,0.919891,0.919891,0.919891,0.919891,0.919891,0.919891,0.919891,0.919891,0.919891,0.919891,0.919891,0.919891,0.919891,0.919891,0.919891,0.920105,0.920105,0.920105,0.920105,0.920105,0.920105,0.920105,0.920105,0.920105,0.920105,0.920105,0.920227,0.920227,0.920227,0.920349,0.920349,0.920349,0.920349,0.920349,0.920349,0.920349,0.920349,0.920349,0.920349,0.920349,0.920349,0.920349,0.920349,0.920349,0.920349,0.920349,0.920349,0.920349,0.920349,0.920349,0.920349,0.920349,0.920349,0.920349,0.920349,0.920349,0.920349,0.920349,0.920349,0.920349,0.920349,0.920349,0.920349,0.920349,0.920349,0.920349,0.920349,0.920349,0.920349,0.920349,0.920349,0.920349,0.920349,0.920349,0.920349,0.920349,0.920349,0.920349,0.920349,0.920349,0.920349,0.920349,0.920349,0.920349,0.920349,0.920349,0.920349,0.920349,0.920349,0.920349,0.920349,0.920349,0.920349,0.920349,0.920349,0.920349,0.920349,0.920349,0.920349,0.920349,0.920349,0.920349,0.920349,0.920349,0.920349,0.920349,0.920349,0.920349,0.920349,0.920349,0.920349,0.920349,0.920441,0.920441,0.920441,0.920441,0.920441,0.920441,0.920441,0.920441,0.920441,0.920441,0.920441,0.920441,0.920441,0.920441,0.920441,0.920441,0.920441,0.920441,0.920441,
