kBasicLog: 1
kBreedEdges: 1
kBreedGates: 1
kBreedSample: 4
kBreedType: 0
kChildren: 100
kEvaluations: 50000
kGens: 100
kLegalGateTypes: 1
kLog: 1
kLogIter: 0
kMaxGenStagnation: 300
kMessUp: 0
kMutatePercent: 10
kMutationMode: 1
kMutations: 16
kPruneOrphans: 1
kSaveDotGraphs: 1
kSeed: 0
kThreads: 4
kThreshold: 1000
kTruthWeight: 1
columns: 13
rows: 5,5,5,5,5,5,5,5,5,5,5,5,4
goal_correct_count: 256
goal_total_count: 2048
goal_total_weighted_count: 65536
~
gates_used: 33
total_count: 1584
total_weighted_count: 0
percent: 0.773438
weighted_percent: 0.000000
evaluations: 50100
~
1504,1530,1532,1550,1550,1550,1552,1552,1552,1552,1558,1558,1558,1558,1558,1558,1560,1560,1560,1560,1560,1560,1560,1560,1560,1560,1562,1562,1562,1562,1562,1562,1562,1562,1562,1562,1562,1562,1562,1562,1562,1570,1570,1570,1570,1570,1570,1570,1570,1570,1570,1570,1570,1570,1570,1570,1570,1570,1570,1570,1570,1570,1570,1570,1570,1570,1570,1570,1570,1570,1570,1570,1570,1570,1570,1570,1570,1570,1570,1570,1570,1570,1570,1570,1570,1570,1570,1570,1570,1570,1570,1570,1570,1570,1570,1576,1576,1576,1576,1576,1576,1576,1576,1576,1576,1576,1576,1576,1576,1576,1576,1576,1576,1576,1576,1576,1576,1576,1576,1576,1576,1576,1576,1576,1576,1576,1576,1576,1576,1576,1576,1576,1576,1576,1576,1576,1576,1576,1576,1576,1576,1576,1576,1576,1576,1576,1576,1576,1576,1576,1576,1576,1576,1576,1576,1576,1576,1576,1576,1576,1576,1576,1576,1576,1576,1576,1576,1576,1576,1576,1576,1576,1576,1576,1576,1576,1576,1576,1576,1576,1576,1576,1576,1576,1576,1576,1576,1576,1576,1576,1576,1576,1576,1576,1576,1576,1576,1576,1576,1576,1576,1576,1576,1576,1576,1576,1576,1576,1576,1576,1576,1576,1576,1576,1576,1576,1576,1576,1576,1576,1576,1576,1576,1576,1576,1576,1576,1576,1576,1576,1576,1576,1576,1576,1576,1576,1576,1576,1576,1576,1576,1576,1576,1576,1580,1580,1580,1580,1580,1580,1580,1580,1580,1580,1580,1580,1580,1580,1580,1580,1580,1580,1580,1580,1580,1580,1580,1580,1580,1580,1580,1580,1580,1580,1580,1580,1580,1580,1580,1580,1580,1580,1580,1580,1580,1580,1580,1580,1580,1580,1580,1580,1580,1580,1580,1580,1580,1580,1580,1580,1580,1580,1580,1580,1580,1580,1580,1580,1580,1580,1580,1580,1580,1580,1580,1580,1580,1580,1580,1580,1580,1580,1580,1580,1580,1580,1580,1580,1580,1580,1580,1580,1580,1580,1580,1580,1580,1580,1580,1580,1580,1580,1580,1580,1580,1580,1580,1580,1580,1580,1580,1580,1580,1580,1580,1580,1580,1580,1580,1580,1580,1580,1580,1580,1580,1580,1580,1580,1580,1580,1580,1580,1580,1580,1580,1580,1580,1580,1580,1580,1580,1580,1580,1580,1580,1580,1580,1580,1580,1580,1580,1580,1580,1580,1580,1580,1580,1580,1580,1580,1580,1580,1580,1580,1580,1580,1580,1580,1580,1580,1580,1580,1580,1580,1580,1580,1580,1580,1580,1580,1580,1580,1580,1580,1580,1580,1580,1580,1580,1580,1580,1580,1580,1580,1580,1580,1580,1580,1580,1580,1580,1580,1580,1580,1580,1580,1580,1580,1580,1580,1580,1580,1580,1580,1580,1580,1580,1580,1580,1580,1580,1580,1580,1580,1584,1584,1584,1584,1584,1584,1584,1584,1584,1584,1584,1584,1584,1584,1584,1584,1584,1584,1584,1584,1584,1584,1584,1584,1584,1584,1584,1584,1584,1584,1584,1584,1584,1584,1584,1584,1584,
54152,55292,55356,56112,56112,56112,56120,56120,56120,56120,56164,56164,56164,56164,56164,56164,56192,56192,56192,56192,56192,56192,56192,56192,56192,56192,56200,56200,56200,56200,56200,56200,56200,56200,56200,56200,56200,56200,56200,56200,56200,56208,56208,56208,56208,56208,56208,56208,56208,56208,56208,56208,56208,56208,56208,56208,56208,56208,56208,56208,56208,56208,56208,56208,56208,56208,56208,56208,56208,56208,56208,56208,56208,56208,56208,56208,56208,56208,56208,56208,56208,56208,56208,56208,56208,56208,56208,56208,56208,56208,56208,56208,56208,56208,56208,56220,56220,56220,56220,56220,56220,56220,56220,56220,56220,56220,56220,56220,56220,56220,56220,56220,56220,56220,56220,56220,56220,56220,56220,56220,56220,56220,56220,56220,56220,56220,56220,56220,56220,56220,56220,56220,56220,56220,56220,56220,56220,56220,56220,56220,56220,56220,56220,56220,56220,56220,56220,56220,56220,56220,56220,56220,56220,56220,56220,56220,56220,56220,56220,56220,56220,56220,56220,56220,56220,56220,56220,56220,56220,56220,56220,56220,56220,56220,56220,56220,56220,56220,56220,56220,56220,56220,56220,56220,56220,56220,56220,56220,56220,56220,56220,56220,56220,56220,56220,56220,56220,56220,56220,56220,56220,56220,56220,56220,56220,56220,56220,56220,56220,56220,56220,56220,56220,56220,56220,56220,56220,56220,56220,56220,56220,56220,56220,56220,56220,56220,56220,56220,56220,56220,56220,56220,56220,56220,56220,56220,56220,56220,56220,56220,56220,56220,56220,56220,56224,56224,56224,56224,56224,56224,56224,56224,56224,56224,56224,56224,56224,56224,56224,56224,56224,56224,56224,56224,56224,56224,56224,56224,56224,56224,56224,56224,56224,56224,56224,56224,56224,56224,56224,56224,56224,56224,56224,56224,56224,56224,56224,56224,56224,56224,56224,56224,56224,56224,56224,56224,56224,56224,56224,56224,56224,56224,56224,56224,56224,56224,56224,56224,56224,56224,56224,56224,56224,56224,56224,56224,56224,56224,56224,56224,56224,56224,56224,56224,56224,56224,56224,56224,56224,56224,56224,56224,56224,56224,56224,56224,56224,56224,56224,56224,56224,56224,56224,56224,56224,56224,56224,56224,56224,56224,56224,56224,56224,56224,56224,56224,56224,56224,56224,56224,56224,56224,56224,56224,56224,56224,56224,56224,56224,56224,56224,56224,56224,56224,56224,56224,56224,56224,56224,56224,56224,56224,56224,56224,56224,56224,56224,56224,56224,56224,56224,56224,56224,56224,56224,56224,56224,56224,56224,56224,56224,56224,56224,56224,56224,56224,56224,56224,56224,56224,56224,56224,56224,56224,56224,56224,56224,56224,56224,56224,56224,56224,56224,56224,56224,56224,56224,56224,56224,56224,56224,56224,56224,56224,56224,56224,56224,56224,56224,56224,56224,56224,56224,56224,56224,56224,56224,56224,56224,56224,56224,56224,56224,56224,56224,56224,56224,56224,56224,56224,56224,56224,56224,56224,56228,56228,56228,56228,56228,56228,56228,56228,56228,56228,56228,56228,56228,56228,56228,56228,56228,56228,56228,56228,56228,56228,56228,56228,56228,56228,56228,56228,56228,56228,56228,56228,56228,56228,56228,56228,56228,
0.734375,0.747070,0.748047,0.756836,0.756836,0.756836,0.757812,0.757812,0.757812,0.757812,0.760742,0.760742,0.760742,0.760742,0.760742,0.760742,0.761719,0.761719,0.761719,0.761719,0.761719,0.761719,0.761719,0.761719,0.761719,0.761719,0.762695,0.762695,0.762695,0.762695,0.762695,0.762695,0.762695,0.762695,0.762695,0.762695,0.762695,0.762695,0.762695,0.762695,0.762695,0.766602,0.766602,0.766602,0.766602,0.766602,0.766602,0.766602,0.766602,0.766602,0.766602,0.766602,0.766602,0.766602,0.766602,0.766602,0.766602,0.766602,0.766602,0.766602,0.766602,0.766602,0.766602,0.766602,0.766602,0.766602,0.766602,0.766602,0.766602,0.766602,0.766602,0.766602,0.766602,0.766602,0.766602,0.766602,0.766602,0.766602,0.766602,0.766602,0.766602,0.766602,0.766602,0.766602,0.766602,0.766602,0.766602,0.766602,0.766602,0.766602,0.766602,0.766602,0.766602,0.766602,0.766602,0.769531,0.769531,0.769531,0.769531,0.769531,0.769531,0.769531,0.769531,0.769531,0.769531,0.769531,0.769531,0.769531,0.769531,0.769531,0.769531,0.769531,0.769531,0.769531,0.769531,0.769531,0.769531,0.769531,0.769531,0.769531,0.769531,0.769531,0.769531,0.769531,0.769531,0.769531,0.769531,0.769531,0.769531,0.769531,0.769531,0.769531,0.769531,0.769531,0.769531,0.769531,0.769531,0.769531,0.769531,0.769531,0.769531,0.769531,0.769531,0.769531,0.769531,0.769531,0.769531,0.769531,0.769531,0.769531,0.769531,0.769531,0.769531,0.769531,0.769531,0.769531,0.769531,0.769531,0.769531,0.769531,0.769531,0.769531,0.769531,0.769531,0.769531,0.769531,0.769531,0.769531,0.769531,0.769531,0.769531,0.769531,0.769531,0.769531,0.769531,0.769531,0.769531,0.769531,0.769531,0.769531,0.769531,0.769531,0.769531,0.769531,0.769531,0.769531,0.769531,0.769531,0.769531,0.769531,0.769531,0.769531,0.769531,0.769531,0.769531,0.769531,0.769531,0.769531,0.769531,0.769531,0.769531,0.769531,0.769531,0.769531,0.769531,0.769531,0.769531,0.769531,0.769531,0.769531,0.769531,0.769531,0.769531,0.769531,0.769531,0.769531,0.769531,0.769531,0.769531,0.769531,0.769531,0.769531,0.769531,0.769531,0.769531,0.769531,0.769531,0.769531,0.769531,0.769531,0.769531,0.769531,0.769531,0.769531,0.769531,0.769531,0.769531,0.769531,0.769531,0.769531,0.769531,0.769531,0.769531,0.769531,0.771484,0.771484,0.771484,0.771484,0.771484,0.771484,0.771484,0.771484,0.771484,0.771484,0.771484,0.771484,0.771484,0.771484,0.771484,0.771484,0.771484,0.771484,0.771484,0.771484,0.771484,0.771484,0.771484,0.771484,0.771484,0.771484,0.771484,0.771484,0.771484,0.771484,0.771484,0.771484,0.771484,0.771484,0.771484,0.771484,0.771484,0.771484,0.771484,0.771484,0.771484,0.771484,0.771484,0.771484,0.771484,0.771484,0.771484,0.771484,0.771484,0.771484,0.771484,0.771484,0.771484,0.771484,0.771484,0.771484,0.771484,0.771484,0.771484,0.771484,0.771484,0.771484,0.771484,0.771484,0.771484,0.771484,0.771484,0.771484,0.771484,0.771484,0.771484,0.771484,0.771484,0.771484,0.771484,0.771484,0.771484,0.771484,0.771484,0.771484,0.771484,0.771484,0.771484,0.771484,0.771484,0.771484,0.771484,0.771484,0.771484,0.771484,0.771484,0.771484,0.771484,0.771484,0.771484,0.771484,0.771484,0.771484,0.771484,0.771484,0.771484,0.771484,0.771484,0.771484,0.771484,0.771484,0.771484,0.771484,0.771484,0.771484,0.771484,0.771484,0.771484,0.771484,0.771484,0.771484,0.771484,0.771484,0.771484,0.771484,0.771484,0.771484,0.771484,0.771484,0.771484,0.771484,0.771484,0.771484,0.771484,0.771484,0.771484,0.771484,0.771484,0.771484,0.771484,0.771484,0.771484,0.771484,0.771484,0.771484,0.771484,0.771484,0.771484,0.771484,0.771484,0.771484,0.771484,0.771484,0.771484,0.771484,0.771484,0.771484,0.771484,0.771484,0.771484,0.771484,0.771484,0.771484,0.771484,0.771484,0.771484,0.771484,0.771484,0.771484,0.771484,0.771484,0.771484,0.771484,0.771484,0.771484,0.771484,0.771484,0.771484,0.771484,0.771484,0.771484,0.771484,0.771484,0.771484,0.771484,0.771484,0.771484,0.771484,0.771484,0.771484,0.771484,0.771484,0.771484,0.771484,0.771484,0.771484,0.771484,0.771484,0.771484,0.771484,0.771484,0.771484,0.771484,0.771484,0.771484,0.771484,0.771484,0.771484,0.771484,0.771484,0.771484,0.771484,0.771484,0.771484,0.771484,0.771484,0.771484,0.771484,0.771484,0.771484,0.771484,0.771484,0.771484,0.771484,0.771484,0.773438,0.773438,0.773438,0.773438,0.773438,0.773438,0.773438,0.773438,0.773438,0.773438,0.773438,0.773438,0.773438,0.773438,0.773438,0.773438,0.773438,0.773438,0.773438,0.773438,0.773438,0.773438,0.773438,0.773438,0.773438,0.773438,0.773438,0.773438,0.773438,0.773438,0.773438,0.773438,0.773438,0.773438,0.773438,0.773438,0.773438,
0.826294,0.843689,0.844666,0.856201,0.856201,0.856201,0.856323,0.856323,0.856323,0.856323,0.856995,0.856995,0.856995,0.856995,0.856995,0.856995,0.857422,0.857422,0.857422,0.857422,0.857422,0.857422,0.857422,0.857422,0.857422,0.857422,0.857544,0.857544,0.857544,0.857544,0.857544,0.857544,0.857544,0.857544,0.857544,0.857544,0.857544,0.857544,0.857544,0.857544,0.857544,0.857666,0.857666,0.857666,0.857666,0.857666,0.857666,0.857666,0.857666,0.857666,0.857666,0.857666,0.857666,0.857666,0.857666,0.857666,0.857666,0.857666,0.857666,0.857666,0.857666,0.857666,0.857666,0.857666,0.857666,0.857666,0.857666,0.857666,0.857666,0.857666,0.857666,0.857666,0.857666,0.857666,0.857666,0.857666,0.857666,0.857666,0.857666,0.857666,0.857666,0.857666,0.857666,0.857666,0.857666,0.857666,0.857666,0.857666,0.857666,0.857666,0.857666,0.857666,0.857666,0.857666,0.857666,0.857849,0.857849,0.857849,0.857849,0.857849,0.857849,0.857849,0.857849,0.857849,0.857849,0.857849,0.857849,0.857849,0.857849,0.857849,0.857849,0.857849,0.857849,0.857849,0.857849,0.857849,0.857849,0.857849,0.857849,0.857849,0.857849,0.857849,0.857849,0.857849,0.857849,0.857849,0.857849,0.857849,0.857849,0.857849,0.857849,0.857849,0.857849,0.857849,0.857849,0.857849,0.857849,0.857849,0.857849,0.857849,0.857849,0.857849,0.857849,0.857849,0.857849,0.857849,0.857849,0.857849,0.857849,0.857849,0.857849,0.857849,0.857849,0.857849,0.857849,0.857849,0.857849,0.857849,0.857849,0.857849,0.857849,0.857849,0.857849,0.857849,0.857849,0.857849,0.857849,0.857849,0.857849,0.857849,0.857849,0.857849,0.857849,0.857849,0.857849,0.857849,0.857849,0.857849,0.857849,0.857849,0.857849,0.857849,0.857849,0.857849,0.857849,0.857849,0.857849,0.857849,0.857849,0.857849,0.857849,0.857849,0.857849,0.857849,0.857849,0.857849,0.857849,0.857849,0.857849,0.857849,0.857849,0.857849,0.857849,0.857849,0.857849,0.857849,0.857849,0.857849,0.857849,0.857849,0.857849,0.857849,0.857849,0.857849,0.857849,0.857849,0.857849,0.857849,0.857849,0.857849,0.857849,0.857849,0.857849,0.857849,0.857849,0.857849,0.857849,0.857849,0.857849,0.857849,0.857849,0.857849,0.857849,0.857849,0.857849,0.857849,0.857849,0.857849,0.857849,0.857849,0.857849,0.857849,0.857849,0.857849,0.857910,0.857910,0.857910,0.857910,0.857910,0.857910,0.857910,0.857910,0.857910,0.857910,0.857910,0.857910,0.857910,0.857910,0.857910,0.857910,0.857910,0.857910,0.857910,0.857910,0.857910,0.857910,0.857910,0.857910,0.857910,0.857910,0.857910,0.857910,0.857910,0.857910,0.857910,0.857910,0.857910,0.857910,0.857910,0.857910,0.857910,0.857910,0.857910,0.857910,0.857910,0.857910,0.857910,0.857910,0.857910,0.857910,0.857910,0.857910,0.857910,0.857910,0.857910,0.857910,0.857910,0.857910,0.857910,0.857910,0.857910,0.857910,0.857910,0.857910,0.857910,0.857910,0.857910,0.857910,0.857910,0.857910,0.857910,0.857910,0.857910,0.857910,0.857910,0.857910,0.857910,0.857910,0.857910,0.857910,0.857910,0.857910,0.857910,0.857910,0.857910,0.857910,0.857910,0.857910,0.857910,0.857910,0.857910,0.857910,0.857910,0.857910,0.857910,0.857910,0.857910,0.857910,0.857910,0.857910,0.857910,0.857910,0.857910,0.857910,0.857910,0.857910,0.857910,0.857910,0.857910,0.857910,0.857910,0.857910,0.857910,0.857910,0.857910,0.857910,0.857910,0.857910,0.857910,0.857910,0.857910,0.857910,0.857910,0.857910,0.857910,0.857910,0.857910,0.857910,0.857910,0.857910,0.857910,0.857910,0.857910,0.857910,0.857910,0.857910,0.857910,0.857910,0.857910,0.857910,0.857910,0.857910,0.857910,0.857910,0.857910,0.857910,0.857910,0.857910,0.857910,0.857910,0.857910,0.857910,0.857910,0.857910,0.857910,0.857910,0.857910,0.857910,0.857910,0.857910,0.857910,0.857910,0.857910,0.857910,0.857910,0.857910,0.857910,0.857910,0.857910,0.857910,0.857910,0.857910,0.857910,0.857910,0.857910,0.857910,0.857910,0.857910,0.857910,0.857910,0.857910,0.857910,0.857910,0.857910,0.857910,0.857910,0.857910,0.857910,0.857910,0.857910,0.857910,0.857910,0.857910,0.857910,0.857910,0.857910,0.857910,0.857910,0.857910,0.857910,0.857910,0.857910,0.857910,0.857910,0.857910,0.857910,0.857910,0.857910,0.857910,0.857910,0.857910,0.857910,0.857910,0.857910,0.857910,0.857910,0.857910,0.857910,0.857910,0.857910,0.857910,0.857910,0.857910,0.857910,0.857971,0.857971,0.857971,0.857971,0.857971,0.857971,0.857971,0.857971,0.857971,0.857971,0.857971,0.857971,0.857971,0.857971,0.857971,0.857971,0.857971,0.857971,0.857971,0.857971,0.857971,0.857971,0.857971,0.857971,0.857971,0.857971,0.857971,0.857971,0.857971,0.857971,0.857971,0.857971,0.857971,0.857971,0.857971,0.857971,0.857971,
