kBasicLog: 1
kBreedEdges: 1
kBreedGates: 1
kBreedSample: 4
kBreedType: 0
kChildren: 100
kEvaluations: 50000
kGens: 100
kLegalGateTypes: 1
kLog: 1
kLogIter: 1
kMaxGenStagnation: 300
kMessUp: 0
kMutatePercent: 10
kMutationMode: 1
kMutations: 16
kPruneOrphans: 1
kSaveDotGraphs: 1
kSeed: 0
kThreads: 4
kThreshold: 1000
kTruthWeight: 1
columns: 13
rows: 5,5,5,5,5,5,5,5,5,5,5,5,4
goal_correct_count: 256
goal_total_count: 2048
goal_total_weighted_count: 65536
~
gates_used: 29
total_count: 1628
total_weighted_count: 0
percent: 0.794922
weighted_percent: 0.000000
evaluations: 50100
~
1472,1502,1548,1556,1580,1582,1582,1582,1586,1586,1604,1604,1608,1608,1612,1612,1612,1612,1612,1612,1612,1612,1612,1612,1612,1612,1612,1612,1612,1612,1612,1612,1612,1612,1612,1612,1612,1612,1612,1612,1612,1612,1612,1612,1612,1612,1612,1612,1612,1612,1612,1612,1612,1612,1612,1612,1612,1612,1612,1612,1612,1612,1612,1612,1612,1612,1612,1616,1616,1616,1616,1616,1616,1616,1616,1616,1616,1616,1616,1616,1616,1616,1616,1616,1616,1616,1616,1616,1616,1616,1616,1616,1616,1616,1616,1616,1616,1616,1616,1616,1616,1616,1616,1616,1616,1616,1616,1616,1616,1616,1616,1616,1616,1616,1616,1616,1616,1616,1616,1616,1616,1616,1616,1616,1616,1616,1616,1616,1616,1616,1622,1622,1622,1622,1622,1622,1622,1622,1622,1622,1622,1622,1622,1622,1622,1622,1622,1622,1622,1622,1622,1622,1622,1622,1622,1622,1622,1622,1622,1622,1622,1622,1622,1622,1622,1622,1622,1622,1622,1622,1622,1622,1622,1622,1622,1622,1622,1622,1622,1622,1622,1622,1622,1622,1622,1622,1622,1622,1622,1622,1622,1622,1622,1622,1622,1622,1622,1622,1622,1622,1622,1622,1622,1622,1622,1622,1622,1622,1622,1622,1622,1622,1622,1622,1622,1622,1622,1622,1622,1622,1622,1622,1622,1622,1622,1622,1622,1622,1622,1622,1622,1622,1622,1622,1622,1622,1622,1622,1622,1622,1622,1622,1622,1622,1622,1622,1622,1622,1622,1622,1622,1622,1622,1622,1622,1622,1622,1622,1622,1622,1622,1622,1622,1622,1622,1622,1622,1622,1622,1622,1622,1622,1622,1622,1622,1622,1622,1622,1622,1622,1622,1622,1622,1622,1622,1622,1622,1622,1622,1622,1622,1622,1622,1622,1622,1622,1622,1622,1622,1622,1622,1622,1622,1622,1622,1622,1622,1622,1622,1622,1622,1622,1622,1622,1622,1622,1622,1622,1622,1622,1622,1622,1622,1622,1622,1622,1622,1622,1622,1622,1622,1622,1622,1622,1622,1622,1622,1622,1622,1622,1622,1622,1622,1622,1622,1622,1622,1622,1622,1622,1622,1622,1622,1622,1622,1622,1622,1622,1622,1622,1622,1622,1622,1622,1622,1622,1622,1622,1622,1622,1622,1622,1622,1622,1622,1622,1622,1622,1622,1622,1622,1622,1622,1622,1622,1622,1622,1622,1622,1622,1622,1622,1622,1622,1622,1622,1622,1622,1622,1622,1622,1622,1622,1622,1622,1622,1622,1622,1622,1622,1622,1622,1622,1622,1622,1622,1622,1622,1622,1622,1622,1622,1622,1622,1622,1622,1622,1626,1626,1626,1626,1626,1626,1626,1626,1626,1626,1626,1626,1626,1626,1626,1626,1626,1628,1628,1628,1628,1628,1628,1628,1628,1628,1628,1628,1628,1628,1628,1628,1628,1628,1628,1628,1628,1628,1628,1628,1628,1628,1628,1628,1628,1628,1628,1628,1628,1628,1628,1628,1628,1628,1628,1628,1628,1628,1628,1628,1628,1628,1628,1628,1628,1628,1628,1628,1628,1628,1628,1628,1628,1628,
51532,54000,59060,59372,59484,59492,59492,59492,59500,59500,60044,60044,60108,60108,60172,60172,60172,60172,60172,60172,60172,60172,60172,60172,60172,60172,60172,60172,60172,60172,60172,60172,60172,60172,60172,60172,60172,60172,60172,60172,60172,60172,60172,60172,60172,60172,60172,60172,60172,60172,60172,60172,60172,60172,60172,60172,60172,60172,60172,60172,60172,60172,60172,60172,60172,60172,60172,60176,60176,60176,60176,60176,60176,60176,60176,60176,60176,60176,60176,60176,60176,60176,60176,60176,60176,60176,60176,60176,60176,60176,60176,60176,60176,60176,60176,60176,60176,60176,60176,60176,60176,60176,60176,60176,60176,60176,60176,60176,60176,60176,60176,60176,60176,60176,60176,60176,60176,60176,60176,60176,60176,60176,60176,60176,60176,60176,60176,60176,60176,60176,60216,60216,60216,60216,60216,60216,60216,60216,60216,60216,60216,60216,60216,60216,60216,60216,60216,60216,60216,60216,60216,60216,60216,60216,60216,60216,60216,60216,60216,60216,60216,60216,60216,60216,60216,60216,60216,60216,60216,60216,60216,60216,60216,60216,60216,60216,60216,60216,60216,60216,60216,60216,60216,60216,60216,60216,60216,60216,60216,60216,60216,60216,60216,60216,60216,60216,60216,60216,60216,60216,60216,60216,60216,60216,60216,60216,60216,60216,60216,60216,60216,60216,60216,60216,60216,60216,60216,60216,60216,60216,60216,60216,60216,60216,60216,60216,60216,60216,60216,60216,60216,60216,60216,60216,60216,60216,60216,60216,60216,60216,60216,60216,60216,60216,60216,60216,60216,60216,60216,60216,60216,60216,60216,60216,60216,60216,60216,60216,60216,60216,60216,60216,60216,60216,60216,60216,60216,60216,60216,60216,60216,60216,60216,60216,60216,60216,60216,60216,60216,60216,60216,60216,60216,60216,60216,60216,60216,60216,60216,60216,60216,60216,60216,60216,60216,60216,60216,60216,60216,60216,60216,60216,60216,60216,60216,60216,60216,60216,60216,60216,60216,60216,60216,60216,60216,60216,60216,60216,60216,60216,60216,60216,60216,60216,60216,60216,60216,60216,60216,60216,60216,60216,60216,60216,60216,60216,60216,60216,60216,60216,60216,60216,60216,60216,60216,60216,60216,60216,60216,60216,60216,60216,60216,60216,60216,60216,60216,60216,60216,60216,60216,60216,60216,60216,60216,60216,60216,60216,60216,60216,60216,60216,60216,60216,60216,60216,60216,60216,60216,60216,60216,60216,60216,60216,60216,60216,60216,60216,60216,60216,60216,60216,60216,60216,60216,60216,60216,60216,60216,60216,60216,60216,60216,60216,60216,60216,60216,60216,60216,60160,60160,60160,60160,60160,60160,60160,60160,60160,60160,60160,60160,60160,60160,60160,60160,60160,60160,60252,60252,60252,60252,60252,60252,60252,60252,60252,60252,60252,60252,60252,60252,60252,60252,60252,60256,60256,60256,60256,60256,60256,60256,60256,60256,60256,60256,60256,60256,60256,60256,60256,60256,60256,60256,60256,60256,60256,60256,60256,60256,60256,60256,60256,60256,60256,60256,60256,60256,60256,60256,60256,60256,60256,60256,60256,60256,60256,60256,60256,60256,60256,60256,60256,60256,60256,60256,60256,60256,60256,60256,60256,60256,
0.718750,0.733398,0.755859,0.759766,0.771484,0.772461,0.772461,0.772461,0.774414,0.774414,0.783203,0.783203,0.785156,0.785156,0.787109,0.787109,0.787109,0.787109,0.787109,0.787109,0.787109,0.787109,0.787109,0.787109,0.787109,0.787109,0.787109,0.787109,0.787109,0.787109,0.787109,0.787109,0.787109,0.787109,0.787109,0.787109,0.787109,0.787109,0.787109,0.787109,0.787109,0.787109,0.787109,0.787109,0.787109,0.787109,0.787109,0.787109,0.787109,0.787109,0.787109,0.787109,0.787109,0.787109,0.787109,0.787109,0.787109,0.787109,0.787109,0.787109,0.787109,0.787109,0.787109,0.787109,0.787109,0.787109,0.787109,0.789062,0.789062,0.789062,0.789062,0.789062,0.789062,0.789062,0.789062,0.789062,0.789062,0.789062,0.789062,0.789062,0.789062,0.789062,0.789062,0.789062,0.789062,0.789062,0.789062,0.789062,0.789062,0.789062,0.789062,0.789062,0.789062,0.789062,0.789062,0.789062,0.789062,0.789062,0.789062,0.789062,0.789062,0.789062,0.789062,0.789062,0.789062,0.789062,0.789062,0.789062,0.789062,0.789062,0.789062,0.789062,0.789062,0.789062,0.789062,0.789062,0.789062,0.789062,0.789062,0.789062,0.789062,0.789062,0.789062,0.789062,0.789062,0.789062,0.789062,0.789062,0.789062,0.789062,0.791992,0.791992,0.791992,0.791992,0.791992,0.791992,0.791992,0.791992,0.791992,0.791992,0.791992,0.791992,0.791992,0.791992,0.791992,0.791992,0.791992,0.791992,0.791992,0.791992,0.791992,0.791992,0.791992,0.791992,0.791992,0.791992,0.791992,0.791992,0.791992,0.791992,0.791992,0.791992,0.791992,0.791992,0.791992,0.791992,0.791992,0.791992,0.791992,0.791992,0.791992,0.791992,0.791992,0.791992,0.791992,0.791992,0.791992,0.791992,0.791992,0.791992,0.791992,0.791992,0.791992,0.791992,0.791992,0.791992,0.791992,0.791992,0.791992,0.791992,0.791992,0.791992,0.791992,0.791992,0.791992,0.791992,0.791992,0.791992,0.791992,0.791992,0.791992,0.791992,0.791992,0.791992,0.791992,0.791992,0.791992,0.791992,0.791992,0.791992,0.791992,0.791992,0.791992,0.791992,0.791992,0.791992,0.791992,0.791992,0.791992,0.791992,0.791992,0.791992,0.791992,0.791992,0.791992,0.791992,0.791992,0.791992,0.791992,0.791992,0.791992,0.791992,0.791992,0.791992,0.791992,0.791992,0.791992,0.791992,0.791992,0.791992,0.791992,0.791992,0.791992,0.791992,0.791992,0.791992,0.791992,0.791992,0.791992,0.791992,0.791992,0.791992,0.791992,0.791992,0.791992,0.791992,0.791992,0.791992,0.791992,0.791992,0.791992,0.791992,0.791992,0.791992,0.791992,0.791992,0.791992,0.791992,0.791992,0.791992,0.791992,0.791992,0.791992,0.791992,0.791992,0.791992,0.791992,0.791992,0.791992,0.791992,0.791992,0.791992,0.791992,0.791992,0.791992,0.791992,0.791992,0.791992,0.791992,0.791992,0.791992,0.791992,0.791992,0.791992,0.791992,0.791992,0.791992,0.791992,0.791992,0.791992,0.791992,0.791992,0.791992,0.791992,0.791992,0.791992,0.791992,0.791992,0.791992,0.791992,0.791992,0.791992,0.791992,0.791992,0.791992,0.791992,0.791992,0.791992,0.791992,0.791992,0.791992,0.791992,0.791992,0.791992,0.791992,0.791992,0.791992,0.791992,0.791992,0.791992,0.791992,0.791992,0.791992,0.791992,0.791992,0.791992,0.791992,0.791992,0.791992,0.791992,0.791992,0.791992,0.791992,0.791992,0.791992,0.791992,0.791992,0.791992,0.791992,0.791992,0.791992,0.791992,0.791992,0.791992,0.791992,0.791992,0.791992,0.791992,0.791992,0.791992,0.791992,0.791992,0.791992,0.791992,0.791992,0.791992,0.791992,0.791992,0.791992,0.791992,0.791992,0.791992,0.791992,0.791992,0.791992,0.791992,0.791992,0.791992,0.791992,0.791992,0.791992,0.791992,0.791992,0.791992,0.791992,0.791992,0.791992,0.791992,0.791992,0.791992,0.791992,0.791992,0.791992,0.791992,0.791992,0.791992,0.791992,0.791992,0.791992,0.791992,0.791992,0.791992,0.791992,0.791992,0.791992,0.791992,0.791992,0.791992,0.791992,0.791992,0.791992,0.791992,0.791992,0.791992,0.791992,0.791992,0.791992,0.791992,0.791992,0.791992,0.791992,0.791992,0.791992,0.791992,0.791992,0.791992,0.791992,0.793945,0.793945,0.793945,0.793945,0.793945,0.793945,0.793945,0.793945,0.793945,0.793945,0.793945,0.793945,0.793945,0.793945,0.793945,0.793945,0.793945,0.794922,0.794922,0.794922,0.794922,0.794922,0.794922,0.794922,0.794922,0.794922,0.794922,0.794922,0.794922,0.794922,0.794922,0.794922,0.794922,0.794922,0.794922,0.794922,0.794922,0.794922,0.794922,0.794922,0.794922,0.794922,0.794922,0.794922,0.794922,0.794922,0.794922,0.794922,0.794922,0.794922,0.794922,0.794922,0.794922,0.794922,0.794922,0.794922,0.794922,0.794922,0.794922,0.794922,0.794922,0.794922,0.794922,0.794922,0.794922,0.794922,0.794922,0.794922,0.794922,0.794922,0.794922,0.794922,0.794922,0.794922,
0.786316,0.823975,0.901184,0.905945,0.907654,0.907776,0.907776,0.907776,0.907898,0.907898,0.916199,0.916199,0.917175,0.917175,0.918152,0.918152,0.918152,0.918152,0.918152,0.918152,0.918152,0.918152,0.918152,0.918152,0.918152,0.918152,0.918152,0.918152,0.918152,0.918152,0.918152,0.918152,0.918152,0.918152,0.918152,0.918152,0.918152,0.918152,0.918152,0.918152,0.918152,0.918152,0.918152,0.918152,0.918152,0.918152,0.918152,0.918152,0.918152,0.918152,0.918152,0.918152,0.918152,0.918152,0.918152,0.918152,0.918152,0.918152,0.918152,0.918152,0.918152,0.918152,0.918152,0.918152,0.918152,0.918152,0.918152,0.918213,0.918213,0.918213,0.918213,0.918213,0.918213,0.918213,0.918213,0.918213,0.918213,0.918213,0.918213,0.918213,0.918213,0.918213,0.918213,0.918213,0.918213,0.918213,0.918213,0.918213,0.918213,0.918213,0.918213,0.918213,0.918213,0.918213,0.918213,0.918213,0.918213,0.918213,0.918213,0.918213,0.918213,0.918213,0.918213,0.918213,0.918213,0.918213,0.918213,0.918213,0.918213,0.918213,0.918213,0.918213,0.918213,0.918213,0.918213,0.918213,0.918213,0.918213,0.918213,0.918213,0.918213,0.918213,0.918213,0.918213,0.918213,0.918213,0.918213,0.918213,0.918213,0.918213,0.918823,0.918823,0.918823,0.918823,0.918823,0.918823,0.918823,0.918823,0.918823,0.918823,0.918823,0.918823,0.918823,0.918823,0.918823,0.918823,0.918823,0.918823,0.918823,0.918823,0.918823,0.918823,0.918823,0.918823,0.918823,0.918823,0.918823,0.918823,0.918823,0.918823,0.918823,0.918823,0.918823,0.918823,0.918823,0.918823,0.918823,0.918823,0.918823,0.918823,0.918823,0.918823,0.918823,0.918823,0.918823,0.918823,0.918823,0.918823,0.918823,0.918823,0.918823,0.918823,0.918823,0.918823,0.918823,0.918823,0.918823,0.918823,0.918823,0.918823,0.918823,0.918823,0.918823,0.918823,0.918823,0.918823,0.918823,0.918823,0.918823,0.918823,0.918823,0.918823,0.918823,0.918823,0.918823,0.918823,0.918823,0.918823,0.918823,0.918823,0.918823,0.918823,0.918823,0.918823,0.918823,0.918823,0.918823,0.918823,0.918823,0.918823,0.918823,0.918823,0.918823,0.918823,0.918823,0.918823,0.918823,0.918823,0.918823,0.918823,0.918823,0.918823,0.918823,0.918823,0.918823,0.918823,0.918823,0.918823,0.918823,0.918823,0.918823,0.918823,0.918823,0.918823,0.918823,0.918823,0.918823,0.918823,0.918823,0.918823,0.918823,0.918823,0.918823,0.918823,0.918823,0.918823,0.918823,0.918823,0.918823,0.918823,0.918823,0.918823,0.918823,0.918823,0.918823,0.918823,0.918823,0.918823,0.918823,0.918823,0.918823,0.918823,0.918823,0.918823,0.918823,0.918823,0.918823,0.918823,0.918823,0.918823,0.918823,0.918823,0.918823,0.918823,0.918823,0.918823,0.918823,0.918823,0.918823,0.918823,0.918823,0.918823,0.918823,0.918823,0.918823,0.918823,0.918823,0.918823,0.918823,0.918823,0.918823,0.918823,0.918823,0.918823,0.918823,0.918823,0.918823,0.918823,0.918823,0.918823,0.918823,0.918823,0.918823,0.918823,0.918823,0.918823,0.918823,0.918823,0.918823,0.918823,0.918823,0.918823,0.918823,0.918823,0.918823,0.918823,0.918823,0.918823,0.918823,0.918823,0.918823,0.918823,0.918823,0.918823,0.918823,0.918823,0.918823,0.918823,0.918823,0.918823,0.918823,0.918823,0.918823,0.918823,0.918823,0.918823,0.918823,0.918823,0.918823,0.918823,0.918823,0.918823,0.918823,0.918823,0.918823,0.918823,0.918823,0.918823,0.918823,0.918823,0.918823,0.918823,0.918823,0.918823,0.918823,0.918823,0.918823,0.918823,0.918823,0.918823,0.918823,0.918823,0.918823,0.918823,0.918823,0.918823,0.918823,0.918823,0.918823,0.918823,0.918823,0.918823,0.918823,0.918823,0.918823,0.918823,0.918823,0.918823,0.918823,0.918823,0.918823,0.918823,0.918823,0.918823,0.918823,0.918823,0.918823,0.918823,0.918823,0.918823,0.918823,0.918823,0.918823,0.918823,0.918823,0.918823,0.918823,0.918823,0.918823,0.917969,0.917969,0.917969,0.917969,0.917969,0.917969,0.917969,0.917969,0.917969,0.917969,0.917969,0.917969,0.917969,0.917969,0.917969,0.917969,0.917969,0.917969,0.919373,0.919373,0.919373,0.919373,0.919373,0.919373,0.919373,0.919373,0.919373,0.919373,0.919373,0.919373,0.919373,0.919373,0.919373,0.919373,0.919373,0.919434,0.919434,0.919434,0.919434,0.919434,0.919434,0.919434,0.919434,0.919434,0.919434,0.919434,0.919434,0.919434,0.919434,0.919434,0.919434,0.919434,0.919434,0.919434,0.919434,0.919434,0.919434,0.919434,0.919434,0.919434,0.919434,0.919434,0.919434,0.919434,0.919434,0.919434,0.919434,0.919434,0.919434,0.919434,0.919434,0.919434,0.919434,0.919434,0.919434,0.919434,0.919434,0.919434,0.919434,0.919434,0.919434,0.919434,0.919434,0.919434,0.919434,0.919434,0.919434,0.919434,0.919434,0.919434,0.919434,0.919434,
