kBasicLog: 1
kBreedEdges: 1
kBreedGates: 1
kBreedSample: 4
kBreedType: 0
kChildren: 100
kEvaluations: 50000
kGens: 100
kLegalGateTypes: 1
kLog: 1
kLogIter: 2
kMaxGenStagnation: 300
kMessUp: 0
kMutatePercent: 4
kMutationMode: 1
kMutations: 16
kPruneOrphans: 1
kSaveDotGraphs: 1
kSeed: 0
kThreads: 4
kThreshold: 1000
kTruthWeight: 1
columns: 13
rows: 5,5,5,5,5,5,5,5,5,5,5,5,4
goal_correct_count: 256
goal_total_count: 2048
goal_total_weighted_count: 65536
~
gates_used: 34
total_count: 1694
total_weighted_count: 0
percent: 0.827148
weighted_percent: 0.000000
evaluations: 50100
~
1454,1470,1484,1502,1506,1530,1542,1550,1556,1572,1572,1578,1578,1582,1582,1582,1582,1582,1582,1582,1582,1582,1582,1582,1582,1582,1582,1582,1582,1582,1582,1582,1582,1582,1582,1582,1582,1584,1584,1594,1594,1600,1602,1602,1602,1602,1602,1602,1602,1602,1604,1604,1604,1604,1604,1604,1604,1604,1604,1604,1604,1604,1604,1604,1604,1604,1611,1632,1634,1638,1642,1646,1646,1648,1648,1652,1652,1652,1652,1652,1652,1654,1654,1656,1656,1656,1656,1656,1656,1656,1656,1656,1656,1656,1656,1656,1658,1662,1662,1662,1662,1662,1662,1662,1662,1662,1662,1662,1662,1662,1662,1670,1670,1670,1670,1670,1672,1672,1672,1672,1672,1672,1672,1673,1673,1673,1673,1673,1673,1673,1673,1673,1673,1673,1673,1673,1677,1677,1677,1677,1677,1677,1677,1679,1679,1679,1679,1679,1679,1679,1679,1679,1679,1679,1679,1679,1679,1679,1679,1679,1679,1679,1679,1679,1679,1679,1679,1679,1679,1679,1679,1679,1679,1679,1679,1679,1679,1679,1679,1679,1679,1679,1679,1679,1679,1679,1679,1679,1679,1679,1679,1679,1679,1679,1679,1679,1679,1679,1679,1679,1679,1679,1679,1679,1679,1679,1679,1679,1679,1679,1679,1679,1679,1679,1679,1679,1679,1679,1679,1679,1679,1679,1679,1679,1679,1679,1679,1679,1679,1679,1679,1679,1679,1679,1679,1679,1679,1679,1679,1679,1679,1679,1679,1679,1679,1679,1679,1679,1679,1679,1679,1679,1679,1679,1679,1679,1679,1679,1679,1679,1679,1679,1679,1679,1679,1679,1679,1679,1679,1679,1679,1679,1679,1679,1679,1679,1679,1679,1679,1679,1679,1679,1679,1679,1679,1679,1679,1679,1679,1679,1679,1679,1679,1679,1679,1679,1679,1679,1679,1679,1679,1679,1679,1679,1679,1679,1679,1679,1679,1679,1679,1679,1679,1679,1679,1679,1679,1679,1679,1679,1679,1679,1679,1679,1679,1680,1680,1680,1680,1680,1680,1680,1680,1680,1680,1680,1682,1682,1682,1682,1682,1682,1682,1682,1682,1682,1682,1682,1682,1682,1682,1682,1682,1682,1682,1682,1682,1682,1684,1684,1684,1684,1684,1684,1684,1684,1684,1684,1684,1684,1684,1684,1684,1684,1684,1684,1684,1684,1684,1684,1684,1686,1686,1686,1686,1686,1686,1686,1686,1686,1686,1686,1686,1686,1686,1686,1686,1686,1686,1686,1686,1686,1686,1686,1686,1686,1686,1686,1686,1686,1686,1686,1686,1686,1686,1686,1686,1686,1686,1686,1686,1686,1686,1686,1686,1686,1686,1686,1686,1686,1686,1686,1686,1686,1686,1686,1686,1686,1686,1686,1686,1686,1686,1686,1686,1686,1686,1686,1686,1686,1686,1686,1686,1686,1686,1686,1686,1686,1686,1686,1686,1686,1686,1686,1686,1686,1686,1686,1686,1686,1686,1686,1686,1686,1686,1686,1686,1686,1686,1686,1686,1686,1686,1686,1686,1686,1686,1686,1686,1686,1686,1686,1686,1686,1686,1686,1686,1686,1686,1686,1694,
47580,48284,48324,51674,51706,55568,55646,56542,56558,57582,57582,57654,57654,57782,57782,57782,57782,57782,57782,57782,57782,57782,57782,57782,57782,57782,57782,57782,57782,57782,57782,57782,57782,57782,57782,57782,57782,57754,57754,58026,58026,58032,58048,58048,58048,58048,58048,58048,58048,58048,59732,59732,59732,59732,59732,59732,59732,59732,59732,59732,59732,59732,59732,59732,59732,59732,59768,60328,60336,60352,60432,60448,60448,60456,60456,60488,60488,60488,60488,60488,60488,60504,60504,60512,60512,60512,60512,60512,60512,60512,60512,60512,60512,60512,60512,60512,60528,60536,60536,60536,60536,60536,60536,60536,60536,60536,60536,60536,60536,60536,60536,60568,60568,60568,60568,60568,60570,60570,60570,60570,60570,60570,60570,60574,60574,60574,60574,60574,60574,60574,60574,60574,60574,60574,60574,60574,60606,60606,60606,60606,60606,60606,60606,60608,60608,60608,60608,60608,60608,60608,60608,60608,60608,60608,60608,60608,60608,60608,60608,60608,60608,60608,60608,60608,60608,60608,60608,60608,60608,60608,60608,60608,60608,60608,60608,60608,60608,60608,60608,60608,60608,60608,60608,60608,60608,60608,60608,60608,60608,60608,60608,60608,60608,60608,60608,60608,60608,60608,60608,60608,60608,60608,60608,60608,60608,60608,60608,60608,60608,60608,60608,60608,60608,60608,60608,60608,60608,60608,60608,60608,60608,60608,60608,60608,60608,60608,60608,60608,60608,60608,60608,60608,60608,60608,60608,60608,60608,60608,60608,60608,60608,60608,60608,60608,60608,60608,60608,60608,60608,60608,60608,60608,60608,60608,60608,60608,60608,60608,60608,60608,60608,60608,60608,60608,60608,60608,60608,60608,60608,60608,60608,60608,60608,60608,60608,60608,60608,60608,60608,60608,60608,60608,60608,60608,60608,60608,60608,60608,60608,60608,60608,60608,60608,60608,60608,60608,60608,60608,60608,60608,60608,60608,60608,60608,60608,60608,60608,60608,60608,60608,60608,60608,60608,60608,60608,60608,60608,60608,60608,60608,60608,60608,60608,60608,60608,60612,60612,60612,60612,60612,60612,60612,60612,60612,60612,60612,60616,60616,60616,60616,60616,60616,60616,60616,60616,60616,60616,60616,60616,60616,60616,60616,60616,60616,60616,60616,60616,60616,60648,60648,60648,60648,60648,60648,60648,60648,60648,60648,60648,60648,60648,60648,60648,60648,60648,60648,60648,60648,60648,60648,60648,60680,60680,60680,60680,60680,60680,60680,60680,60680,60680,60680,60680,60680,60680,60680,60680,60680,60680,60680,60680,60680,60680,60680,60680,60680,60680,60680,60680,60680,60680,60680,60680,60680,60680,60680,60680,60680,60680,60680,60680,60680,60680,60680,60680,60680,60680,60680,60680,60680,60680,60680,60680,60680,60680,60680,60680,60680,60680,60680,60680,60680,60680,60680,60680,60680,60680,60680,60680,60680,60680,60680,60680,60680,60680,60680,60680,60680,60680,60680,60680,60680,60680,60680,60680,60680,60680,60680,60680,60680,60680,60680,60680,60680,60680,60680,60680,60680,60680,60680,60680,60680,60680,60680,60680,60680,60680,60680,60680,60680,60680,60680,60680,60680,60680,60680,60680,60680,60680,60680,60936,
0.709961,0.717773,0.724609,0.733398,0.735352,0.747070,0.752930,0.756836,0.759766,0.767578,0.767578,0.770508,0.770508,0.772461,0.772461,0.772461,0.772461,0.772461,0.772461,0.772461,0.772461,0.772461,0.772461,0.772461,0.772461,0.772461,0.772461,0.772461,0.772461,0.772461,0.772461,0.772461,0.772461,0.772461,0.772461,0.772461,0.772461,0.773438,0.773438,0.778320,0.778320,0.781250,0.782227,0.782227,0.782227,0.782227,0.782227,0.782227,0.782227,0.782227,0.783203,0.783203,0.783203,0.783203,0.783203,0.783203,0.783203,0.783203,0.783203,0.783203,0.783203,0.783203,0.783203,0.783203,0.783203,0.783203,0.786621,0.796875,0.797852,0.799805,0.801758,0.803711,0.803711,0.804688,0.804688,0.806641,0.806641,0.806641,0.806641,0.806641,0.806641,0.807617,0.807617,0.808594,0.808594,0.808594,0.808594,0.808594,0.808594,0.808594,0.808594,0.808594,0.808594,0.808594,0.808594,0.808594,0.809570,0.811523,0.811523,0.811523,0.811523,0.811523,0.811523,0.811523,0.811523,0.811523,0.811523,0.811523,0.811523,0.811523,0.811523,0.815430,0.815430,0.815430,0.815430,0.815430,0.816406,0.816406,0.816406,0.816406,0.816406,0.816406,0.816406,0.816895,0.816895,0.816895,0.816895,0.816895,0.816895,0.816895,0.816895,0.816895,0.816895,0.816895,0.816895,0.816895,0.818848,0.818848,0.818848,0.818848,0.818848,0.818848,0.818848,0.819824,0.819824,0.819824,0.819824,0.819824,0.819824,0.819824,0.819824,0.819824,0.819824,0.819824,0.819824,0.819824,0.819824,0.819824,0.819824,0.819824,0.819824,0.819824,0.819824,0.819824,0.819824,0.819824,0.819824,0.819824,0.819824,0.819824,0.819824,0.819824,0.819824,0.819824,0.819824,0.819824,0.819824,0.819824,0.819824,0.819824,0.819824,0.819824,0.819824,0.819824,0.819824,0.819824,0.819824,0.819824,0.819824,0.819824,0.819824,0.819824,0.819824,0.819824,0.819824,0.819824,0.819824,0.819824,0.819824,0.819824,0.819824,0.819824,0.819824,0.819824,0.819824,0.819824,0.819824,0.819824,0.819824,0.819824,0.819824,0.819824,0.819824,0.819824,0.819824,0.819824,0.819824,0.819824,0.819824,0.819824,0.819824,0.819824,0.819824,0.819824,0.819824,0.819824,0.819824,0.819824,0.819824,0.819824,0.819824,0.819824,0.819824,0.819824,0.819824,0.819824,0.819824,0.819824,0.819824,0.819824,0.819824,0.819824,0.819824,0.819824,0.819824,0.819824,0.819824,0.819824,0.819824,0.819824,0.819824,0.819824,0.819824,0.819824,0.819824,0.819824,0.819824,0.819824,0.819824,0.819824,0.819824,0.819824,0.819824,0.819824,0.819824,0.819824,0.819824,0.819824,0.819824,0.819824,0.819824,0.819824,0.819824,0.819824,0.819824,0.819824,0.819824,0.819824,0.819824,0.819824,0.819824,0.819824,0.819824,0.819824,0.819824,0.819824,0.819824,0.819824,0.819824,0.819824,0.819824,0.819824,0.819824,0.819824,0.819824,0.819824,0.819824,0.819824,0.819824,0.819824,0.819824,0.819824,0.819824,0.819824,0.819824,0.819824,0.819824,0.819824,0.819824,0.819824,0.819824,0.819824,0.819824,0.819824,0.819824,0.819824,0.819824,0.819824,0.819824,0.819824,0.819824,0.819824,0.819824,0.819824,0.819824,0.820312,0.820312,0.820312,0.820312,0.820312,0.820312,0.820312,0.820312,0.820312,0.820312,0.820312,0.821289,0.821289,0.821289,0.821289,0.821289,0.821289,0.821289,0.821289,0.821289,0.821289,0.821289,0.821289,0.821289,0.821289,0.821289,0.821289,0.821289,0.821289,0.821289,0.821289,0.821289,0.821289,0.822266,0.822266,0.822266,0.822266,0.822266,0.822266,0.822266,0.822266,0.822266,0.822266,0.822266,0.822266,0.822266,0.822266,0.822266,0.822266,0.822266,0.822266,0.822266,0.822266,0.822266,0.822266,0.822266,0.823242,0.823242,0.823242,0.823242,0.823242,0.823242,0.823242,0.823242,0.823242,0.823242,0.823242,0.823242,0.823242,0.823242,0.823242,0.823242,0.823242,0.823242,0.823242,0.823242,0.823242,0.823242,0.823242,0.823242,0.823242,0.823242,0.823242,0.823242,0.823242,0.823242,0.823242,0.823242,0.823242,0.823242,0.823242,0.823242,0.823242,0.823242,0.823242,0.823242,0.823242,0.823242,0.823242,0.823242,0.823242,0.823242,0.823242,0.823242,0.823242,0.823242,0.823242,0.823242,0.823242,0.823242,0.823242,0.823242,0.823242,0.823242,0.823242,0.823242,0.823242,0.823242,0.823242,0.823242,0.823242,0.823242,0.823242,0.823242,0.823242,0.823242,0.823242,0.823242,0.823242,0.823242,0.823242,0.823242,0.823242,0.823242,0.823242,0.823242,0.823242,0.823242,0.823242,0.823242,0.823242,0.823242,0.823242,0.823242,0.823242,0.823242,0.823242,0.823242,0.823242,0.823242,0.823242,0.823242,0.823242,0.823242,0.823242,0.823242,0.823242,0.823242,0.823242,0.823242,0.823242,0.823242,0.823242,0.823242,0.823242,0.823242,0.823242,0.823242,0.823242,0.823242,0.823242,0.823242,0.823242,0.823242,0.823242,0.827148,
0.726013,0.736755,0.737366,0.788483,0.788971,0.847900,0.849091,0.862762,0.863007,0.878632,0.878632,0.879730,0.879730,0.881683,0.881683,0.881683,0.881683,0.881683,0.881683,0.881683,0.881683,0.881683,0.881683,0.881683,0.881683,0.881683,0.881683,0.881683,0.881683,0.881683,0.881683,0.881683,0.881683,0.881683,0.881683,0.881683,0.881683,0.881256,0.881256,0.885406,0.885406,0.885498,0.885742,0.885742,0.885742,0.885742,0.885742,0.885742,0.885742,0.885742,0.911438,0.911438,0.911438,0.911438,0.911438,0.911438,0.911438,0.911438,0.911438,0.911438,0.911438,0.911438,0.911438,0.911438,0.911438,0.911438,0.911987,0.920532,0.920654,0.920898,0.922119,0.922363,0.922363,0.922485,0.922485,0.922974,0.922974,0.922974,0.922974,0.922974,0.922974,0.923218,0.923218,0.923340,0.923340,0.923340,0.923340,0.923340,0.923340,0.923340,0.923340,0.923340,0.923340,0.923340,0.923340,0.923340,0.923584,0.923706,0.923706,0.923706,0.923706,0.923706,0.923706,0.923706,0.923706,0.923706,0.923706,0.923706,0.923706,0.923706,0.923706,0.924194,0.924194,0.924194,0.924194,0.924194,0.924225,0.924225,0.924225,0.924225,0.924225,0.924225,0.924225,0.924286,0.924286,0.924286,0.924286,0.924286,0.924286,0.924286,0.924286,0.924286,0.924286,0.924286,0.924286,0.924286,0.924774,0.924774,0.924774,0.924774,0.924774,0.924774,0.924774,0.924805,0.924805,0.924805,0.924805,0.924805,0.924805,0.924805,0.924805,0.924805,0.924805,0.924805,0.924805,0.924805,0.924805,0.924805,0.924805,0.924805,0.924805,0.924805,0.924805,0.924805,0.924805,0.924805,0.924805,0.924805,0.924805,0.924805,0.924805,0.924805,0.924805,0.924805,0.924805,0.924805,0.924805,0.924805,0.924805,0.924805,0.924805,0.924805,0.924805,0.924805,0.924805,0.924805,0.924805,0.924805,0.924805,0.924805,0.924805,0.924805,0.924805,0.924805,0.924805,0.924805,0.924805,0.924805,0.924805,0.924805,0.924805,0.924805,0.924805,0.924805,0.924805,0.924805,0.924805,0.924805,0.924805,0.924805,0.924805,0.924805,0.924805,0.924805,0.924805,0.924805,0.924805,0.924805,0.924805,0.924805,0.924805,0.924805,0.924805,0.924805,0.924805,0.924805,0.924805,0.924805,0.924805,0.924805,0.924805,0.924805,0.924805,0.924805,0.924805,0.924805,0.924805,0.924805,0.924805,0.924805,0.924805,0.924805,0.924805,0.924805,0.924805,0.924805,0.924805,0.924805,0.924805,0.924805,0.924805,0.924805,0.924805,0.924805,0.924805,0.924805,0.924805,0.924805,0.924805,0.924805,0.924805,0.924805,0.924805,0.924805,0.924805,0.924805,0.924805,0.924805,0.924805,0.924805,0.924805,0.924805,0.924805,0.924805,0.924805,0.924805,0.924805,0.924805,0.924805,0.924805,0.924805,0.924805,0.924805,0.924805,0.924805,0.924805,0.924805,0.924805,0.924805,0.924805,0.924805,0.924805,0.924805,0.924805,0.924805,0.924805,0.924805,0.924805,0.924805,0.924805,0.924805,0.924805,0.924805,0.924805,0.924805,0.924805,0.924805,0.924805,0.924805,0.924805,0.924805,0.924805,0.924805,0.924805,0.924805,0.924805,0.924805,0.924805,0.924805,0.924805,0.924805,0.924805,0.924805,0.924805,0.924805,0.924866,0.924866,0.924866,0.924866,0.924866,0.924866,0.924866,0.924866,0.924866,0.924866,0.924866,0.924927,0.924927,0.924927,0.924927,0.924927,0.924927,0.924927,0.924927,0.924927,0.924927,0.924927,0.924927,0.924927,0.924927,0.924927,0.924927,0.924927,0.924927,0.924927,0.924927,0.924927,0.924927,0.925415,0.925415,0.925415,0.925415,0.925415,0.925415,0.925415,0.925415,0.925415,0.925415,0.925415,0.925415,0.925415,0.925415,0.925415,0.925415,0.925415,0.925415,0.925415,0.925415,0.925415,0.925415,0.925415,0.925903,0.925903,0.925903,0.925903,0.925903,0.925903,0.925903,0.925903,0.925903,0.925903,0.925903,0.925903,0.925903,0.925903,0.925903,0.925903,0.925903,0.925903,0.925903,0.925903,0.925903,0.925903,0.925903,0.925903,0.925903,0.925903,0.925903,0.925903,0.925903,0.925903,0.925903,0.925903,0.925903,0.925903,0.925903,0.925903,0.925903,0.925903,0.925903,0.925903,0.925903,0.925903,0.925903,0.925903,0.925903,0.925903,0.925903,0.925903,0.925903,0.925903,0.925903,0.925903,0.925903,0.925903,0.925903,0.925903,0.925903,0.925903,0.925903,0.925903,0.925903,0.925903,0.925903,0.925903,0.925903,0.925903,0.925903,0.925903,0.925903,0.925903,0.925903,0.925903,0.925903,0.925903,0.925903,0.925903,0.925903,0.925903,0.925903,0.925903,0.925903,0.925903,0.925903,0.925903,0.925903,0.925903,0.925903,0.925903,0.925903,0.925903,0.925903,0.925903,0.925903,0.925903,0.925903,0.925903,0.925903,0.925903,0.925903,0.925903,0.925903,0.925903,0.925903,0.925903,0.925903,0.925903,0.925903,0.925903,0.925903,0.925903,0.925903,0.925903,0.925903,0.925903,0.925903,0.925903,0.925903,0.925903,0.925903,0.929810,
