kBasicLog: 1
kBreedEdges: 1
kBreedGates: 1
kBreedSample: 4
kBreedType: 0
kChildren: 100
kEvaluations: 50000
kGens: 100
kLegalGateTypes: 1
kLog: 1
kLogIter: 1
kMaxGenStagnation: 300
kMessUp: 0
kMutatePercent: 4
kMutationMode: 1
kMutations: 16
kPruneOrphans: 1
kSaveDotGraphs: 1
kSeed: 0
kThreads: 4
kThreshold: 1000
kTruthWeight: 1
columns: 13
rows: 5,5,5,5,5,5,5,5,5,5,5,5,4
goal_correct_count: 256
goal_total_count: 2048
goal_total_weighted_count: 65536
~
gates_used: 28
total_count: 1642
total_weighted_count: 0
percent: 0.801758
weighted_percent: 0.000000
evaluations: 50100
~
1480,1508,1522,1530,1540,1548,1550,1554,1556,1556,1556,1556,1556,1556,1556,1556,1556,1556,1556,1556,1560,1560,1562,1562,1562,1562,1562,1562,1562,1562,1562,1562,1562,1562,1562,1562,1562,1562,1562,1562,1562,1562,1562,1562,1562,1562,1562,1562,1562,1562,1562,1562,1562,1562,1562,1562,1562,1562,1562,1562,1576,1576,1580,1588,1590,1590,1590,1590,1590,1598,1598,1598,1598,1598,1598,1598,1598,1598,1598,1598,1598,1598,1598,1598,1598,1598,1598,1598,1598,1598,1598,1598,1598,1598,1598,1598,1598,1598,1598,1598,1598,1598,1598,1598,1598,1598,1598,1598,1598,1598,1598,1598,1598,1598,1598,1598,1598,1600,1600,1600,1600,1600,1600,1600,1600,1600,1600,1600,1600,1600,1600,1600,1600,1600,1600,1600,1600,1600,1600,1600,1600,1600,1600,1600,1600,1600,1600,1600,1600,1600,1600,1600,1600,1600,1600,1600,1600,1600,1600,1600,1600,1600,1600,1600,1600,1600,1600,1600,1600,1600,1600,1600,1600,1600,1600,1600,1600,1600,1600,1600,1600,1600,1600,1600,1600,1600,1600,1600,1600,1600,1600,1600,1600,1600,1600,1600,1602,1602,1602,1602,1602,1602,1606,1606,1606,1606,1606,1606,1606,1606,1606,1606,1606,1606,1606,1606,1606,1606,1606,1606,1606,1606,1606,1606,1606,1606,1606,1606,1606,1606,1606,1606,1606,1606,1606,1606,1606,1606,1606,1606,1606,1606,1606,1606,1606,1606,1606,1606,1606,1606,1606,1606,1606,1606,1606,1606,1606,1636,1636,1636,1636,1636,1636,1636,1638,1638,1638,1638,1638,1638,1638,1638,1638,1638,1638,1638,1638,1638,1638,1638,1638,1638,1638,1638,1638,1638,1638,1638,1638,1638,1638,1638,1638,1638,1638,1638,1638,1638,1638,1638,1638,1638,1638,1638,1638,1638,1638,1638,1638,1638,1638,1642,1642,1642,1642,1642,1642,1642,1642,1642,1642,1642,1642,1642,1642,1642,1642,1642,1642,1642,1642,1642,1642,1642,1642,1642,1642,1642,1642,1642,1642,1642,1642,1642,1642,1642,1642,1642,1642,1642,1642,1642,1642,1642,1642,1642,1642,1642,1642,1642,1642,1642,1642,1642,1642,1642,1642,1642,1642,1642,1642,1642,1642,1642,1642,1642,1642,1642,1642,1642,1642,1642,1642,1642,1642,1642,1642,1642,1642,1642,1642,1642,1642,1642,1642,1642,1642,1642,1642,1642,1642,1642,1642,1642,1642,1642,1642,1642,1642,1642,1642,1642,1642,1642,1642,1642,1642,1642,1642,1642,1642,1642,1642,1642,1642,1642,1642,1642,1642,1642,1642,1642,1642,1642,1642,1642,1642,1642,1642,1642,1642,1642,1642,1642,1642,1642,1642,1642,1642,1642,1642,1642,1642,1642,1642,1642,1642,1642,1642,1642,1642,1642,1642,1642,1642,1642,1642,1642,1642,1642,1642,1642,1642,1642,1642,1642,1642,1642,1642,1642,1642,1642,1642,1642,1642,1642,1642,1642,1642,1642,1642,1642,1642,1642,1642,1642,1642,1642,1642,1642,1642,
53512,54664,54720,55712,56200,56328,56392,56408,56472,56472,56472,56472,56472,56472,56472,56472,56472,56472,56472,56472,56600,56600,56608,56608,56608,56608,56608,56608,56608,56608,56608,56608,56608,56608,56608,56608,56608,56608,56608,56608,56608,56608,56608,56608,56608,56608,56608,56608,56608,56608,56608,56608,56608,56608,56608,56608,56608,56608,56608,56608,57624,57624,58008,58520,58528,58528,58528,58528,58528,58784,58784,58784,58784,58784,58784,58784,58784,58784,58784,58784,58784,58784,58784,58784,58784,58784,58784,58784,58784,58784,58784,58784,58784,58784,58784,58784,58784,58784,58784,58784,58784,58784,58784,58784,58784,58784,58784,58784,58784,58784,58784,58784,58784,58784,58784,58784,58784,58792,58792,58792,58792,58792,58792,58792,58792,58792,58792,58792,58792,58792,58792,58792,58792,58792,58792,58792,58792,58792,58792,58792,58792,58792,58792,58792,58792,58792,58792,58792,58792,58792,58792,58792,58792,58792,58792,58792,58792,58792,58792,58792,58792,58792,58792,58792,58792,58792,58792,58792,58792,58792,58792,58792,58792,58792,58792,58792,58792,58792,58792,58792,58792,58792,58792,58792,58792,58792,58792,58792,58792,58792,58792,58792,58792,58792,58856,58856,58912,58912,58912,58912,58912,58912,58976,58976,58976,58976,58976,58976,58976,58976,58976,58976,58976,58976,58976,58976,58976,58976,58976,58976,58976,58976,58976,58976,58976,58976,58976,58976,58976,58976,58976,58976,58976,58976,58976,58976,58976,58976,58976,58976,58976,58976,58976,58976,58976,58976,58976,58976,58976,58976,58976,58976,58976,58976,58976,58976,58976,61016,61016,61016,61016,61016,61016,61016,61024,61024,61024,61024,61024,61024,61024,61024,61024,61024,61024,61024,61024,61024,61024,61024,61024,61024,61024,61024,61024,61024,61024,61024,61024,61024,61024,61024,61024,61024,61024,61024,61024,61024,61024,61024,61024,61024,61024,61024,61024,61024,61024,61024,61024,61024,61024,61152,61152,61152,61152,61152,61152,61152,61152,61152,61152,61152,61152,61152,61152,61152,61152,61152,61152,61152,61152,61152,61152,61152,61152,61152,61152,61152,61152,61152,61152,61152,61152,61152,61152,61152,61152,61152,61152,61152,61152,61152,61152,61152,61152,61152,61152,61152,61152,61152,61152,61152,61152,61152,61152,61152,61152,61152,61152,61152,61152,61152,61152,61152,61152,61152,61152,61152,61152,61152,61152,61152,61152,61152,61152,61152,61152,61152,61152,61152,61152,61152,61152,61152,61152,61152,61152,61152,61152,61152,61152,61152,61152,61152,61152,61152,61152,61152,61152,61152,61152,61152,61152,61152,61152,61152,61152,61152,61152,61152,61152,61152,61152,61152,61152,61152,61152,61152,61152,61152,61152,61152,61152,61152,61152,61152,61152,61152,61152,61152,61152,61152,61152,61152,61152,61152,61152,61152,61152,61152,61152,61152,61152,61152,61152,61152,61152,61152,61152,61152,61152,61152,61152,61152,61152,61152,61152,61152,61152,61152,61152,61152,61152,61152,61152,61152,61152,61152,61152,61152,61152,61152,61152,61152,61152,61152,61152,61152,61152,61152,61152,61152,61152,61152,61152,61152,61152,61152,61152,61152,61152,
0.722656,0.736328,0.743164,0.747070,0.751953,0.755859,0.756836,0.758789,0.759766,0.759766,0.759766,0.759766,0.759766,0.759766,0.759766,0.759766,0.759766,0.759766,0.759766,0.759766,0.761719,0.761719,0.762695,0.762695,0.762695,0.762695,0.762695,0.762695,0.762695,0.762695,0.762695,0.762695,0.762695,0.762695,0.762695,0.762695,0.762695,0.762695,0.762695,0.762695,0.762695,0.762695,0.762695,0.762695,0.762695,0.762695,0.762695,0.762695,0.762695,0.762695,0.762695,0.762695,0.762695,0.762695,0.762695,0.762695,0.762695,0.762695,0.762695,0.762695,0.769531,0.769531,0.771484,0.775391,0.776367,0.776367,0.776367,0.776367,0.776367,0.780273,0.780273,0.780273,0.780273,0.780273,0.780273,0.780273,0.780273,0.780273,0.780273,0.780273,0.780273,0.780273,0.780273,0.780273,0.780273,0.780273,0.780273,0.780273,0.780273,0.780273,0.780273,0.780273,0.780273,0.780273,0.780273,0.780273,0.780273,0.780273,0.780273,0.780273,0.780273,0.780273,0.780273,0.780273,0.780273,0.780273,0.780273,0.780273,0.780273,0.780273,0.780273,0.780273,0.780273,0.780273,0.780273,0.780273,0.780273,0.781250,0.781250,0.781250,0.781250,0.781250,0.781250,0.781250,0.781250,0.781250,0.781250,0.781250,0.781250,0.781250,0.781250,0.781250,0.781250,0.781250,0.781250,0.781250,0.781250,0.781250,0.781250,0.781250,0.781250,0.781250,0.781250,0.781250,0.781250,0.781250,0.781250,0.781250,0.781250,0.781250,0.781250,0.781250,0.781250,0.781250,0.781250,0.781250,0.781250,0.781250,0.781250,0.781250,0.781250,0.781250,0.781250,0.781250,0.781250,0.781250,0.781250,0.781250,0.781250,0.781250,0.781250,0.781250,0.781250,0.781250,0.781250,0.781250,0.781250,0.781250,0.781250,0.781250,0.781250,0.781250,0.781250,0.781250,0.781250,0.781250,0.781250,0.781250,0.781250,0.781250,0.781250,0.781250,0.781250,0.781250,0.781250,0.781250,0.782227,0.782227,0.782227,0.782227,0.782227,0.782227,0.784180,0.784180,0.784180,0.784180,0.784180,0.784180,0.784180,0.784180,0.784180,0.784180,0.784180,0.784180,0.784180,0.784180,0.784180,0.784180,0.784180,0.784180,0.784180,0.784180,0.784180,0.784180,0.784180,0.784180,0.784180,0.784180,0.784180,0.784180,0.784180,0.784180,0.784180,0.784180,0.784180,0.784180,0.784180,0.784180,0.784180,0.784180,0.784180,0.784180,0.784180,0.784180,0.784180,0.784180,0.784180,0.784180,0.784180,0.784180,0.784180,0.784180,0.784180,0.784180,0.784180,0.784180,0.784180,0.798828,0.798828,0.798828,0.798828,0.798828,0.798828,0.798828,0.799805,0.799805,0.799805,0.799805,0.799805,0.799805,0.799805,0.799805,0.799805,0.799805,0.799805,0.799805,0.799805,0.799805,0.799805,0.799805,0.799805,0.799805,0.799805,0.799805,0.799805,0.799805,0.799805,0.799805,0.799805,0.799805,0.799805,0.799805,0.799805,0.799805,0.799805,0.799805,0.799805,0.799805,0.799805,0.799805,0.799805,0.799805,0.799805,0.799805,0.799805,0.799805,0.799805,0.799805,0.799805,0.799805,0.799805,0.801758,0.801758,0.801758,0.801758,0.801758,0.801758,0.801758,0.801758,0.801758,0.801758,0.801758,0.801758,0.801758,0.801758,0.801758,0.801758,0.801758,0.801758,0.801758,0.801758,0.801758,0.801758,0.801758,0.801758,0.801758,0.801758,0.801758,0.801758,0.801758,0.801758,0.801758,0.801758,0.801758,0.801758,0.801758,0.801758,0.801758,0.801758,0.801758,0.801758,0.801758,0.801758,0.801758,0.801758,0.801758,0.801758,0.801758,0.801758,0.801758,0.801758,0.801758,0.801758,0.801758,0.801758,0.801758,0.801758,0.801758,0.801758,0.801758,0.801758,0.801758,0.801758,0.801758,0.801758,0.801758,0.801758,0.801758,0.801758,0.801758,0.801758,0.801758,0.801758,0.801758,0.801758,0.801758,0.801758,0.801758,0.801758,0.801758,0.801758,0.801758,0.801758,0.801758,0.801758,0.801758,0.801758,0.801758,0.801758,0.801758,0.801758,0.801758,0.801758,0.801758,0.801758,0.801758,0.801758,0.801758,0.801758,0.801758,0.801758,0.801758,0.801758,0.801758,0.801758,0.801758,0.801758,0.801758,0.801758,0.801758,0.801758,0.801758,0.801758,0.801758,0.801758,0.801758,0.801758,0.801758,0.801758,0.801758,0.801758,0.801758,0.801758,0.801758,0.801758,0.801758,0.801758,0.801758,0.801758,0.801758,0.801758,0.801758,0.801758,0.801758,0.801758,0.801758,0.801758,0.801758,0.801758,0.801758,0.801758,0.801758,0.801758,0.801758,0.801758,0.801758,0.801758,0.801758,0.801758,0.801758,0.801758,0.801758,0.801758,0.801758,0.801758,0.801758,0.801758,0.801758,0.801758,0.801758,0.801758,0.801758,0.801758,0.801758,0.801758,0.801758,0.801758,0.801758,0.801758,0.801758,0.801758,0.801758,0.801758,0.801758,0.801758,0.801758,0.801758,0.801758,0.801758,0.801758,0.801758,0.801758,0.801758,0.801758,0.801758,0.801758,0.801758,0.801758,0.801758,0.801758,0.801758,
0.816528,0.834106,0.834961,0.850098,0.857544,0.859497,0.860474,0.860718,0.861694,0.861694,0.861694,0.861694,0.861694,0.861694,0.861694,0.861694,0.861694,0.861694,0.861694,0.861694,0.863647,0.863647,0.863770,0.863770,0.863770,0.863770,0.863770,0.863770,0.863770,0.863770,0.863770,0.863770,0.863770,0.863770,0.863770,0.863770,0.863770,0.863770,0.863770,0.863770,0.863770,0.863770,0.863770,0.863770,0.863770,0.863770,0.863770,0.863770,0.863770,0.863770,0.863770,0.863770,0.863770,0.863770,0.863770,0.863770,0.863770,0.863770,0.863770,0.863770,0.879272,0.879272,0.885132,0.892944,0.893066,0.893066,0.893066,0.893066,0.893066,0.896973,0.896973,0.896973,0.896973,0.896973,0.896973,0.896973,0.896973,0.896973,0.896973,0.896973,0.896973,0.896973,0.896973,0.896973,0.896973,0.896973,0.896973,0.896973,0.896973,0.896973,0.896973,0.896973,0.896973,0.896973,0.896973,0.896973,0.896973,0.896973,0.896973,0.896973,0.896973,0.896973,0.896973,0.896973,0.896973,0.896973,0.896973,0.896973,0.896973,0.896973,0.896973,0.896973,0.896973,0.896973,0.896973,0.896973,0.896973,0.897095,0.897095,0.897095,0.897095,0.897095,0.897095,0.897095,0.897095,0.897095,0.897095,0.897095,0.897095,0.897095,0.897095,0.897095,0.897095,0.897095,0.897095,0.897095,0.897095,0.897095,0.897095,0.897095,0.897095,0.897095,0.897095,0.897095,0.897095,0.897095,0.897095,0.897095,0.897095,0.897095,0.897095,0.897095,0.897095,0.897095,0.897095,0.897095,0.897095,0.897095,0.897095,0.897095,0.897095,0.897095,0.897095,0.897095,0.897095,0.897095,0.897095,0.897095,0.897095,0.897095,0.897095,0.897095,0.897095,0.897095,0.897095,0.897095,0.897095,0.897095,0.897095,0.897095,0.897095,0.897095,0.897095,0.897095,0.897095,0.897095,0.897095,0.897095,0.897095,0.897095,0.897095,0.897095,0.897095,0.897095,0.898071,0.898071,0.898926,0.898926,0.898926,0.898926,0.898926,0.898926,0.899902,0.899902,0.899902,0.899902,0.899902,0.899902,0.899902,0.899902,0.899902,0.899902,0.899902,0.899902,0.899902,0.899902,0.899902,0.899902,0.899902,0.899902,0.899902,0.899902,0.899902,0.899902,0.899902,0.899902,0.899902,0.899902,0.899902,0.899902,0.899902,0.899902,0.899902,0.899902,0.899902,0.899902,0.899902,0.899902,0.899902,0.899902,0.899902,0.899902,0.899902,0.899902,0.899902,0.899902,0.899902,0.899902,0.899902,0.899902,0.899902,0.899902,0.899902,0.899902,0.899902,0.899902,0.899902,0.931030,0.931030,0.931030,0.931030,0.931030,0.931030,0.931030,0.931152,0.931152,0.931152,0.931152,0.931152,0.931152,0.931152,0.931152,0.931152,0.931152,0.931152,0.931152,0.931152,0.931152,0.931152,0.931152,0.931152,0.931152,0.931152,0.931152,0.931152,0.931152,0.931152,0.931152,0.931152,0.931152,0.931152,0.931152,0.931152,0.931152,0.931152,0.931152,0.931152,0.931152,0.931152,0.931152,0.931152,0.931152,0.931152,0.931152,0.931152,0.931152,0.931152,0.931152,0.931152,0.931152,0.931152,0.933105,0.933105,0.933105,0.933105,0.933105,0.933105,0.933105,0.933105,0.933105,0.933105,0.933105,0.933105,0.933105,0.933105,0.933105,0.933105,0.933105,0.933105,0.933105,0.933105,0.933105,0.933105,0.933105,0.933105,0.933105,0.933105,0.933105,0.933105,0.933105,0.933105,0.933105,0.933105,0.933105,0.933105,0.933105,0.933105,0.933105,0.933105,0.933105,0.933105,0.933105,0.933105,0.933105,0.933105,0.933105,0.933105,0.933105,0.933105,0.933105,0.933105,0.933105,0.933105,0.933105,0.933105,0.933105,0.933105,0.933105,0.933105,0.933105,0.933105,0.933105,0.933105,0.933105,0.933105,0.933105,0.933105,0.933105,0.933105,0.933105,0.933105,0.933105,0.933105,0.933105,0.933105,0.933105,0.933105,0.933105,0.933105,0.933105,0.933105,0.933105,0.933105,0.933105,0.933105,0.933105,0.933105,0.933105,0.933105,0.933105,0.933105,0.933105,0.933105,0.933105,0.933105,0.933105,0.933105,0.933105,0.933105,0.933105,0.933105,0.933105,0.933105,0.933105,0.933105,0.933105,0.933105,0.933105,0.933105,0.933105,0.933105,0.933105,0.933105,0.933105,0.933105,0.933105,0.933105,0.933105,0.933105,0.933105,0.933105,0.933105,0.933105,0.933105,0.933105,0.933105,0.933105,0.933105,0.933105,0.933105,0.933105,0.933105,0.933105,0.933105,0.933105,0.933105,0.933105,0.933105,0.933105,0.933105,0.933105,0.933105,0.933105,0.933105,0.933105,0.933105,0.933105,0.933105,0.933105,0.933105,0.933105,0.933105,0.933105,0.933105,0.933105,0.933105,0.933105,0.933105,0.933105,0.933105,0.933105,0.933105,0.933105,0.933105,0.933105,0.933105,0.933105,0.933105,0.933105,0.933105,0.933105,0.933105,0.933105,0.933105,0.933105,0.933105,0.933105,0.933105,0.933105,0.933105,0.933105,0.933105,0.933105,0.933105,0.933105,0.933105,0.933105,0.933105,0.933105,0.933105,0.933105,
