kBasicLog: 1
kBreedEdges: 1
kBreedGates: 1
kBreedSample: 4
kBreedType: 0
kChildren: 100
kEvaluations: 50000
kGens: 100
kLegalGateTypes: 1
kLog: 1
kLogIter: 0
kMaxGenStagnation: 300
kMessUp: 0
kMutatePercent: 4
kMutationMode: 1
kMutations: 16
kPruneOrphans: 1
kSaveDotGraphs: 1
kSeed: 0
kThreads: 4
kThreshold: 1000
kTruthWeight: 1
columns: 13
rows: 5,5,5,5,5,5,5,5,5,5,5,5,4
goal_correct_count: 256
goal_total_count: 2048
goal_total_weighted_count: 65536
~
gates_used: 35
total_count: 1710
total_weighted_count: 0
percent: 0.834961
weighted_percent: 0.000000
evaluations: 50100
~
1448,1484,1512,1522,1526,1530,1548,1566,1574,1578,1578,1582,1582,1586,1594,1600,1602,1606,1606,1606,1610,1610,1610,1614,1614,1616,1624,1626,1626,1626,1626,1626,1626,1626,1626,1630,1632,1632,1632,1634,1635,1637,1639,1639,1639,1643,1643,1643,1643,1643,1645,1645,1645,1651,1651,1651,1651,1651,1651,1655,1655,1655,1655,1655,1655,1655,1655,1655,1655,1655,1655,1655,1655,1655,1655,1655,1655,1655,1659,1659,1659,1663,1663,1663,1666,1666,1666,1666,1666,1666,1666,1666,1666,1666,1666,1666,1668,1668,1668,1668,1668,1668,1668,1668,1672,1672,1672,1678,1678,1678,1678,1678,1678,1678,1678,1678,1678,1678,1678,1678,1678,1678,1678,1678,1678,1678,1678,1678,1678,1678,1678,1678,1678,1678,1678,1678,1678,1678,1678,1678,1678,1678,1678,1678,1678,1678,1678,1678,1678,1678,1678,1678,1678,1678,1678,1678,1678,1678,1678,1678,1678,1678,1678,1678,1678,1678,1678,1678,1678,1678,1678,1678,1678,1678,1678,1678,1678,1678,1678,1678,1678,1678,1678,1678,1678,1678,1678,1678,1678,1678,1678,1678,1678,1678,1678,1678,1678,1678,1678,1678,1680,1680,1680,1680,1680,1680,1680,1680,1680,1680,1680,1680,1680,1680,1680,1680,1680,1680,1680,1680,1680,1680,1680,1680,1680,1680,1680,1680,1680,1680,1680,1680,1680,1680,1680,1680,1680,1680,1680,1680,1680,1680,1680,1680,1680,1680,1680,1680,1680,1680,1680,1680,1680,1680,1680,1680,1680,1680,1680,1680,1680,1680,1680,1680,1680,1680,1680,1680,1680,1680,1680,1680,1680,1680,1680,1680,1680,1680,1680,1680,1680,1680,1680,1680,1680,1680,1680,1680,1680,1684,1684,1684,1684,1684,1684,1684,1684,1684,1684,1684,1684,1684,1684,1684,1684,1684,1684,1684,1684,1684,1684,1684,1684,1684,1684,1684,1684,1684,1684,1684,1684,1684,1684,1684,1684,1684,1684,1684,1684,1684,1684,1684,1684,1684,1684,1684,1688,1688,1688,1688,1688,1688,1688,1688,1688,1688,1688,1688,1688,1688,1688,1688,1688,1688,1688,1688,1688,1688,1688,1688,1688,1688,1688,1688,1688,1688,1688,1688,1696,1696,1696,1696,1696,1696,1696,1706,1706,1706,1708,1708,1708,1708,1708,1708,1708,1708,1708,1708,1708,1708,1708,1708,1708,1708,1708,1708,1708,1708,1708,1708,1708,1708,1708,1708,1708,1708,1708,1710,1710,1710,1710,1710,1710,1710,1710,1710,1710,1710,1710,1710,1710,1710,1710,1710,1710,1710,1710,1710,1710,1710,1710,1710,1710,1710,1710,1710,1710,1710,1710,1710,1710,1710,1710,1710,1710,1710,1710,1710,1710,1710,1710,1710,1710,1710,1710,1710,1710,1710,1710,1710,1710,1710,1710,1710,1710,1710,1710,1710,1710,1710,1710,1710,1710,1710,1710,1710,1710,1710,1710,1710,1710,1710,1710,1710,1710,1710,1710,1710,1710,1710,1710,1710,1710,1710,1710,1710,1710,1710,1710,1710,1710,
50222,54324,55724,56252,56304,56316,56442,57404,57450,57466,57466,57530,57530,57534,58686,58782,58934,58940,58940,58940,58980,58980,58980,58996,58996,59004,59260,59268,59268,59268,59268,59268,59268,59268,59268,59396,59404,59404,59404,59412,59428,59460,59468,59468,59468,59484,59484,59484,59484,59484,59500,59500,59500,59524,59524,59524,59524,59524,59524,59532,59532,59532,59532,59532,59532,59532,59532,59532,59532,59532,59532,59532,59532,59532,59532,59532,59532,59532,59548,59548,59548,60296,60296,60296,60344,60344,60344,60344,60344,60344,60344,60344,60344,60344,60344,60344,60348,60348,60348,60348,60348,60348,60348,60348,60588,60588,60588,60594,60594,60594,60594,60594,60594,60594,60594,60594,60594,60594,60594,60594,60594,60594,60594,60594,60594,60594,60594,60594,60594,60594,60594,60594,60594,60594,60594,60594,60594,60594,60594,60594,60594,60594,60594,60594,60594,60594,60594,60594,60594,60594,60594,60594,60594,60594,60594,60594,60594,60594,60594,60594,60594,60594,60594,60594,60594,60594,60594,60594,60594,60594,60594,60594,60594,60594,60594,60594,60594,60594,60594,60594,60594,60594,60594,60594,60594,60594,60594,60594,60594,60594,60594,60594,60594,60594,60594,60594,60594,60594,60594,60594,60754,60754,60754,60754,60754,60754,60754,60754,60754,60754,60754,60754,60754,60754,60754,60754,60754,60754,60754,60754,60754,60754,60754,60754,60754,60754,60754,60754,60754,60754,60754,60754,60754,60754,60754,60754,60754,60754,60754,60754,60754,60754,60754,60754,60754,60754,60754,60754,60754,60754,60754,60754,60754,60754,60754,60754,60754,60754,60754,60754,60754,60754,60754,60754,60754,60754,60754,60754,60754,60754,60754,60754,60754,60754,60754,60754,60754,60754,60754,60754,60754,60754,60754,60754,60754,60754,60754,60754,60754,60994,60994,60994,60994,60994,60994,60994,60994,60994,60994,60994,60994,60994,60994,60994,60994,60994,60994,60994,60994,60994,60994,60994,60994,60994,60994,60994,60994,60994,60994,60994,60994,60994,60994,60994,60994,60994,60994,60994,60994,60994,60994,60994,60994,60994,60994,60994,61058,61058,61058,61058,61058,61058,61058,61058,61058,61058,61058,61058,61058,61058,61058,61058,61058,61058,61058,61058,61058,61058,61058,61058,61058,61058,61058,61058,61058,61058,61058,61058,61314,61314,61314,61314,61314,61314,61314,61790,61790,61790,61794,61794,61794,61794,61794,61794,61794,61794,61794,61794,61794,61794,61794,61794,61794,61794,61794,61794,61794,61794,61794,61794,61794,61794,61794,61794,61794,61794,61794,61798,61798,61798,61798,61798,61798,61798,61798,61798,61798,61798,61798,61798,61798,61798,61798,61798,61798,61798,61798,61798,61798,61798,61798,61798,61798,61798,61798,61798,61798,61798,61798,61798,61798,61798,61798,61798,61798,61798,61798,61798,61798,61798,61798,61798,61798,61798,61798,61798,61798,61798,61798,61798,61798,61798,61798,61798,61798,61798,61798,61798,61798,61798,61798,61798,61798,61798,61798,61798,61798,61798,61798,61798,61798,61798,61798,61798,61798,61798,61798,61798,61798,61798,61798,61798,61798,61798,61798,61798,61798,61798,61798,61798,61798,
0.707031,0.724609,0.738281,0.743164,0.745117,0.747070,0.755859,0.764648,0.768555,0.770508,0.770508,0.772461,0.772461,0.774414,0.778320,0.781250,0.782227,0.784180,0.784180,0.784180,0.786133,0.786133,0.786133,0.788086,0.788086,0.789062,0.792969,0.793945,0.793945,0.793945,0.793945,0.793945,0.793945,0.793945,0.793945,0.795898,0.796875,0.796875,0.796875,0.797852,0.798340,0.799316,0.800293,0.800293,0.800293,0.802246,0.802246,0.802246,0.802246,0.802246,0.803223,0.803223,0.803223,0.806152,0.806152,0.806152,0.806152,0.806152,0.806152,0.808105,0.808105,0.808105,0.808105,0.808105,0.808105,0.808105,0.808105,0.808105,0.808105,0.808105,0.808105,0.808105,0.808105,0.808105,0.808105,0.808105,0.808105,0.808105,0.810059,0.810059,0.810059,0.812012,0.812012,0.812012,0.813477,0.813477,0.813477,0.813477,0.813477,0.813477,0.813477,0.813477,0.813477,0.813477,0.813477,0.813477,0.814453,0.814453,0.814453,0.814453,0.814453,0.814453,0.814453,0.814453,0.816406,0.816406,0.816406,0.819336,0.819336,0.819336,0.819336,0.819336,0.819336,0.819336,0.819336,0.819336,0.819336,0.819336,0.819336,0.819336,0.819336,0.819336,0.819336,0.819336,0.819336,0.819336,0.819336,0.819336,0.819336,0.819336,0.819336,0.819336,0.819336,0.819336,0.819336,0.819336,0.819336,0.819336,0.819336,0.819336,0.819336,0.819336,0.819336,0.819336,0.819336,0.819336,0.819336,0.819336,0.819336,0.819336,0.819336,0.819336,0.819336,0.819336,0.819336,0.819336,0.819336,0.819336,0.819336,0.819336,0.819336,0.819336,0.819336,0.819336,0.819336,0.819336,0.819336,0.819336,0.819336,0.819336,0.819336,0.819336,0.819336,0.819336,0.819336,0.819336,0.819336,0.819336,0.819336,0.819336,0.819336,0.819336,0.819336,0.819336,0.819336,0.819336,0.819336,0.819336,0.819336,0.819336,0.819336,0.819336,0.819336,0.819336,0.819336,0.819336,0.819336,0.819336,0.819336,0.819336,0.820312,0.820312,0.820312,0.820312,0.820312,0.820312,0.820312,0.820312,0.820312,0.820312,0.820312,0.820312,0.820312,0.820312,0.820312,0.820312,0.820312,0.820312,0.820312,0.820312,0.820312,0.820312,0.820312,0.820312,0.820312,0.820312,0.820312,0.820312,0.820312,0.820312,0.820312,0.820312,0.820312,0.820312,0.820312,0.820312,0.820312,0.820312,0.820312,0.820312,0.820312,0.820312,0.820312,0.820312,0.820312,0.820312,0.820312,0.820312,0.820312,0.820312,0.820312,0.820312,0.820312,0.820312,0.820312,0.820312,0.820312,0.820312,0.820312,0.820312,0.820312,0.820312,0.820312,0.820312,0.820312,0.820312,0.820312,0.820312,0.820312,0.820312,0.820312,0.820312,0.820312,0.820312,0.820312,0.820312,0.820312,0.820312,0.820312,0.820312,0.820312,0.820312,0.820312,0.820312,0.820312,0.820312,0.820312,0.820312,0.820312,0.822266,0.822266,0.822266,0.822266,0.822266,0.822266,0.822266,0.822266,0.822266,0.822266,0.822266,0.822266,0.822266,0.822266,0.822266,0.822266,0.822266,0.822266,0.822266,0.822266,0.822266,0.822266,0.822266,0.822266,0.822266,0.822266,0.822266,0.822266,0.822266,0.822266,0.822266,0.822266,0.822266,0.822266,0.822266,0.822266,0.822266,0.822266,0.822266,0.822266,0.822266,0.822266,0.822266,0.822266,0.822266,0.822266,0.822266,0.824219,0.824219,0.824219,0.824219,0.824219,0.824219,0.824219,0.824219,0.824219,0.824219,0.824219,0.824219,0.824219,0.824219,0.824219,0.824219,0.824219,0.824219,0.824219,0.824219,0.824219,0.824219,0.824219,0.824219,0.824219,0.824219,0.824219,0.824219,0.824219,0.824219,0.824219,0.824219,0.828125,0.828125,0.828125,0.828125,0.828125,0.828125,0.828125,0.833008,0.833008,0.833008,0.833984,0.833984,0.833984,0.833984,0.833984,0.833984,0.833984,0.833984,0.833984,0.833984,0.833984,0.833984,0.833984,0.833984,0.833984,0.833984,0.833984,0.833984,0.833984,0.833984,0.833984,0.833984,0.833984,0.833984,0.833984,0.833984,0.833984,0.833984,0.833984,0.834961,0.834961,0.834961,0.834961,0.834961,0.834961,0.834961,0.834961,0.834961,0.834961,0.834961,0.834961,0.834961,0.834961,0.834961,0.834961,0.834961,0.834961,0.834961,0.834961,0.834961,0.834961,0.834961,0.834961,0.834961,0.834961,0.834961,0.834961,0.834961,0.834961,0.834961,0.834961,0.834961,0.834961,0.834961,0.834961,0.834961,0.834961,0.834961,0.834961,0.834961,0.834961,0.834961,0.834961,0.834961,0.834961,0.834961,0.834961,0.834961,0.834961,0.834961,0.834961,0.834961,0.834961,0.834961,0.834961,0.834961,0.834961,0.834961,0.834961,0.834961,0.834961,0.834961,0.834961,0.834961,0.834961,0.834961,0.834961,0.834961,0.834961,0.834961,0.834961,0.834961,0.834961,0.834961,0.834961,0.834961,0.834961,0.834961,0.834961,0.834961,0.834961,0.834961,0.834961,0.834961,0.834961,0.834961,0.834961,0.834961,0.834961,0.834961,0.834961,0.834961,0.834961,
0.766327,0.828918,0.850281,0.858337,0.859131,0.859314,0.861237,0.875916,0.876617,0.876862,0.876862,0.877838,0.877838,0.877899,0.895477,0.896942,0.899261,0.899353,0.899353,0.899353,0.899963,0.899963,0.899963,0.900208,0.900208,0.900330,0.904236,0.904358,0.904358,0.904358,0.904358,0.904358,0.904358,0.904358,0.904358,0.906311,0.906433,0.906433,0.906433,0.906555,0.906799,0.907288,0.907410,0.907410,0.907410,0.907654,0.907654,0.907654,0.907654,0.907654,0.907898,0.907898,0.907898,0.908264,0.908264,0.908264,0.908264,0.908264,0.908264,0.908386,0.908386,0.908386,0.908386,0.908386,0.908386,0.908386,0.908386,0.908386,0.908386,0.908386,0.908386,0.908386,0.908386,0.908386,0.908386,0.908386,0.908386,0.908386,0.908630,0.908630,0.908630,0.920044,0.920044,0.920044,0.920776,0.920776,0.920776,0.920776,0.920776,0.920776,0.920776,0.920776,0.920776,0.920776,0.920776,0.920776,0.920837,0.920837,0.920837,0.920837,0.920837,0.920837,0.920837,0.920837,0.924500,0.924500,0.924500,0.924591,0.924591,0.924591,0.924591,0.924591,0.924591,0.924591,0.924591,0.924591,0.924591,0.924591,0.924591,0.924591,0.924591,0.924591,0.924591,0.924591,0.924591,0.924591,0.924591,0.924591,0.924591,0.924591,0.924591,0.924591,0.924591,0.924591,0.924591,0.924591,0.924591,0.924591,0.924591,0.924591,0.924591,0.924591,0.924591,0.924591,0.924591,0.924591,0.924591,0.924591,0.924591,0.924591,0.924591,0.924591,0.924591,0.924591,0.924591,0.924591,0.924591,0.924591,0.924591,0.924591,0.924591,0.924591,0.924591,0.924591,0.924591,0.924591,0.924591,0.924591,0.924591,0.924591,0.924591,0.924591,0.924591,0.924591,0.924591,0.924591,0.924591,0.924591,0.924591,0.924591,0.924591,0.924591,0.924591,0.924591,0.924591,0.924591,0.924591,0.924591,0.924591,0.924591,0.924591,0.924591,0.924591,0.924591,0.924591,0.924591,0.924591,0.924591,0.924591,0.924591,0.927032,0.927032,0.927032,0.927032,0.927032,0.927032,0.927032,0.927032,0.927032,0.927032,0.927032,0.927032,0.927032,0.927032,0.927032,0.927032,0.927032,0.927032,0.927032,0.927032,0.927032,0.927032,0.927032,0.927032,0.927032,0.927032,0.927032,0.927032,0.927032,0.927032,0.927032,0.927032,0.927032,0.927032,0.927032,0.927032,0.927032,0.927032,0.927032,0.927032,0.927032,0.927032,0.927032,0.927032,0.927032,0.927032,0.927032,0.927032,0.927032,0.927032,0.927032,0.927032,0.927032,0.927032,0.927032,0.927032,0.927032,0.927032,0.927032,0.927032,0.927032,0.927032,0.927032,0.927032,0.927032,0.927032,0.927032,0.927032,0.927032,0.927032,0.927032,0.927032,0.927032,0.927032,0.927032,0.927032,0.927032,0.927032,0.927032,0.927032,0.927032,0.927032,0.927032,0.927032,0.927032,0.927032,0.927032,0.927032,0.927032,0.930695,0.930695,0.930695,0.930695,0.930695,0.930695,0.930695,0.930695,0.930695,0.930695,0.930695,0.930695,0.930695,0.930695,0.930695,0.930695,0.930695,0.930695,0.930695,0.930695,0.930695,0.930695,0.930695,0.930695,0.930695,0.930695,0.930695,0.930695,0.930695,0.930695,0.930695,0.930695,0.930695,0.930695,0.930695,0.930695,0.930695,0.930695,0.930695,0.930695,0.930695,0.930695,0.930695,0.930695,0.930695,0.930695,0.930695,0.931671,0.931671,0.931671,0.931671,0.931671,0.931671,0.931671,0.931671,0.931671,0.931671,0.931671,0.931671,0.931671,0.931671,0.931671,0.931671,0.931671,0.931671,0.931671,0.931671,0.931671,0.931671,0.931671,0.931671,0.931671,0.931671,0.931671,0.931671,0.931671,0.931671,0.931671,0.931671,0.935577,0.935577,0.935577,0.935577,0.935577,0.935577,0.935577,0.942841,0.942841,0.942841,0.942902,0.942902,0.942902,0.942902,0.942902,0.942902,0.942902,0.942902,0.942902,0.942902,0.942902,0.942902,0.942902,0.942902,0.942902,0.942902,0.942902,0.942902,0.942902,0.942902,0.942902,0.942902,0.942902,0.942902,0.942902,0.942902,0.942902,0.942902,0.942902,0.942963,0.942963,0.942963,0.942963,0.942963,0.942963,0.942963,0.942963,0.942963,0.942963,0.942963,0.942963,0.942963,0.942963,0.942963,0.942963,0.942963,0.942963,0.942963,0.942963,0.942963,0.942963,0.942963,0.942963,0.942963,0.942963,0.942963,0.942963,0.942963,0.942963,0.942963,0.942963,0.942963,0.942963,0.942963,0.942963,0.942963,0.942963,0.942963,0.942963,0.942963,0.942963,0.942963,0.942963,0.942963,0.942963,0.942963,0.942963,0.942963,0.942963,0.942963,0.942963,0.942963,0.942963,0.942963,0.942963,0.942963,0.942963,0.942963,0.942963,0.942963,0.942963,0.942963,0.942963,0.942963,0.942963,0.942963,0.942963,0.942963,0.942963,0.942963,0.942963,0.942963,0.942963,0.942963,0.942963,0.942963,0.942963,0.942963,0.942963,0.942963,0.942963,0.942963,0.942963,0.942963,0.942963,0.942963,0.942963,0.942963,0.942963,0.942963,0.942963,0.942963,0.942963,
