kBasicLog: 1
kBreedEdges: 1
kBreedGates: 1
kBreedSample: 4
kBreedType: 1
kChildren: 100
kEvaluations: 30000
kGens: 100
kLegalGateTypes: 1
kLog: 1
kLogIter: 0
kMaxGenStagnation: 300
kMessUp: 0
kMutatePercent: 5
kMutationMode: 2
kMutations: 16
kPruneOrphans: 1
kSaveDotGraphs: 1
kSeed: 0
kThreads: 4
kThreshold: 1000
kTruthWeight: 1
columns: 16
rows: 4,4,4,4,4,4,4,4,4,4,4,4,4,4,4,4
goal_correct_count: 256
goal_total_count: 2048
goal_total_weighted_count: 65536
~
gates_used: 35
total_count: 1532
total_weighted_count: 0
percent: 0.748047
weighted_percent: 0.000000
evaluations: 30100
~
1378,1406,1402,1402,1420,1428,1428,1444,1460,1436,1418,1432,1412,1426,1432,1424,1434,1492,1510,1510,1510,1510,1510,1510,1510,1510,1510,1510,1510,1504,1504,1504,1504,1504,1520,1504,1504,1504,1500,1500,1500,1500,1500,1500,1504,1500,1504,1504,1504,1506,1504,1504,1504,1504,1504,1508,1504,1512,1516,1512,1512,1512,1512,1516,1512,1512,1512,1512,1512,1512,1512,1512,1512,1512,1512,1512,1512,1512,1512,1512,1512,1512,1512,1512,1512,1510,1516,1516,1516,1516,1516,1516,1516,1516,1516,1516,1516,1516,1516,1516,1516,1516,1516,1516,1516,1516,1516,1516,1516,1516,1516,1516,1516,1516,1516,1516,1516,1516,1516,1516,1516,1516,1516,1516,1516,1516,1516,1516,1516,1516,1516,1516,1516,1516,1516,1516,1516,1516,1516,1516,1516,1516,1516,1516,1516,1516,1516,1516,1516,1516,1516,1516,1516,1516,1516,1516,1516,1516,1516,1516,1516,1516,1516,1516,1516,1516,1516,1516,1516,1516,1516,1516,1516,1516,1516,1516,1516,1516,1516,1516,1516,1516,1516,1516,1516,1516,1516,1516,1516,1516,1516,1516,1516,1516,1516,1516,1516,1516,1516,1516,1516,1516,1516,1516,1516,1512,1512,1472,1472,1472,1472,1508,1486,1478,1486,1478,1482,1478,1482,1460,1494,1504,1484,1498,1508,1496,1496,1498,1492,1498,1496,1500,1496,1496,1496,1496,1508,1504,1504,1508,1508,1508,1508,1508,1518,1514,1516,1514,1514,1516,1512,1508,1512,1512,1512,1512,1512,1512,1512,1512,1516,1516,1516,1516,1516,1516,1516,1516,1516,1516,1516,1516,1516,1516,1516,1516,1516,1516,1516,1516,1516,1516,1516,1520,1534,1534,1538,1534,1534,1534,1532,1532,1532,1534,1532,1532,1532,1532,1532,1532,1532,
44508,46828,46812,46812,46576,46704,46704,47216,51172,47096,46684,46784,46564,46868,46910,50564,48660,55116,55412,55412,55412,55412,55412,55412,55412,55412,55412,55412,55412,55364,55364,55364,55364,55364,55524,55364,55364,55332,55300,55300,55300,55300,55300,55300,55364,55300,55332,55332,55332,55348,55332,55332,55332,55332,55332,55396,55332,55396,55460,55396,55396,55396,55396,55492,55396,55396,55396,55396,55396,55396,55396,55396,55396,55396,55396,55396,55396,55396,55396,55396,55396,55396,55396,55396,55396,55412,55460,55460,55460,55460,55460,55460,55460,55460,55460,55460,55460,55460,55460,55460,55460,55460,55460,55460,55460,55460,55460,55460,55460,55460,55460,55460,55460,55460,55460,55460,55460,55460,55460,55460,55460,55460,55460,55460,55460,55460,55460,55460,55460,55460,55460,55460,55460,55460,55460,55460,55460,55460,55460,55460,55460,55460,55460,55460,55460,55460,55460,55460,55460,55460,55460,55460,55460,55460,55460,55460,55460,55460,55460,55460,55460,55460,55460,55460,55460,55460,55460,55460,55460,55460,55460,55460,55460,55460,55460,55460,55460,55460,55460,55460,55460,55460,55460,55460,55460,55460,55460,55460,55460,55460,55460,55460,55460,55460,55460,55460,55460,55460,55460,55460,55460,55460,55460,55460,55460,55396,55396,53092,53284,53284,53284,55364,54292,54036,54164,54036,54100,53412,53968,52996,54320,55364,54064,54792,55264,54732,54732,54748,54744,54824,54768,54832,54768,54768,54768,54768,55340,55276,55276,55340,55340,55340,55340,55340,55358,55346,55354,55346,55346,55354,55364,55396,55364,55364,55364,55364,55364,55364,55364,55364,55428,55428,55428,55428,55428,55428,55428,55428,55428,55428,55428,55428,55428,55428,55428,55428,55428,55428,55428,55428,55428,55428,55428,55418,55492,55492,55520,55492,55492,55492,55484,55484,55484,55488,55484,55484,55484,55484,55484,55484,55484,
0.672852,0.686523,0.684570,0.684570,0.693359,0.697266,0.697266,0.705078,0.712891,0.701172,0.692383,0.699219,0.689453,0.696289,0.699219,0.695312,0.700195,0.728516,0.737305,0.737305,0.737305,0.737305,0.737305,0.737305,0.737305,0.737305,0.737305,0.737305,0.737305,0.734375,0.734375,0.734375,0.734375,0.734375,0.742188,0.734375,0.734375,0.734375,0.732422,0.732422,0.732422,0.732422,0.732422,0.732422,0.734375,0.732422,0.734375,0.734375,0.734375,0.735352,0.734375,0.734375,0.734375,0.734375,0.734375,0.736328,0.734375,0.738281,0.740234,0.738281,0.738281,0.738281,0.738281,0.740234,0.738281,0.738281,0.738281,0.738281,0.738281,0.738281,0.738281,0.738281,0.738281,0.738281,0.738281,0.738281,0.738281,0.738281,0.738281,0.738281,0.738281,0.738281,0.738281,0.738281,0.738281,0.737305,0.740234,0.740234,0.740234,0.740234,0.740234,0.740234,0.740234,0.740234,0.740234,0.740234,0.740234,0.740234,0.740234,0.740234,0.740234,0.740234,0.740234,0.740234,0.740234,0.740234,0.740234,0.740234,0.740234,0.740234,0.740234,0.740234,0.740234,0.740234,0.740234,0.740234,0.740234,0.740234,0.740234,0.740234,0.740234,0.740234,0.740234,0.740234,0.740234,0.740234,0.740234,0.740234,0.740234,0.740234,0.740234,0.740234,0.740234,0.740234,0.740234,0.740234,0.740234,0.740234,0.740234,0.740234,0.740234,0.740234,0.740234,0.740234,0.740234,0.740234,0.740234,0.740234,0.740234,0.740234,0.740234,0.740234,0.740234,0.740234,0.740234,0.740234,0.740234,0.740234,0.740234,0.740234,0.740234,0.740234,0.740234,0.740234,0.740234,0.740234,0.740234,0.740234,0.740234,0.740234,0.740234,0.740234,0.740234,0.740234,0.740234,0.740234,0.740234,0.740234,0.740234,0.740234,0.740234,0.740234,0.740234,0.740234,0.740234,0.740234,0.740234,0.740234,0.740234,0.740234,0.740234,0.740234,0.740234,0.740234,0.740234,0.740234,0.740234,0.740234,0.740234,0.740234,0.740234,0.740234,0.740234,0.740234,0.740234,0.738281,0.738281,0.718750,0.718750,0.718750,0.718750,0.736328,0.725586,0.721680,0.725586,0.721680,0.723633,0.721680,0.723633,0.712891,0.729492,0.734375,0.724609,0.731445,0.736328,0.730469,0.730469,0.731445,0.728516,0.731445,0.730469,0.732422,0.730469,0.730469,0.730469,0.730469,0.736328,0.734375,0.734375,0.736328,0.736328,0.736328,0.736328,0.736328,0.741211,0.739258,0.740234,0.739258,0.739258,0.740234,0.738281,0.736328,0.738281,0.738281,0.738281,0.738281,0.738281,0.738281,0.738281,0.738281,0.740234,0.740234,0.740234,0.740234,0.740234,0.740234,0.740234,0.740234,0.740234,0.740234,0.740234,0.740234,0.740234,0.740234,0.740234,0.740234,0.740234,0.740234,0.740234,0.740234,0.740234,0.740234,0.740234,0.742188,0.749023,0.749023,0.750977,0.749023,0.749023,0.749023,0.748047,0.748047,0.748047,0.749023,0.748047,0.748047,0.748047,0.748047,0.748047,0.748047,0.748047,
0.679138,0.714539,0.714294,0.714294,0.710693,0.712646,0.712646,0.720459,0.780823,0.718628,0.712341,0.713867,0.710510,0.715149,0.715790,0.771545,0.742493,0.841003,0.845520,0.845520,0.845520,0.845520,0.845520,0.845520,0.845520,0.845520,0.845520,0.845520,0.845520,0.844788,0.844788,0.844788,0.844788,0.844788,0.847229,0.844788,0.844788,0.844299,0.843811,0.843811,0.843811,0.843811,0.843811,0.843811,0.844788,0.843811,0.844299,0.844299,0.844299,0.844543,0.844299,0.844299,0.844299,0.844299,0.844299,0.845276,0.844299,0.845276,0.846252,0.845276,0.845276,0.845276,0.845276,0.846741,0.845276,0.845276,0.845276,0.845276,0.845276,0.845276,0.845276,0.845276,0.845276,0.845276,0.845276,0.845276,0.845276,0.845276,0.845276,0.845276,0.845276,0.845276,0.845276,0.845276,0.845276,0.845520,0.846252,0.846252,0.846252,0.846252,0.846252,0.846252,0.846252,0.846252,0.846252,0.846252,0.846252,0.846252,0.846252,0.846252,0.846252,0.846252,0.846252,0.846252,0.846252,0.846252,0.846252,0.846252,0.846252,0.846252,0.846252,0.846252,0.846252,0.846252,0.846252,0.846252,0.846252,0.846252,0.846252,0.846252,0.846252,0.846252,0.846252,0.846252,0.846252,0.846252,0.846252,0.846252,0.846252,0.846252,0.846252,0.846252,0.846252,0.846252,0.846252,0.846252,0.846252,0.846252,0.846252,0.846252,0.846252,0.846252,0.846252,0.846252,0.846252,0.846252,0.846252,0.846252,0.846252,0.846252,0.846252,0.846252,0.846252,0.846252,0.846252,0.846252,0.846252,0.846252,0.846252,0.846252,0.846252,0.846252,0.846252,0.846252,0.846252,0.846252,0.846252,0.846252,0.846252,0.846252,0.846252,0.846252,0.846252,0.846252,0.846252,0.846252,0.846252,0.846252,0.846252,0.846252,0.846252,0.846252,0.846252,0.846252,0.846252,0.846252,0.846252,0.846252,0.846252,0.846252,0.846252,0.846252,0.846252,0.846252,0.846252,0.846252,0.846252,0.846252,0.846252,0.846252,0.846252,0.846252,0.846252,0.846252,0.846252,0.845276,0.845276,0.810120,0.813049,0.813049,0.813049,0.844788,0.828430,0.824524,0.826477,0.824524,0.825500,0.815002,0.823486,0.808655,0.828857,0.844788,0.824951,0.836060,0.843262,0.835144,0.835144,0.835388,0.835327,0.836548,0.835693,0.836670,0.835693,0.835693,0.835693,0.835693,0.844421,0.843445,0.843445,0.844421,0.844421,0.844421,0.844421,0.844421,0.844696,0.844513,0.844635,0.844513,0.844513,0.844635,0.844788,0.845276,0.844788,0.844788,0.844788,0.844788,0.844788,0.844788,0.844788,0.844788,0.845764,0.845764,0.845764,0.845764,0.845764,0.845764,0.845764,0.845764,0.845764,0.845764,0.845764,0.845764,0.845764,0.845764,0.845764,0.845764,0.845764,0.845764,0.845764,0.845764,0.845764,0.845764,0.845764,0.845612,0.846741,0.846741,0.847168,0.846741,0.846741,0.846741,0.846619,0.846619,0.846619,0.846680,0.846619,0.846619,0.846619,0.846619,0.846619,0.846619,0.846619,
