kBasicLog: 1
kBreedEdges: 1
kBreedGates: 1
kBreedSample: 4
kBreedType: 1
kChildren: 100
kEvaluations: 30000
kGens: 100
kLegalGateTypes: 1
kLog: 1
kLogIter: 3
kMaxGenStagnation: 300
kMessUp: 0
kMutatePercent: 5
kMutationMode: 2
kMutations: 16
kPruneOrphans: 1
kSaveDotGraphs: 1
kSeed: 0
kThreads: 4
kThreshold: 1000
kTruthWeight: 1
columns: 16
rows: 4,4,4,4,4,4,4,4,4,4,4,4,4,4,4,4
goal_correct_count: 256
goal_total_count: 2048
goal_total_weighted_count: 65536
~
gates_used: 31
total_count: 1518
total_weighted_count: 0
percent: 0.741211
weighted_percent: 0.000000
evaluations: 30100
~
1402,1410,1410,1446,1428,1424,1428,1436,1430,1430,1424,1450,1456,1462,1454,1480,1454,1456,1468,1432,1432,1440,1436,1444,1482,1460,1468,1476,1520,1498,1516,1498,1490,1484,1490,1486,1486,1482,1478,1488,1518,1480,1480,1480,1484,1492,1482,1488,1474,1474,1474,1474,1476,1500,1492,1484,1480,1478,1474,1476,1472,1472,1472,1492,1478,1476,1496,1494,1494,1494,1482,1486,1482,1490,1494,1494,1500,1502,1500,1502,1504,1504,1484,1472,1488,1488,1486,1462,1474,1470,1462,1502,1466,1486,1474,1478,1498,1498,1498,1506,1506,1490,1486,1486,1502,1502,1502,1502,1502,1502,1496,1496,1496,1506,1504,1504,1510,1502,1502,1504,1506,1506,1506,1506,1506,1506,1506,1506,1506,1510,1510,1510,1510,1510,1510,1510,1510,1510,1510,1510,1510,1510,1510,1510,1510,1514,1510,1510,1510,1510,1510,1506,1508,1506,1506,1508,1506,1506,1506,1512,1512,1512,1512,1512,1512,1512,1512,1512,1512,1512,1512,1512,1512,1512,1520,1518,1512,1518,1512,1512,1512,1512,1512,1512,1512,1512,1518,1518,1518,1518,1518,1518,1518,1510,1518,1518,1518,1518,1518,1518,1518,1518,1518,1518,1518,1518,1518,1518,1518,1518,1518,1518,1518,1518,1518,1518,1518,1518,1518,1518,1518,1518,1518,1518,1518,1518,1518,1518,1518,1518,1518,1518,1518,1518,1518,1518,1518,1518,1518,1518,1518,1518,1518,1518,1518,1518,1518,1518,1518,1518,1518,1518,1518,1518,1518,1518,1518,1518,1518,1518,1518,1518,1518,1518,1518,1518,1518,1518,1518,1518,1500,1500,1500,1500,1500,1500,1500,1492,1492,1500,1500,1500,1500,1500,1500,1518,1518,1518,1518,1518,1518,1518,1518,1518,1518,1518,1518,1518,1518,1530,1518,
44748,45204,45324,47964,45936,45872,45936,46192,46224,46184,45676,49000,49904,50180,49896,49972,49896,49904,50544,48484,48484,49156,48612,48940,54764,53476,53732,54244,54912,54812,54862,54326,54320,54320,54390,54288,54762,54260,54252,54262,56556,53414,53414,53414,53742,53976,53242,54064,53176,53304,53304,53304,53320,53968,54384,53416,53352,53336,53304,53610,53696,53696,53696,53958,54160,54156,55340,55324,55324,55324,54788,54940,54788,55292,55388,55388,55428,55548,55428,55548,55436,55436,54316,53396,53952,53952,54204,53500,54044,53628,53244,55356,53308,54396,54748,54268,55356,55356,55356,55484,55484,54460,54396,54396,55420,55420,55420,55420,55420,55420,55300,55300,55300,55868,55620,55620,55868,55612,55612,55620,55676,55676,55676,55676,55676,55676,55676,55676,55676,56316,56316,56316,56316,56316,56316,56316,56316,56316,56316,56316,56316,56316,56316,56316,56316,56348,55884,55884,55884,55884,55884,55870,55872,55870,55870,55872,56062,56062,56062,56320,56320,56320,56320,56320,56320,56320,56320,56320,56320,56320,56320,56320,56320,56320,56384,56572,56320,56700,56320,56320,56320,56320,56320,56320,56320,56320,56572,56572,56572,56572,56572,56572,56572,56700,56572,56572,56572,56572,56572,56572,56572,56572,56572,56572,56572,56572,56572,56572,56572,56572,56572,56572,56572,56572,56572,56572,56572,56572,56572,56572,56572,56572,56572,56572,56572,56572,56572,56572,56572,56572,56572,56572,56572,56572,56572,56572,56572,56572,56572,56572,56572,56572,56572,56572,56572,56572,56572,56572,56572,56572,56572,56572,56572,56572,56572,56572,56572,56572,56572,56572,56572,56572,56572,56572,56572,56572,56572,56572,56572,56572,56548,56548,56548,56548,56548,56548,56548,56420,56420,56548,56548,56548,56548,56548,56548,56572,56572,56572,56572,56572,56572,56572,56572,56572,56572,56572,56572,56572,56572,57356,56572,
0.684570,0.688477,0.688477,0.706055,0.697266,0.695312,0.697266,0.701172,0.698242,0.698242,0.695312,0.708008,0.710938,0.713867,0.709961,0.722656,0.709961,0.710938,0.716797,0.699219,0.699219,0.703125,0.701172,0.705078,0.723633,0.712891,0.716797,0.720703,0.742188,0.731445,0.740234,0.731445,0.727539,0.724609,0.727539,0.725586,0.725586,0.723633,0.721680,0.726562,0.741211,0.722656,0.722656,0.722656,0.724609,0.728516,0.723633,0.726562,0.719727,0.719727,0.719727,0.719727,0.720703,0.732422,0.728516,0.724609,0.722656,0.721680,0.719727,0.720703,0.718750,0.718750,0.718750,0.728516,0.721680,0.720703,0.730469,0.729492,0.729492,0.729492,0.723633,0.725586,0.723633,0.727539,0.729492,0.729492,0.732422,0.733398,0.732422,0.733398,0.734375,0.734375,0.724609,0.718750,0.726562,0.726562,0.725586,0.713867,0.719727,0.717773,0.713867,0.733398,0.715820,0.725586,0.719727,0.721680,0.731445,0.731445,0.731445,0.735352,0.735352,0.727539,0.725586,0.725586,0.733398,0.733398,0.733398,0.733398,0.733398,0.733398,0.730469,0.730469,0.730469,0.735352,0.734375,0.734375,0.737305,0.733398,0.733398,0.734375,0.735352,0.735352,0.735352,0.735352,0.735352,0.735352,0.735352,0.735352,0.735352,0.737305,0.737305,0.737305,0.737305,0.737305,0.737305,0.737305,0.737305,0.737305,0.737305,0.737305,0.737305,0.737305,0.737305,0.737305,0.737305,0.739258,0.737305,0.737305,0.737305,0.737305,0.737305,0.735352,0.736328,0.735352,0.735352,0.736328,0.735352,0.735352,0.735352,0.738281,0.738281,0.738281,0.738281,0.738281,0.738281,0.738281,0.738281,0.738281,0.738281,0.738281,0.738281,0.738281,0.738281,0.738281,0.742188,0.741211,0.738281,0.741211,0.738281,0.738281,0.738281,0.738281,0.738281,0.738281,0.738281,0.738281,0.741211,0.741211,0.741211,0.741211,0.741211,0.741211,0.741211,0.737305,0.741211,0.741211,0.741211,0.741211,0.741211,0.741211,0.741211,0.741211,0.741211,0.741211,0.741211,0.741211,0.741211,0.741211,0.741211,0.741211,0.741211,0.741211,0.741211,0.741211,0.741211,0.741211,0.741211,0.741211,0.741211,0.741211,0.741211,0.741211,0.741211,0.741211,0.741211,0.741211,0.741211,0.741211,0.741211,0.741211,0.741211,0.741211,0.741211,0.741211,0.741211,0.741211,0.741211,0.741211,0.741211,0.741211,0.741211,0.741211,0.741211,0.741211,0.741211,0.741211,0.741211,0.741211,0.741211,0.741211,0.741211,0.741211,0.741211,0.741211,0.741211,0.741211,0.741211,0.741211,0.741211,0.741211,0.741211,0.741211,0.741211,0.741211,0.741211,0.741211,0.741211,0.741211,0.741211,0.741211,0.732422,0.732422,0.732422,0.732422,0.732422,0.732422,0.732422,0.728516,0.728516,0.732422,0.732422,0.732422,0.732422,0.732422,0.732422,0.741211,0.741211,0.741211,0.741211,0.741211,0.741211,0.741211,0.741211,0.741211,0.741211,0.741211,0.741211,0.741211,0.741211,0.747070,0.741211,
0.682800,0.689758,0.691589,0.731873,0.700928,0.699951,0.700928,0.704834,0.705322,0.704712,0.696960,0.747681,0.761475,0.765686,0.761353,0.762512,0.761353,0.761475,0.771240,0.739807,0.739807,0.750061,0.741760,0.746765,0.835632,0.815979,0.819885,0.827698,0.837891,0.836365,0.837128,0.828949,0.828857,0.828857,0.829926,0.828369,0.835602,0.827942,0.827820,0.827972,0.862976,0.815033,0.815033,0.815033,0.820038,0.823608,0.812408,0.824951,0.811401,0.813354,0.813354,0.813354,0.813599,0.823486,0.829834,0.815063,0.814087,0.813843,0.813354,0.818024,0.819336,0.819336,0.819336,0.823334,0.826416,0.826355,0.844421,0.844177,0.844177,0.844177,0.835999,0.838318,0.835999,0.843689,0.845154,0.845154,0.845764,0.847595,0.845764,0.847595,0.845886,0.845886,0.828796,0.814758,0.823242,0.823242,0.827087,0.816345,0.824646,0.818298,0.812439,0.844666,0.813416,0.830017,0.835388,0.828064,0.844666,0.844666,0.844666,0.846619,0.846619,0.830994,0.830017,0.830017,0.845642,0.845642,0.845642,0.845642,0.845642,0.845642,0.843811,0.843811,0.843811,0.852478,0.848694,0.848694,0.852478,0.848572,0.848572,0.848694,0.849548,0.849548,0.849548,0.849548,0.849548,0.849548,0.849548,0.849548,0.849548,0.859314,0.859314,0.859314,0.859314,0.859314,0.859314,0.859314,0.859314,0.859314,0.859314,0.859314,0.859314,0.859314,0.859314,0.859314,0.859314,0.859802,0.852722,0.852722,0.852722,0.852722,0.852722,0.852509,0.852539,0.852509,0.852509,0.852539,0.855438,0.855438,0.855438,0.859375,0.859375,0.859375,0.859375,0.859375,0.859375,0.859375,0.859375,0.859375,0.859375,0.859375,0.859375,0.859375,0.859375,0.859375,0.860352,0.863220,0.859375,0.865173,0.859375,0.859375,0.859375,0.859375,0.859375,0.859375,0.859375,0.859375,0.863220,0.863220,0.863220,0.863220,0.863220,0.863220,0.863220,0.865173,0.863220,0.863220,0.863220,0.863220,0.863220,0.863220,0.863220,0.863220,0.863220,0.863220,0.863220,0.863220,0.863220,0.863220,0.863220,0.863220,0.863220,0.863220,0.863220,0.863220,0.863220,0.863220,0.863220,0.863220,0.863220,0.863220,0.863220,0.863220,0.863220,0.863220,0.863220,0.863220,0.863220,0.863220,0.863220,0.863220,0.863220,0.863220,0.863220,0.863220,0.863220,0.863220,0.863220,0.863220,0.863220,0.863220,0.863220,0.863220,0.863220,0.863220,0.863220,0.863220,0.863220,0.863220,0.863220,0.863220,0.863220,0.863220,0.863220,0.863220,0.863220,0.863220,0.863220,0.863220,0.863220,0.863220,0.863220,0.863220,0.863220,0.863220,0.863220,0.863220,0.863220,0.863220,0.863220,0.863220,0.862854,0.862854,0.862854,0.862854,0.862854,0.862854,0.862854,0.860901,0.860901,0.862854,0.862854,0.862854,0.862854,0.862854,0.862854,0.863220,0.863220,0.863220,0.863220,0.863220,0.863220,0.863220,0.863220,0.863220,0.863220,0.863220,0.863220,0.863220,0.863220,0.875183,0.863220,
