kBasicLog: 1
kBreedEdges: 1
kBreedGates: 1
kBreedSample: 4
kBreedType: 0
kChildren: 100
kEvaluations: 50000
kGens: 100
kLegalGateTypes: 1
kLog: 1
kLogIter: 0
kMaxGenStagnation: 300
kMessUp: 0
kMutatePercent: 6
kMutationMode: 1
kMutations: 16
kPruneOrphans: 1
kSaveDotGraphs: 1
kSeed: 0
kThreads: 4
kThreshold: 1000
kTruthWeight: 1
columns: 13
rows: 5,5,5,5,5,5,5,5,5,5,5,5,4
goal_correct_count: 256
goal_total_count: 2048
goal_total_weighted_count: 65536
~
gates_used: 31
total_count: 1690
total_weighted_count: 0
percent: 0.825195
weighted_percent: 0.000000
evaluations: 50100
~
1446,1504,1516,1528,1530,1532,1532,1532,1568,1581,1593,1597,1604,1618,1620,1630,1632,1632,1632,1632,1632,1636,1642,1642,1644,1644,1644,1644,1644,1644,1644,1644,1644,1644,1644,1644,1644,1644,1644,1644,1644,1644,1644,1644,1644,1644,1644,1646,1646,1650,1652,1654,1656,1656,1656,1656,1656,1656,1656,1656,1656,1658,1658,1658,1664,1664,1664,1664,1666,1666,1666,1666,1670,1670,1670,1670,1670,1670,1670,1670,1670,1670,1670,1670,1670,1670,1670,1670,1670,1670,1670,1670,1670,1670,1670,1673,1673,1673,1673,1673,1673,1673,1673,1673,1673,1673,1674,1674,1674,1674,1674,1674,1674,1674,1674,1674,1674,1674,1674,1674,1676,1676,1676,1676,1676,1676,1676,1676,1676,1676,1676,1676,1676,1676,1676,1678,1680,1680,1680,1680,1680,1680,1680,1680,1680,1680,1680,1680,1680,1680,1680,1680,1680,1680,1680,1680,1680,1680,1680,1680,1680,1680,1680,1680,1680,1680,1680,1680,1680,1680,1682,1682,1682,1682,1682,1682,1682,1682,1682,1682,1682,1682,1682,1682,1682,1682,1682,1682,1682,1682,1682,1682,1682,1682,1682,1682,1682,1682,1682,1682,1682,1686,1686,1686,1686,1686,1686,1686,1686,1686,1686,1686,1686,1686,1686,1686,1686,1686,1686,1686,1686,1686,1686,1686,1686,1686,1686,1686,1686,1686,1686,1686,1686,1686,1686,1686,1686,1686,1686,1686,1686,1686,1686,1686,1686,1686,1686,1686,1686,1686,1686,1686,1686,1686,1686,1686,1686,1686,1686,1686,1686,1686,1686,1686,1686,1686,1686,1686,1686,1686,1686,1686,1686,1686,1686,1686,1686,1686,1686,1686,1686,1686,1686,1686,1686,1686,1686,1686,1686,1686,1686,1686,1686,1686,1686,1686,1686,1686,1686,1686,1686,1686,1686,1686,1686,1686,1686,1686,1686,1686,1686,1686,1686,1686,1686,1686,1686,1686,1686,1686,1686,1686,1686,1686,1686,1686,1686,1686,1686,1686,1686,1686,1686,1686,1686,1686,1686,1686,1686,1686,1686,1686,1686,1686,1686,1686,1686,1686,1686,1686,1686,1686,1686,1686,1686,1686,1686,1686,1686,1686,1686,1686,1686,1686,1686,1686,1686,1686,1686,1686,1686,1686,1686,1686,1686,1686,1686,1686,1686,1686,1686,1686,1686,1686,1686,1686,1686,1686,1686,1686,1686,1686,1686,1686,1686,1686,1686,1686,1686,1686,1686,1686,1686,1686,1686,1686,1686,1686,1686,1686,1686,1686,1686,1686,1686,1686,1686,1686,1686,1686,1686,1686,1686,1686,1686,1686,1686,1686,1686,1686,1686,1686,1686,1686,1686,1686,1686,1686,1686,1686,1686,1686,1688,1688,1688,1688,1688,1688,1688,1688,1688,1688,1688,1688,1688,1688,1688,1688,1688,1688,1688,1688,1688,1688,1688,1688,1688,1688,1688,1688,1688,1688,1688,1688,1688,1688,1688,1688,1690,1690,1690,1690,1690,1690,1690,1690,1690,1690,1690,1690,1690,1690,1690,1690,1690,1690,1690,1690,1690,1690,1690,
49416,55112,55376,55626,55634,55650,55650,55650,59460,59564,59588,59600,60008,60720,60736,60866,60874,60874,60874,60874,60874,60922,60994,60994,61002,61002,61002,61002,61002,61002,61002,61002,61002,61002,61002,61002,61002,61002,61002,61002,61002,61002,61002,61002,61002,61002,61002,61186,61186,61282,61290,61314,61322,61322,61322,61322,61322,61322,61322,61322,61322,61326,61326,61326,61350,61350,61350,61350,61358,61358,61358,61358,61362,61362,61362,61362,61362,61362,61362,61362,61362,61362,61362,61362,61362,61362,61362,61362,61362,61362,61362,61362,61362,61362,61362,61365,61365,61365,61365,61365,61365,61365,61365,61365,61365,61365,61366,61366,61366,61366,61366,61366,61366,61366,61366,61366,61366,61366,61366,61366,61374,61374,61374,61374,61374,61374,61374,61374,61374,61374,61374,61374,61374,61374,61374,61410,61418,61418,61418,61418,61418,61418,61418,61418,61418,61418,61418,61418,61418,61418,61418,61418,61418,61418,61418,61418,61418,61418,61418,61418,61418,61418,61418,61418,61418,61418,61418,61418,61418,61418,61426,61426,61426,61426,61426,61426,61426,61426,61426,61426,61426,61426,61426,61426,61426,61426,61426,61426,61426,61426,61426,61426,61426,61426,61426,61426,61426,61426,61426,61426,61426,61458,61458,61458,61458,61458,61458,61458,61458,61458,61458,61458,61458,61458,61458,61458,61458,61458,61458,61458,61458,61458,61458,61458,61458,61458,61458,61458,61458,61458,61458,61458,61458,61458,61458,61458,61458,61458,61458,61458,61458,61458,61458,61458,61458,61458,61458,61458,61458,61458,61458,61458,61458,61458,61458,61458,61458,61458,61458,61458,61458,61458,61458,61458,61458,61458,61458,61458,61458,61458,61458,61458,61458,61458,61458,61458,61458,61458,61458,61458,61458,61458,61458,61458,61458,61458,61458,61458,61458,61458,61458,61458,61458,61458,61458,61458,61458,61458,61458,61458,61458,61458,61458,61458,61458,61458,61458,61458,61458,61458,61458,61458,61458,61458,61458,61458,61458,61458,61458,61458,61458,61458,61458,61458,61458,61458,61458,61458,61458,61458,61458,61458,61458,61458,61458,61458,61458,61458,61458,61458,61458,61458,61458,61458,61458,61458,61458,61458,61458,61458,61458,61458,61458,61458,61458,61458,61458,61458,61458,61458,61458,61458,61458,61458,61458,61458,61458,61458,61458,61458,61458,61458,61458,61458,61458,61458,61458,61458,61458,61458,61458,61458,61458,61458,61458,61458,61458,61458,61458,61458,61458,61458,61458,61458,61458,61458,61458,61458,61458,61458,61458,61458,61458,61458,61458,61458,61458,61458,61458,61458,61458,61458,61458,61458,61458,61458,61458,61458,61458,61458,61458,61458,61458,61458,61458,61458,61458,61458,61458,61458,61458,61458,61458,61458,61458,61458,61458,61458,61458,61458,61458,61458,61462,61462,61462,61462,61462,61462,61462,61462,61462,61462,61462,61462,61462,61462,61462,61462,61462,61462,61462,61462,61462,61462,61462,61462,61462,61462,61462,61462,61462,61462,61462,61462,61462,61462,61462,61462,61494,61494,61494,61494,61494,61494,61494,61494,61494,61494,61494,61494,61494,61494,61494,61494,61494,61494,61494,61494,61494,61494,61494,
0.706055,0.734375,0.740234,0.746094,0.747070,0.748047,0.748047,0.748047,0.765625,0.771973,0.777832,0.779785,0.783203,0.790039,0.791016,0.795898,0.796875,0.796875,0.796875,0.796875,0.796875,0.798828,0.801758,0.801758,0.802734,0.802734,0.802734,0.802734,0.802734,0.802734,0.802734,0.802734,0.802734,0.802734,0.802734,0.802734,0.802734,0.802734,0.802734,0.802734,0.802734,0.802734,0.802734,0.802734,0.802734,0.802734,0.802734,0.803711,0.803711,0.805664,0.806641,0.807617,0.808594,0.808594,0.808594,0.808594,0.808594,0.808594,0.808594,0.808594,0.808594,0.809570,0.809570,0.809570,0.812500,0.812500,0.812500,0.812500,0.813477,0.813477,0.813477,0.813477,0.815430,0.815430,0.815430,0.815430,0.815430,0.815430,0.815430,0.815430,0.815430,0.815430,0.815430,0.815430,0.815430,0.815430,0.815430,0.815430,0.815430,0.815430,0.815430,0.815430,0.815430,0.815430,0.815430,0.816895,0.816895,0.816895,0.816895,0.816895,0.816895,0.816895,0.816895,0.816895,0.816895,0.816895,0.817383,0.817383,0.817383,0.817383,0.817383,0.817383,0.817383,0.817383,0.817383,0.817383,0.817383,0.817383,0.817383,0.817383,0.818359,0.818359,0.818359,0.818359,0.818359,0.818359,0.818359,0.818359,0.818359,0.818359,0.818359,0.818359,0.818359,0.818359,0.818359,0.819336,0.820312,0.820312,0.820312,0.820312,0.820312,0.820312,0.820312,0.820312,0.820312,0.820312,0.820312,0.820312,0.820312,0.820312,0.820312,0.820312,0.820312,0.820312,0.820312,0.820312,0.820312,0.820312,0.820312,0.820312,0.820312,0.820312,0.820312,0.820312,0.820312,0.820312,0.820312,0.820312,0.820312,0.820312,0.821289,0.821289,0.821289,0.821289,0.821289,0.821289,0.821289,0.821289,0.821289,0.821289,0.821289,0.821289,0.821289,0.821289,0.821289,0.821289,0.821289,0.821289,0.821289,0.821289,0.821289,0.821289,0.821289,0.821289,0.821289,0.821289,0.821289,0.821289,0.821289,0.821289,0.821289,0.823242,0.823242,0.823242,0.823242,0.823242,0.823242,0.823242,0.823242,0.823242,0.823242,0.823242,0.823242,0.823242,0.823242,0.823242,0.823242,0.823242,0.823242,0.823242,0.823242,0.823242,0.823242,0.823242,0.823242,0.823242,0.823242,0.823242,0.823242,0.823242,0.823242,0.823242,0.823242,0.823242,0.823242,0.823242,0.823242,0.823242,0.823242,0.823242,0.823242,0.823242,0.823242,0.823242,0.823242,0.823242,0.823242,0.823242,0.823242,0.823242,0.823242,0.823242,0.823242,0.823242,0.823242,0.823242,0.823242,0.823242,0.823242,0.823242,0.823242,0.823242,0.823242,0.823242,0.823242,0.823242,0.823242,0.823242,0.823242,0.823242,0.823242,0.823242,0.823242,0.823242,0.823242,0.823242,0.823242,0.823242,0.823242,0.823242,0.823242,0.823242,0.823242,0.823242,0.823242,0.823242,0.823242,0.823242,0.823242,0.823242,0.823242,0.823242,0.823242,0.823242,0.823242,0.823242,0.823242,0.823242,0.823242,0.823242,0.823242,0.823242,0.823242,0.823242,0.823242,0.823242,0.823242,0.823242,0.823242,0.823242,0.823242,0.823242,0.823242,0.823242,0.823242,0.823242,0.823242,0.823242,0.823242,0.823242,0.823242,0.823242,0.823242,0.823242,0.823242,0.823242,0.823242,0.823242,0.823242,0.823242,0.823242,0.823242,0.823242,0.823242,0.823242,0.823242,0.823242,0.823242,0.823242,0.823242,0.823242,0.823242,0.823242,0.823242,0.823242,0.823242,0.823242,0.823242,0.823242,0.823242,0.823242,0.823242,0.823242,0.823242,0.823242,0.823242,0.823242,0.823242,0.823242,0.823242,0.823242,0.823242,0.823242,0.823242,0.823242,0.823242,0.823242,0.823242,0.823242,0.823242,0.823242,0.823242,0.823242,0.823242,0.823242,0.823242,0.823242,0.823242,0.823242,0.823242,0.823242,0.823242,0.823242,0.823242,0.823242,0.823242,0.823242,0.823242,0.823242,0.823242,0.823242,0.823242,0.823242,0.823242,0.823242,0.823242,0.823242,0.823242,0.823242,0.823242,0.823242,0.823242,0.823242,0.823242,0.823242,0.823242,0.823242,0.823242,0.823242,0.823242,0.823242,0.823242,0.823242,0.823242,0.823242,0.823242,0.823242,0.823242,0.823242,0.823242,0.823242,0.823242,0.823242,0.823242,0.823242,0.823242,0.823242,0.823242,0.823242,0.823242,0.823242,0.823242,0.823242,0.823242,0.823242,0.823242,0.823242,0.823242,0.823242,0.823242,0.823242,0.823242,0.824219,0.824219,0.824219,0.824219,0.824219,0.824219,0.824219,0.824219,0.824219,0.824219,0.824219,0.824219,0.824219,0.824219,0.824219,0.824219,0.824219,0.824219,0.824219,0.824219,0.824219,0.824219,0.824219,0.824219,0.824219,0.824219,0.824219,0.824219,0.824219,0.824219,0.824219,0.824219,0.824219,0.824219,0.824219,0.824219,0.825195,0.825195,0.825195,0.825195,0.825195,0.825195,0.825195,0.825195,0.825195,0.825195,0.825195,0.825195,0.825195,0.825195,0.825195,0.825195,0.825195,0.825195,0.825195,0.825195,0.825195,0.825195,0.825195,
0.754028,0.840942,0.844971,0.848785,0.848907,0.849152,0.849152,0.849152,0.907288,0.908875,0.909241,0.909424,0.915649,0.926514,0.926758,0.928741,0.928864,0.928864,0.928864,0.928864,0.928864,0.929596,0.930695,0.930695,0.930817,0.930817,0.930817,0.930817,0.930817,0.930817,0.930817,0.930817,0.930817,0.930817,0.930817,0.930817,0.930817,0.930817,0.930817,0.930817,0.930817,0.930817,0.930817,0.930817,0.930817,0.930817,0.930817,0.933624,0.933624,0.935089,0.935211,0.935577,0.935699,0.935699,0.935699,0.935699,0.935699,0.935699,0.935699,0.935699,0.935699,0.935760,0.935760,0.935760,0.936127,0.936127,0.936127,0.936127,0.936249,0.936249,0.936249,0.936249,0.936310,0.936310,0.936310,0.936310,0.936310,0.936310,0.936310,0.936310,0.936310,0.936310,0.936310,0.936310,0.936310,0.936310,0.936310,0.936310,0.936310,0.936310,0.936310,0.936310,0.936310,0.936310,0.936310,0.936356,0.936356,0.936356,0.936356,0.936356,0.936356,0.936356,0.936356,0.936356,0.936356,0.936356,0.936371,0.936371,0.936371,0.936371,0.936371,0.936371,0.936371,0.936371,0.936371,0.936371,0.936371,0.936371,0.936371,0.936371,0.936493,0.936493,0.936493,0.936493,0.936493,0.936493,0.936493,0.936493,0.936493,0.936493,0.936493,0.936493,0.936493,0.936493,0.936493,0.937042,0.937164,0.937164,0.937164,0.937164,0.937164,0.937164,0.937164,0.937164,0.937164,0.937164,0.937164,0.937164,0.937164,0.937164,0.937164,0.937164,0.937164,0.937164,0.937164,0.937164,0.937164,0.937164,0.937164,0.937164,0.937164,0.937164,0.937164,0.937164,0.937164,0.937164,0.937164,0.937164,0.937164,0.937164,0.937286,0.937286,0.937286,0.937286,0.937286,0.937286,0.937286,0.937286,0.937286,0.937286,0.937286,0.937286,0.937286,0.937286,0.937286,0.937286,0.937286,0.937286,0.937286,0.937286,0.937286,0.937286,0.937286,0.937286,0.937286,0.937286,0.937286,0.937286,0.937286,0.937286,0.937286,0.937775,0.937775,0.937775,0.937775,0.937775,0.937775,0.937775,0.937775,0.937775,0.937775,0.937775,0.937775,0.937775,0.937775,0.937775,0.937775,0.937775,0.937775,0.937775,0.937775,0.937775,0.937775,0.937775,0.937775,0.937775,0.937775,0.937775,0.937775,0.937775,0.937775,0.937775,0.937775,0.937775,0.937775,0.937775,0.937775,0.937775,0.937775,0.937775,0.937775,0.937775,0.937775,0.937775,0.937775,0.937775,0.937775,0.937775,0.937775,0.937775,0.937775,0.937775,0.937775,0.937775,0.937775,0.937775,0.937775,0.937775,0.937775,0.937775,0.937775,0.937775,0.937775,0.937775,0.937775,0.937775,0.937775,0.937775,0.937775,0.937775,0.937775,0.937775,0.937775,0.937775,0.937775,0.937775,0.937775,0.937775,0.937775,0.937775,0.937775,0.937775,0.937775,0.937775,0.937775,0.937775,0.937775,0.937775,0.937775,0.937775,0.937775,0.937775,0.937775,0.937775,0.937775,0.937775,0.937775,0.937775,0.937775,0.937775,0.937775,0.937775,0.937775,0.937775,0.937775,0.937775,0.937775,0.937775,0.937775,0.937775,0.937775,0.937775,0.937775,0.937775,0.937775,0.937775,0.937775,0.937775,0.937775,0.937775,0.937775,0.937775,0.937775,0.937775,0.937775,0.937775,0.937775,0.937775,0.937775,0.937775,0.937775,0.937775,0.937775,0.937775,0.937775,0.937775,0.937775,0.937775,0.937775,0.937775,0.937775,0.937775,0.937775,0.937775,0.937775,0.937775,0.937775,0.937775,0.937775,0.937775,0.937775,0.937775,0.937775,0.937775,0.937775,0.937775,0.937775,0.937775,0.937775,0.937775,0.937775,0.937775,0.937775,0.937775,0.937775,0.937775,0.937775,0.937775,0.937775,0.937775,0.937775,0.937775,0.937775,0.937775,0.937775,0.937775,0.937775,0.937775,0.937775,0.937775,0.937775,0.937775,0.937775,0.937775,0.937775,0.937775,0.937775,0.937775,0.937775,0.937775,0.937775,0.937775,0.937775,0.937775,0.937775,0.937775,0.937775,0.937775,0.937775,0.937775,0.937775,0.937775,0.937775,0.937775,0.937775,0.937775,0.937775,0.937775,0.937775,0.937775,0.937775,0.937775,0.937775,0.937775,0.937775,0.937775,0.937775,0.937775,0.937775,0.937775,0.937775,0.937775,0.937775,0.937775,0.937775,0.937775,0.937775,0.937775,0.937775,0.937775,0.937775,0.937775,0.937775,0.937775,0.937775,0.937775,0.937775,0.937775,0.937775,0.937775,0.937775,0.937775,0.937836,0.937836,0.937836,0.937836,0.937836,0.937836,0.937836,0.937836,0.937836,0.937836,0.937836,0.937836,0.937836,0.937836,0.937836,0.937836,0.937836,0.937836,0.937836,0.937836,0.937836,0.937836,0.937836,0.937836,0.937836,0.937836,0.937836,0.937836,0.937836,0.937836,0.937836,0.937836,0.937836,0.937836,0.937836,0.937836,0.938324,0.938324,0.938324,0.938324,0.938324,0.938324,0.938324,0.938324,0.938324,0.938324,0.938324,0.938324,0.938324,0.938324,0.938324,0.938324,0.938324,0.938324,0.938324,0.938324,0.938324,0.938324,0.938324,
