kBasicLog: 1
kBreedEdges: 1
kBreedGates: 1
kBreedSample: 4
kBreedType: 0
kChildren: 100
kEvaluations: 50000
kGens: 100
kLegalGateTypes: 1
kLog: 1
kLogIter: 1
kMaxGenStagnation: 300
kMessUp: 0
kMutatePercent: 6
kMutationMode: 1
kMutations: 16
kPruneOrphans: 1
kSaveDotGraphs: 1
kSeed: 0
kThreads: 4
kThreshold: 1000
kTruthWeight: 1
columns: 13
rows: 5,5,5,5,5,5,5,5,5,5,5,5,4
goal_correct_count: 256
goal_total_count: 2048
goal_total_weighted_count: 65536
~
gates_used: 38
total_count: 1660
total_weighted_count: 0
percent: 0.810547
weighted_percent: 0.000000
evaluations: 50100
~
1450,1458,1462,1522,1548,1566,1572,1574,1578,1578,1582,1586,1586,1586,1586,1594,1598,1598,1598,1598,1602,1602,1602,1602,1602,1602,1602,1602,1602,1602,1602,1602,1602,1602,1602,1602,1602,1602,1602,1602,1602,1602,1602,1602,1602,1602,1602,1602,1602,1602,1602,1602,1602,1602,1602,1602,1602,1602,1602,1602,1602,1606,1606,1606,1606,1606,1606,1606,1606,1606,1606,1606,1606,1606,1606,1606,1606,1606,1606,1606,1606,1606,1606,1606,1606,1606,1606,1606,1606,1606,1606,1606,1606,1606,1610,1610,1612,1612,1612,1612,1612,1612,1614,1614,1614,1614,1614,1614,1614,1614,1614,1614,1615,1621,1621,1621,1621,1621,1622,1622,1626,1626,1626,1626,1626,1626,1626,1628,1628,1628,1628,1628,1628,1628,1628,1628,1628,1628,1632,1632,1632,1636,1636,1636,1636,1636,1636,1636,1636,1636,1636,1636,1636,1636,1636,1636,1638,1638,1638,1638,1638,1638,1638,1638,1638,1638,1638,1641,1641,1641,1641,1641,1641,1641,1641,1642,1642,1642,1642,1642,1642,1642,1642,1642,1642,1642,1642,1642,1642,1642,1642,1642,1642,1642,1642,1642,1642,1642,1642,1642,1642,1642,1642,1642,1642,1642,1642,1642,1642,1642,1642,1642,1642,1642,1642,1642,1642,1642,1642,1642,1642,1642,1642,1642,1642,1642,1642,1642,1642,1642,1642,1642,1642,1642,1642,1642,1642,1642,1642,1642,1642,1642,1642,1642,1642,1642,1642,1642,1642,1642,1642,1642,1642,1642,1642,1642,1642,1642,1642,1642,1642,1642,1642,1642,1642,1642,1642,1642,1642,1642,1642,1642,1642,1642,1642,1642,1642,1642,1642,1642,1642,1642,1642,1642,1642,1642,1642,1642,1642,1642,1642,1642,1642,1642,1642,1642,1642,1642,1642,1642,1642,1642,1642,1642,1642,1642,1642,1642,1642,1642,1642,1642,1642,1642,1642,1642,1642,1642,1642,1642,1642,1642,1642,1642,1642,1642,1642,1642,1642,1642,1642,1642,1642,1642,1642,1642,1642,1642,1642,1642,1642,1642,1642,1642,1642,1642,1642,1642,1642,1642,1642,1642,1642,1642,1642,1642,1642,1642,1642,1642,1642,1642,1642,1642,1642,1642,1642,1642,1642,1642,1642,1644,1644,1644,1644,1648,1648,1648,1648,1648,1648,1648,1648,1648,1648,1648,1648,1648,1648,1648,1648,1648,1648,1648,1648,1648,1648,1648,1648,1648,1654,1654,1654,1654,1654,1654,1654,1654,1654,1654,1654,1654,1654,1654,1654,1654,1654,1654,1654,1654,1654,1654,1654,1654,1654,1654,1654,1654,1654,1654,1654,1654,1654,1654,1654,1654,1654,1654,1654,1654,1654,1654,1654,1654,1654,1654,1654,1654,1654,1654,1654,1654,1654,1654,1654,1656,1656,1656,1656,1656,1656,1656,1660,1660,1660,1660,1660,1660,1660,1660,1660,1660,1660,1660,1660,1660,1660,1660,1660,1660,1660,1660,1660,1660,1660,1660,1660,1660,1660,1660,1660,1660,1660,1660,1660,1660,1660,1660,1660,1660,1660,
47920,48432,49756,54804,55880,56912,56928,56936,56944,56944,57008,57072,57072,57072,57072,57200,57264,57264,57264,57264,57296,57296,57296,57296,57296,57296,57296,57296,57296,57296,57296,57296,57296,57296,57296,57296,57296,57296,57296,57296,57296,57296,57296,57296,57296,57296,57296,57296,57296,57296,57296,57296,57296,57296,57296,57296,57296,57296,57296,57296,57296,57360,57360,57360,57360,57360,57360,57360,57360,57360,57360,57360,57360,57360,57360,57360,57360,57360,57360,57360,57360,57360,57360,57360,57360,57360,57360,57360,57360,57360,57360,57360,57360,57360,57456,57456,57472,57472,57472,57472,57472,57472,58160,58160,58160,58160,58160,58160,58160,58160,58160,58160,58162,58266,58266,58266,58266,58266,58268,58268,58276,58276,58276,58276,58276,58276,58276,58278,58278,58278,58278,58278,58278,58278,58278,58278,58278,58278,58310,58310,58310,58374,58374,58374,58374,58374,58374,58374,58374,58374,58374,58374,58374,58374,58374,58374,58390,58390,58390,58390,58390,58390,58390,58390,58390,58390,58390,58393,58393,58393,58393,58393,58393,58393,58393,58518,58518,58518,58518,58518,58518,58518,58518,58518,58518,58518,58518,58518,58518,58518,58518,58518,58518,58518,58518,58518,58518,58518,58518,58518,58518,58518,58518,58518,58518,58518,58518,58518,58518,58518,58518,58518,58518,58518,58518,58518,58518,58518,58518,58518,58518,58518,58518,58518,58518,58518,58518,58518,58518,58518,58518,58518,58518,58518,58518,58518,58518,58518,58518,58518,58518,58518,58518,58518,58518,58518,58518,58518,58518,58518,58518,58518,58518,58518,58518,58518,58518,58518,58518,58518,58518,58518,58518,58518,58518,58518,58518,58518,58518,58518,58518,58518,58518,58518,58518,58518,58518,58518,58518,58518,58518,58518,58518,58518,58518,58518,58518,58518,58518,58518,58518,58518,58518,58518,58518,58518,58518,58518,58518,58518,58518,58518,58518,58518,58518,58518,58518,58518,58518,58518,58518,58518,58518,58518,58518,58518,58518,58518,58518,58518,58518,58518,58518,58518,58518,58518,58518,58518,58518,58518,58518,58518,58518,58518,58518,58518,58518,58518,58518,58518,58518,58518,58518,58518,58518,58518,58518,58518,58518,58518,58518,58518,58518,58518,58518,58518,58518,58518,58518,58518,58518,58518,58518,58518,58518,58518,58518,58518,58518,58518,58518,58526,58526,58526,58526,58782,58782,58782,58782,58782,58782,58782,58782,58782,58782,58782,58782,58782,58782,58782,58782,58782,58782,58782,58782,58782,58782,58782,58782,58782,59162,59162,59162,59162,59162,59162,59162,59162,59162,59162,59162,59162,59162,59162,59162,59162,59162,59162,59162,59162,59162,59162,59162,59162,59162,59162,59162,59162,59162,59162,59162,59162,59162,59162,59162,59162,59162,59162,59162,59162,59162,59162,59162,59162,59162,59162,59162,59162,59162,59162,59162,59162,59162,59162,59162,59166,59166,59166,59166,59166,59166,59166,59422,59422,59422,59422,59422,59422,59422,59422,59422,59422,59422,59422,59422,59422,59422,59422,59422,59422,59422,59422,59422,59422,59422,59422,59422,59422,59422,59422,59422,59422,59422,59422,59422,59422,59422,59422,59422,59422,59422,
0.708008,0.711914,0.713867,0.743164,0.755859,0.764648,0.767578,0.768555,0.770508,0.770508,0.772461,0.774414,0.774414,0.774414,0.774414,0.778320,0.780273,0.780273,0.780273,0.780273,0.782227,0.782227,0.782227,0.782227,0.782227,0.782227,0.782227,0.782227,0.782227,0.782227,0.782227,0.782227,0.782227,0.782227,0.782227,0.782227,0.782227,0.782227,0.782227,0.782227,0.782227,0.782227,0.782227,0.782227,0.782227,0.782227,0.782227,0.782227,0.782227,0.782227,0.782227,0.782227,0.782227,0.782227,0.782227,0.782227,0.782227,0.782227,0.782227,0.782227,0.782227,0.784180,0.784180,0.784180,0.784180,0.784180,0.784180,0.784180,0.784180,0.784180,0.784180,0.784180,0.784180,0.784180,0.784180,0.784180,0.784180,0.784180,0.784180,0.784180,0.784180,0.784180,0.784180,0.784180,0.784180,0.784180,0.784180,0.784180,0.784180,0.784180,0.784180,0.784180,0.784180,0.784180,0.786133,0.786133,0.787109,0.787109,0.787109,0.787109,0.787109,0.787109,0.788086,0.788086,0.788086,0.788086,0.788086,0.788086,0.788086,0.788086,0.788086,0.788086,0.788574,0.791504,0.791504,0.791504,0.791504,0.791504,0.791992,0.791992,0.793945,0.793945,0.793945,0.793945,0.793945,0.793945,0.793945,0.794922,0.794922,0.794922,0.794922,0.794922,0.794922,0.794922,0.794922,0.794922,0.794922,0.794922,0.796875,0.796875,0.796875,0.798828,0.798828,0.798828,0.798828,0.798828,0.798828,0.798828,0.798828,0.798828,0.798828,0.798828,0.798828,0.798828,0.798828,0.798828,0.799805,0.799805,0.799805,0.799805,0.799805,0.799805,0.799805,0.799805,0.799805,0.799805,0.799805,0.801270,0.801270,0.801270,0.801270,0.801270,0.801270,0.801270,0.801270,0.801758,0.801758,0.801758,0.801758,0.801758,0.801758,0.801758,0.801758,0.801758,0.801758,0.801758,0.801758,0.801758,0.801758,0.801758,0.801758,0.801758,0.801758,0.801758,0.801758,0.801758,0.801758,0.801758,0.801758,0.801758,0.801758,0.801758,0.801758,0.801758,0.801758,0.801758,0.801758,0.801758,0.801758,0.801758,0.801758,0.801758,0.801758,0.801758,0.801758,0.801758,0.801758,0.801758,0.801758,0.801758,0.801758,0.801758,0.801758,0.801758,0.801758,0.801758,0.801758,0.801758,0.801758,0.801758,0.801758,0.801758,0.801758,0.801758,0.801758,0.801758,0.801758,0.801758,0.801758,0.801758,0.801758,0.801758,0.801758,0.801758,0.801758,0.801758,0.801758,0.801758,0.801758,0.801758,0.801758,0.801758,0.801758,0.801758,0.801758,0.801758,0.801758,0.801758,0.801758,0.801758,0.801758,0.801758,0.801758,0.801758,0.801758,0.801758,0.801758,0.801758,0.801758,0.801758,0.801758,0.801758,0.801758,0.801758,0.801758,0.801758,0.801758,0.801758,0.801758,0.801758,0.801758,0.801758,0.801758,0.801758,0.801758,0.801758,0.801758,0.801758,0.801758,0.801758,0.801758,0.801758,0.801758,0.801758,0.801758,0.801758,0.801758,0.801758,0.801758,0.801758,0.801758,0.801758,0.801758,0.801758,0.801758,0.801758,0.801758,0.801758,0.801758,0.801758,0.801758,0.801758,0.801758,0.801758,0.801758,0.801758,0.801758,0.801758,0.801758,0.801758,0.801758,0.801758,0.801758,0.801758,0.801758,0.801758,0.801758,0.801758,0.801758,0.801758,0.801758,0.801758,0.801758,0.801758,0.801758,0.801758,0.801758,0.801758,0.801758,0.801758,0.801758,0.801758,0.801758,0.801758,0.801758,0.801758,0.801758,0.801758,0.801758,0.801758,0.801758,0.801758,0.801758,0.801758,0.801758,0.801758,0.801758,0.801758,0.801758,0.801758,0.801758,0.801758,0.801758,0.801758,0.801758,0.801758,0.801758,0.801758,0.801758,0.801758,0.801758,0.802734,0.802734,0.802734,0.802734,0.804688,0.804688,0.804688,0.804688,0.804688,0.804688,0.804688,0.804688,0.804688,0.804688,0.804688,0.804688,0.804688,0.804688,0.804688,0.804688,0.804688,0.804688,0.804688,0.804688,0.804688,0.804688,0.804688,0.804688,0.804688,0.807617,0.807617,0.807617,0.807617,0.807617,0.807617,0.807617,0.807617,0.807617,0.807617,0.807617,0.807617,0.807617,0.807617,0.807617,0.807617,0.807617,0.807617,0.807617,0.807617,0.807617,0.807617,0.807617,0.807617,0.807617,0.807617,0.807617,0.807617,0.807617,0.807617,0.807617,0.807617,0.807617,0.807617,0.807617,0.807617,0.807617,0.807617,0.807617,0.807617,0.807617,0.807617,0.807617,0.807617,0.807617,0.807617,0.807617,0.807617,0.807617,0.807617,0.807617,0.807617,0.807617,0.807617,0.807617,0.808594,0.808594,0.808594,0.808594,0.808594,0.808594,0.808594,0.810547,0.810547,0.810547,0.810547,0.810547,0.810547,0.810547,0.810547,0.810547,0.810547,0.810547,0.810547,0.810547,0.810547,0.810547,0.810547,0.810547,0.810547,0.810547,0.810547,0.810547,0.810547,0.810547,0.810547,0.810547,0.810547,0.810547,0.810547,0.810547,0.810547,0.810547,0.810547,0.810547,0.810547,0.810547,0.810547,0.810547,0.810547,0.810547,
0.731201,0.739014,0.759216,0.836243,0.852661,0.868408,0.868652,0.868774,0.868896,0.868896,0.869873,0.870850,0.870850,0.870850,0.870850,0.872803,0.873779,0.873779,0.873779,0.873779,0.874268,0.874268,0.874268,0.874268,0.874268,0.874268,0.874268,0.874268,0.874268,0.874268,0.874268,0.874268,0.874268,0.874268,0.874268,0.874268,0.874268,0.874268,0.874268,0.874268,0.874268,0.874268,0.874268,0.874268,0.874268,0.874268,0.874268,0.874268,0.874268,0.874268,0.874268,0.874268,0.874268,0.874268,0.874268,0.874268,0.874268,0.874268,0.874268,0.874268,0.874268,0.875244,0.875244,0.875244,0.875244,0.875244,0.875244,0.875244,0.875244,0.875244,0.875244,0.875244,0.875244,0.875244,0.875244,0.875244,0.875244,0.875244,0.875244,0.875244,0.875244,0.875244,0.875244,0.875244,0.875244,0.875244,0.875244,0.875244,0.875244,0.875244,0.875244,0.875244,0.875244,0.875244,0.876709,0.876709,0.876953,0.876953,0.876953,0.876953,0.876953,0.876953,0.887451,0.887451,0.887451,0.887451,0.887451,0.887451,0.887451,0.887451,0.887451,0.887451,0.887482,0.889069,0.889069,0.889069,0.889069,0.889069,0.889099,0.889099,0.889221,0.889221,0.889221,0.889221,0.889221,0.889221,0.889221,0.889252,0.889252,0.889252,0.889252,0.889252,0.889252,0.889252,0.889252,0.889252,0.889252,0.889252,0.889740,0.889740,0.889740,0.890717,0.890717,0.890717,0.890717,0.890717,0.890717,0.890717,0.890717,0.890717,0.890717,0.890717,0.890717,0.890717,0.890717,0.890717,0.890961,0.890961,0.890961,0.890961,0.890961,0.890961,0.890961,0.890961,0.890961,0.890961,0.890961,0.891006,0.891006,0.891006,0.891006,0.891006,0.891006,0.891006,0.891006,0.892914,0.892914,0.892914,0.892914,0.892914,0.892914,0.892914,0.892914,0.892914,0.892914,0.892914,0.892914,0.892914,0.892914,0.892914,0.892914,0.892914,0.892914,0.892914,0.892914,0.892914,0.892914,0.892914,0.892914,0.892914,0.892914,0.892914,0.892914,0.892914,0.892914,0.892914,0.892914,0.892914,0.892914,0.892914,0.892914,0.892914,0.892914,0.892914,0.892914,0.892914,0.892914,0.892914,0.892914,0.892914,0.892914,0.892914,0.892914,0.892914,0.892914,0.892914,0.892914,0.892914,0.892914,0.892914,0.892914,0.892914,0.892914,0.892914,0.892914,0.892914,0.892914,0.892914,0.892914,0.892914,0.892914,0.892914,0.892914,0.892914,0.892914,0.892914,0.892914,0.892914,0.892914,0.892914,0.892914,0.892914,0.892914,0.892914,0.892914,0.892914,0.892914,0.892914,0.892914,0.892914,0.892914,0.892914,0.892914,0.892914,0.892914,0.892914,0.892914,0.892914,0.892914,0.892914,0.892914,0.892914,0.892914,0.892914,0.892914,0.892914,0.892914,0.892914,0.892914,0.892914,0.892914,0.892914,0.892914,0.892914,0.892914,0.892914,0.892914,0.892914,0.892914,0.892914,0.892914,0.892914,0.892914,0.892914,0.892914,0.892914,0.892914,0.892914,0.892914,0.892914,0.892914,0.892914,0.892914,0.892914,0.892914,0.892914,0.892914,0.892914,0.892914,0.892914,0.892914,0.892914,0.892914,0.892914,0.892914,0.892914,0.892914,0.892914,0.892914,0.892914,0.892914,0.892914,0.892914,0.892914,0.892914,0.892914,0.892914,0.892914,0.892914,0.892914,0.892914,0.892914,0.892914,0.892914,0.892914,0.892914,0.892914,0.892914,0.892914,0.892914,0.892914,0.892914,0.892914,0.892914,0.892914,0.892914,0.892914,0.892914,0.892914,0.892914,0.892914,0.892914,0.892914,0.892914,0.892914,0.892914,0.892914,0.892914,0.892914,0.892914,0.892914,0.892914,0.892914,0.892914,0.892914,0.892914,0.892914,0.892914,0.892914,0.892914,0.892914,0.893036,0.893036,0.893036,0.893036,0.896942,0.896942,0.896942,0.896942,0.896942,0.896942,0.896942,0.896942,0.896942,0.896942,0.896942,0.896942,0.896942,0.896942,0.896942,0.896942,0.896942,0.896942,0.896942,0.896942,0.896942,0.896942,0.896942,0.896942,0.896942,0.902740,0.902740,0.902740,0.902740,0.902740,0.902740,0.902740,0.902740,0.902740,0.902740,0.902740,0.902740,0.902740,0.902740,0.902740,0.902740,0.902740,0.902740,0.902740,0.902740,0.902740,0.902740,0.902740,0.902740,0.902740,0.902740,0.902740,0.902740,0.902740,0.902740,0.902740,0.902740,0.902740,0.902740,0.902740,0.902740,0.902740,0.902740,0.902740,0.902740,0.902740,0.902740,0.902740,0.902740,0.902740,0.902740,0.902740,0.902740,0.902740,0.902740,0.902740,0.902740,0.902740,0.902740,0.902740,0.902802,0.902802,0.902802,0.902802,0.902802,0.902802,0.902802,0.906708,0.906708,0.906708,0.906708,0.906708,0.906708,0.906708,0.906708,0.906708,0.906708,0.906708,0.906708,0.906708,0.906708,0.906708,0.906708,0.906708,0.906708,0.906708,0.906708,0.906708,0.906708,0.906708,0.906708,0.906708,0.906708,0.906708,0.906708,0.906708,0.906708,0.906708,0.906708,0.906708,0.906708,0.906708,0.906708,0.906708,0.906708,0.906708,
