kBasicLog: 1
kBreedEdges: 1
kBreedGates: 1
kBreedSample: 4
kBreedType: 0
kChildren: 100
kEvaluations: 50000
kGens: 100
kLegalGateTypes: 1
kLog: 1
kLogIter: 2
kMaxGenStagnation: 300
kMessUp: 0
kMutatePercent: 6
kMutationMode: 1
kMutations: 16
kPruneOrphans: 1
kSaveDotGraphs: 1
kSeed: 0
kThreads: 4
kThreshold: 1000
kTruthWeight: 1
columns: 13
rows: 5,5,5,5,5,5,5,5,5,5,5,5,4
goal_correct_count: 256
goal_total_count: 2048
goal_total_weighted_count: 65536
~
gates_used: 32
total_count: 1672
total_weighted_count: 0
percent: 0.816406
weighted_percent: 0.000000
evaluations: 50100
~
1434,1434,1484,1510,1524,1534,1544,1550,1560,1562,1562,1562,1562,1562,1562,1566,1566,1566,1570,1572,1576,1578,1578,1578,1578,1580,1580,1580,1582,1584,1584,1586,1586,1586,1586,1586,1586,1586,1586,1586,1586,1586,1586,1586,1586,1586,1586,1586,1586,1586,1586,1586,1586,1586,1586,1586,1586,1586,1586,1586,1586,1586,1586,1586,1586,1586,1586,1586,1586,1586,1586,1586,1586,1586,1586,1586,1586,1586,1586,1586,1586,1586,1586,1586,1590,1590,1590,1594,1596,1604,1612,1616,1616,1616,1618,1618,1632,1644,1644,1646,1648,1650,1650,1658,1660,1660,1660,1660,1660,1660,1660,1660,1660,1660,1660,1660,1660,1660,1660,1660,1660,1660,1660,1662,1662,1662,1662,1662,1662,1662,1662,1662,1662,1662,1662,1662,1662,1666,1666,1666,1666,1666,1666,1666,1666,1666,1666,1666,1666,1666,1666,1666,1666,1666,1666,1666,1666,1666,1666,1666,1666,1666,1666,1666,1666,1666,1666,1666,1666,1666,1666,1666,1666,1666,1666,1666,1666,1666,1666,1666,1666,1666,1666,1666,1666,1666,1666,1666,1666,1666,1666,1666,1666,1666,1666,1666,1666,1666,1666,1666,1666,1666,1666,1666,1666,1666,1666,1666,1666,1666,1666,1666,1666,1666,1666,1666,1666,1666,1666,1666,1666,1666,1666,1666,1666,1666,1666,1666,1666,1666,1666,1666,1666,1666,1666,1666,1666,1666,1666,1666,1666,1666,1666,1666,1666,1666,1666,1666,1666,1666,1666,1666,1666,1666,1666,1666,1666,1666,1666,1666,1666,1666,1666,1666,1666,1666,1666,1666,1666,1666,1666,1666,1666,1666,1666,1666,1666,1666,1666,1666,1666,1666,1666,1666,1666,1666,1666,1666,1666,1666,1666,1666,1670,1670,1670,1670,1670,1670,1670,1670,1670,1670,1670,1670,1670,1670,1670,1670,1670,1670,1670,1670,1670,1670,1670,1671,1671,1671,1671,1671,1671,1671,1671,1671,1671,1671,1671,1671,1671,1671,1671,1671,1671,1671,1672,1672,1672,1672,1672,1672,1672,1672,1672,1672,1672,1672,1672,1672,1672,1672,1672,1672,1672,1672,1672,1672,1672,1672,1672,1672,1672,1672,1672,1672,1672,1672,1672,1672,1672,1672,1672,1672,1672,1672,1672,1672,1672,1672,1672,1672,1672,1672,1672,1672,1672,1672,1672,1672,1672,1672,1672,1672,1672,1672,1672,1672,1672,1672,1672,1672,1672,1672,1672,1672,1672,1672,1672,1672,1672,1672,1672,1672,1672,1672,1672,1672,1672,1672,1672,1672,1672,1672,1672,1672,1672,1672,1672,1672,1672,1672,1672,1672,1672,1672,1672,1672,1672,1672,1672,1672,1672,1672,1672,1672,1672,1672,1672,1672,1672,1672,1672,1672,1672,1672,1672,1672,1672,1672,1672,1672,1672,1672,1672,1672,1672,1672,1672,1672,1672,1672,1672,1672,1672,1672,1672,1672,1672,1672,1672,1672,1672,1672,1672,1672,1672,1672,1672,1672,1672,1672,1672,1672,1672,1672,1672,1672,1672,1672,1672,1672,1672,
45264,52812,52978,55042,55200,55740,55784,55792,55924,55932,55932,55932,55932,55932,55932,55948,55948,55948,56408,56416,56424,56426,56426,56426,56426,56440,56440,56440,56456,56464,56464,56472,56472,56472,56472,56472,56472,56472,56472,56472,56472,56472,56472,56472,56472,56472,56472,56472,56472,56472,56472,56472,56472,56472,56472,56472,56472,56472,56472,56472,56472,56472,56472,56472,56472,56472,56472,56472,56472,56472,56472,56472,56472,56472,56472,56472,56472,56472,56472,56472,56472,56472,56472,56472,56508,56508,56508,56980,57874,58356,58364,58408,58408,58408,58416,58416,59948,60396,60396,60400,60484,60516,60516,60548,60580,60580,60580,60580,60580,60580,60580,60580,60580,60580,60580,60580,60580,60580,60580,60580,60580,60580,60580,60584,60584,60584,60584,60584,60584,60584,60584,60584,60584,60584,60584,60584,60584,60600,60600,60600,60600,60600,60600,60600,60600,60600,60600,60600,60600,60600,60600,60600,60600,60600,60600,60600,60600,60600,60600,60600,60600,60600,60600,60600,60600,60600,60600,60600,60600,60600,60600,60600,60600,60600,60600,60600,60600,60600,60600,60600,60600,60600,60600,60600,60600,60600,60600,60600,60600,60600,60600,60600,60600,60600,60600,60600,60600,60600,60600,60600,60600,60600,60600,60600,60600,60600,60600,60600,60600,60600,60600,60600,60600,60600,60600,60600,60600,60600,60600,60600,60600,60600,60600,60600,60600,60600,60600,60600,60600,60600,60600,60600,60600,60600,60600,60600,60600,60600,60600,60600,60600,60600,60600,60600,60600,60600,60600,60600,60600,60600,60600,60600,60600,60600,60600,60600,60600,60600,60600,60600,60600,60600,60600,60600,60600,60600,60600,60600,60600,60600,60600,60600,60600,60600,60600,60600,60600,60600,60600,60600,60600,60600,60600,60600,60600,60600,60600,60600,60600,60600,60600,60600,60608,60608,60608,60608,60608,60608,60608,60608,60608,60608,60608,60608,60608,60608,60608,60608,60608,60608,60608,60608,60608,60608,60608,60610,60610,60610,60610,60610,60610,60610,60610,60610,60610,60610,60610,60610,60610,60610,60610,60610,60610,60610,60616,60616,60616,60616,60616,60616,60616,60616,60616,60616,60616,60616,60616,60616,60616,60616,60616,60616,60616,60616,60616,60616,60616,60616,60616,60616,60616,60616,60616,60616,60616,60616,60616,60616,60616,60616,60616,60616,60616,60616,60616,60616,60616,60616,60616,60616,60616,60616,60616,60616,60616,60616,60616,60616,60616,60616,60616,60616,60616,60616,60616,60616,60616,60616,60616,60616,60616,60616,60616,60616,60616,60616,60616,60616,60616,60616,60616,60616,60616,60616,60616,60616,60616,60616,60616,60616,60616,60616,60616,60616,60616,60616,60616,60616,60616,60616,60616,60616,60616,60616,60616,60616,60616,60616,60616,60616,60616,60616,60616,60616,60616,60616,60616,60616,60616,60616,60616,60616,60616,60616,60616,60616,60616,60616,60616,60616,60616,60616,60616,60616,60616,60616,60616,60616,60616,60616,60616,60616,60616,60616,60616,60616,60616,60616,60616,60616,60616,60616,60616,60616,60616,60616,60616,60616,60616,60616,60616,60616,60616,60616,60616,60616,60616,60616,60616,60616,60616,
0.700195,0.700195,0.724609,0.737305,0.744141,0.749023,0.753906,0.756836,0.761719,0.762695,0.762695,0.762695,0.762695,0.762695,0.762695,0.764648,0.764648,0.764648,0.766602,0.767578,0.769531,0.770508,0.770508,0.770508,0.770508,0.771484,0.771484,0.771484,0.772461,0.773438,0.773438,0.774414,0.774414,0.774414,0.774414,0.774414,0.774414,0.774414,0.774414,0.774414,0.774414,0.774414,0.774414,0.774414,0.774414,0.774414,0.774414,0.774414,0.774414,0.774414,0.774414,0.774414,0.774414,0.774414,0.774414,0.774414,0.774414,0.774414,0.774414,0.774414,0.774414,0.774414,0.774414,0.774414,0.774414,0.774414,0.774414,0.774414,0.774414,0.774414,0.774414,0.774414,0.774414,0.774414,0.774414,0.774414,0.774414,0.774414,0.774414,0.774414,0.774414,0.774414,0.774414,0.774414,0.776367,0.776367,0.776367,0.778320,0.779297,0.783203,0.787109,0.789062,0.789062,0.789062,0.790039,0.790039,0.796875,0.802734,0.802734,0.803711,0.804688,0.805664,0.805664,0.809570,0.810547,0.810547,0.810547,0.810547,0.810547,0.810547,0.810547,0.810547,0.810547,0.810547,0.810547,0.810547,0.810547,0.810547,0.810547,0.810547,0.810547,0.810547,0.810547,0.811523,0.811523,0.811523,0.811523,0.811523,0.811523,0.811523,0.811523,0.811523,0.811523,0.811523,0.811523,0.811523,0.811523,0.813477,0.813477,0.813477,0.813477,0.813477,0.813477,0.813477,0.813477,0.813477,0.813477,0.813477,0.813477,0.813477,0.813477,0.813477,0.813477,0.813477,0.813477,0.813477,0.813477,0.813477,0.813477,0.813477,0.813477,0.813477,0.813477,0.813477,0.813477,0.813477,0.813477,0.813477,0.813477,0.813477,0.813477,0.813477,0.813477,0.813477,0.813477,0.813477,0.813477,0.813477,0.813477,0.813477,0.813477,0.813477,0.813477,0.813477,0.813477,0.813477,0.813477,0.813477,0.813477,0.813477,0.813477,0.813477,0.813477,0.813477,0.813477,0.813477,0.813477,0.813477,0.813477,0.813477,0.813477,0.813477,0.813477,0.813477,0.813477,0.813477,0.813477,0.813477,0.813477,0.813477,0.813477,0.813477,0.813477,0.813477,0.813477,0.813477,0.813477,0.813477,0.813477,0.813477,0.813477,0.813477,0.813477,0.813477,0.813477,0.813477,0.813477,0.813477,0.813477,0.813477,0.813477,0.813477,0.813477,0.813477,0.813477,0.813477,0.813477,0.813477,0.813477,0.813477,0.813477,0.813477,0.813477,0.813477,0.813477,0.813477,0.813477,0.813477,0.813477,0.813477,0.813477,0.813477,0.813477,0.813477,0.813477,0.813477,0.813477,0.813477,0.813477,0.813477,0.813477,0.813477,0.813477,0.813477,0.813477,0.813477,0.813477,0.813477,0.813477,0.813477,0.813477,0.813477,0.813477,0.813477,0.813477,0.813477,0.813477,0.813477,0.813477,0.813477,0.813477,0.813477,0.813477,0.813477,0.813477,0.813477,0.813477,0.813477,0.813477,0.813477,0.813477,0.813477,0.815430,0.815430,0.815430,0.815430,0.815430,0.815430,0.815430,0.815430,0.815430,0.815430,0.815430,0.815430,0.815430,0.815430,0.815430,0.815430,0.815430,0.815430,0.815430,0.815430,0.815430,0.815430,0.815430,0.815918,0.815918,0.815918,0.815918,0.815918,0.815918,0.815918,0.815918,0.815918,0.815918,0.815918,0.815918,0.815918,0.815918,0.815918,0.815918,0.815918,0.815918,0.815918,0.816406,0.816406,0.816406,0.816406,0.816406,0.816406,0.816406,0.816406,0.816406,0.816406,0.816406,0.816406,0.816406,0.816406,0.816406,0.816406,0.816406,0.816406,0.816406,0.816406,0.816406,0.816406,0.816406,0.816406,0.816406,0.816406,0.816406,0.816406,0.816406,0.816406,0.816406,0.816406,0.816406,0.816406,0.816406,0.816406,0.816406,0.816406,0.816406,0.816406,0.816406,0.816406,0.816406,0.816406,0.816406,0.816406,0.816406,0.816406,0.816406,0.816406,0.816406,0.816406,0.816406,0.816406,0.816406,0.816406,0.816406,0.816406,0.816406,0.816406,0.816406,0.816406,0.816406,0.816406,0.816406,0.816406,0.816406,0.816406,0.816406,0.816406,0.816406,0.816406,0.816406,0.816406,0.816406,0.816406,0.816406,0.816406,0.816406,0.816406,0.816406,0.816406,0.816406,0.816406,0.816406,0.816406,0.816406,0.816406,0.816406,0.816406,0.816406,0.816406,0.816406,0.816406,0.816406,0.816406,0.816406,0.816406,0.816406,0.816406,0.816406,0.816406,0.816406,0.816406,0.816406,0.816406,0.816406,0.816406,0.816406,0.816406,0.816406,0.816406,0.816406,0.816406,0.816406,0.816406,0.816406,0.816406,0.816406,0.816406,0.816406,0.816406,0.816406,0.816406,0.816406,0.816406,0.816406,0.816406,0.816406,0.816406,0.816406,0.816406,0.816406,0.816406,0.816406,0.816406,0.816406,0.816406,0.816406,0.816406,0.816406,0.816406,0.816406,0.816406,0.816406,0.816406,0.816406,0.816406,0.816406,0.816406,0.816406,0.816406,0.816406,0.816406,0.816406,0.816406,0.816406,0.816406,0.816406,0.816406,0.816406,0.816406,0.816406,0.816406,0.816406,0.816406,0.816406,
0.690674,0.805847,0.808380,0.839874,0.842285,0.850525,0.851196,0.851318,0.853333,0.853455,0.853455,0.853455,0.853455,0.853455,0.853455,0.853699,0.853699,0.853699,0.860718,0.860840,0.860962,0.860992,0.860992,0.860992,0.860992,0.861206,0.861206,0.861206,0.861450,0.861572,0.861572,0.861694,0.861694,0.861694,0.861694,0.861694,0.861694,0.861694,0.861694,0.861694,0.861694,0.861694,0.861694,0.861694,0.861694,0.861694,0.861694,0.861694,0.861694,0.861694,0.861694,0.861694,0.861694,0.861694,0.861694,0.861694,0.861694,0.861694,0.861694,0.861694,0.861694,0.861694,0.861694,0.861694,0.861694,0.861694,0.861694,0.861694,0.861694,0.861694,0.861694,0.861694,0.861694,0.861694,0.861694,0.861694,0.861694,0.861694,0.861694,0.861694,0.861694,0.861694,0.861694,0.861694,0.862244,0.862244,0.862244,0.869446,0.883087,0.890442,0.890564,0.891235,0.891235,0.891235,0.891357,0.891357,0.914734,0.921570,0.921570,0.921631,0.922913,0.923401,0.923401,0.923889,0.924377,0.924377,0.924377,0.924377,0.924377,0.924377,0.924377,0.924377,0.924377,0.924377,0.924377,0.924377,0.924377,0.924377,0.924377,0.924377,0.924377,0.924377,0.924377,0.924438,0.924438,0.924438,0.924438,0.924438,0.924438,0.924438,0.924438,0.924438,0.924438,0.924438,0.924438,0.924438,0.924438,0.924683,0.924683,0.924683,0.924683,0.924683,0.924683,0.924683,0.924683,0.924683,0.924683,0.924683,0.924683,0.924683,0.924683,0.924683,0.924683,0.924683,0.924683,0.924683,0.924683,0.924683,0.924683,0.924683,0.924683,0.924683,0.924683,0.924683,0.924683,0.924683,0.924683,0.924683,0.924683,0.924683,0.924683,0.924683,0.924683,0.924683,0.924683,0.924683,0.924683,0.924683,0.924683,0.924683,0.924683,0.924683,0.924683,0.924683,0.924683,0.924683,0.924683,0.924683,0.924683,0.924683,0.924683,0.924683,0.924683,0.924683,0.924683,0.924683,0.924683,0.924683,0.924683,0.924683,0.924683,0.924683,0.924683,0.924683,0.924683,0.924683,0.924683,0.924683,0.924683,0.924683,0.924683,0.924683,0.924683,0.924683,0.924683,0.924683,0.924683,0.924683,0.924683,0.924683,0.924683,0.924683,0.924683,0.924683,0.924683,0.924683,0.924683,0.924683,0.924683,0.924683,0.924683,0.924683,0.924683,0.924683,0.924683,0.924683,0.924683,0.924683,0.924683,0.924683,0.924683,0.924683,0.924683,0.924683,0.924683,0.924683,0.924683,0.924683,0.924683,0.924683,0.924683,0.924683,0.924683,0.924683,0.924683,0.924683,0.924683,0.924683,0.924683,0.924683,0.924683,0.924683,0.924683,0.924683,0.924683,0.924683,0.924683,0.924683,0.924683,0.924683,0.924683,0.924683,0.924683,0.924683,0.924683,0.924683,0.924683,0.924683,0.924683,0.924683,0.924683,0.924683,0.924683,0.924683,0.924683,0.924683,0.924683,0.924683,0.924683,0.924683,0.924683,0.924683,0.924805,0.924805,0.924805,0.924805,0.924805,0.924805,0.924805,0.924805,0.924805,0.924805,0.924805,0.924805,0.924805,0.924805,0.924805,0.924805,0.924805,0.924805,0.924805,0.924805,0.924805,0.924805,0.924805,0.924835,0.924835,0.924835,0.924835,0.924835,0.924835,0.924835,0.924835,0.924835,0.924835,0.924835,0.924835,0.924835,0.924835,0.924835,0.924835,0.924835,0.924835,0.924835,0.924927,0.924927,0.924927,0.924927,0.924927,0.924927,0.924927,0.924927,0.924927,0.924927,0.924927,0.924927,0.924927,0.924927,0.924927,0.924927,0.924927,0.924927,0.924927,0.924927,0.924927,0.924927,0.924927,0.924927,0.924927,0.924927,0.924927,0.924927,0.924927,0.924927,0.924927,0.924927,0.924927,0.924927,0.924927,0.924927,0.924927,0.924927,0.924927,0.924927,0.924927,0.924927,0.924927,0.924927,0.924927,0.924927,0.924927,0.924927,0.924927,0.924927,0.924927,0.924927,0.924927,0.924927,0.924927,0.924927,0.924927,0.924927,0.924927,0.924927,0.924927,0.924927,0.924927,0.924927,0.924927,0.924927,0.924927,0.924927,0.924927,0.924927,0.924927,0.924927,0.924927,0.924927,0.924927,0.924927,0.924927,0.924927,0.924927,0.924927,0.924927,0.924927,0.924927,0.924927,0.924927,0.924927,0.924927,0.924927,0.924927,0.924927,0.924927,0.924927,0.924927,0.924927,0.924927,0.924927,0.924927,0.924927,0.924927,0.924927,0.924927,0.924927,0.924927,0.924927,0.924927,0.924927,0.924927,0.924927,0.924927,0.924927,0.924927,0.924927,0.924927,0.924927,0.924927,0.924927,0.924927,0.924927,0.924927,0.924927,0.924927,0.924927,0.924927,0.924927,0.924927,0.924927,0.924927,0.924927,0.924927,0.924927,0.924927,0.924927,0.924927,0.924927,0.924927,0.924927,0.924927,0.924927,0.924927,0.924927,0.924927,0.924927,0.924927,0.924927,0.924927,0.924927,0.924927,0.924927,0.924927,0.924927,0.924927,0.924927,0.924927,0.924927,0.924927,0.924927,0.924927,0.924927,0.924927,0.924927,0.924927,0.924927,0.924927,0.924927,0.924927,0.924927,0.924927,
