kBasicLog: 1
kBreedEdges: 1
kBreedGates: 1
kBreedSample: 4
kBreedType: 0
kChildren: 100
kEvaluations: 50000
kGens: 100
kLegalGateTypes: 1
kLog: 1
kLogIter: 2
kMaxGenStagnation: 300
kMessUp: 0
kMutatePercent: 7
kMutationMode: 1
kMutations: 16
kPruneOrphans: 1
kSaveDotGraphs: 1
kSeed: 0
kThreads: 4
kThreshold: 1000
kTruthWeight: 1
columns: 13
rows: 5,5,5,5,5,5,5,5,5,5,5,5,4
goal_correct_count: 256
goal_total_count: 2048
goal_total_weighted_count: 65536
~
gates_used: 32
total_count: 1656
total_weighted_count: 0
percent: 0.808594
weighted_percent: 0.000000
evaluations: 50100
~
1492,1528,1544,1562,1562,1582,1590,1590,1590,1590,1596,1596,1596,1596,1596,1596,1596,1596,1596,1596,1596,1596,1596,1596,1596,1596,1596,1598,1598,1598,1598,1600,1600,1600,1600,1600,1600,1600,1600,1600,1600,1600,1600,1600,1600,1600,1600,1600,1600,1600,1600,1600,1600,1600,1600,1600,1600,1600,1600,1600,1600,1602,1602,1602,1602,1602,1602,1602,1602,1602,1602,1602,1602,1602,1602,1602,1602,1602,1612,1612,1612,1612,1612,1612,1612,1612,1612,1612,1612,1612,1612,1612,1612,1612,1612,1612,1612,1612,1612,1612,1612,1612,1612,1612,1612,1612,1612,1612,1612,1614,1614,1614,1614,1614,1614,1614,1614,1614,1614,1614,1614,1614,1620,1620,1620,1620,1620,1620,1620,1620,1620,1620,1620,1620,1620,1620,1620,1620,1620,1620,1620,1620,1622,1622,1622,1622,1622,1622,1622,1622,1622,1622,1622,1622,1622,1622,1622,1622,1622,1622,1622,1622,1622,1622,1622,1622,1622,1622,1622,1622,1622,1622,1622,1622,1622,1622,1622,1622,1622,1622,1622,1622,1622,1622,1622,1622,1622,1622,1622,1622,1622,1622,1622,1622,1622,1622,1622,1622,1622,1622,1622,1622,1622,1622,1622,1622,1622,1622,1622,1622,1622,1622,1622,1622,1622,1622,1622,1622,1622,1622,1622,1622,1622,1622,1622,1622,1622,1622,1622,1622,1622,1622,1622,1622,1622,1622,1622,1622,1622,1622,1622,1622,1622,1624,1624,1624,1624,1624,1624,1624,1624,1624,1624,1626,1626,1626,1626,1626,1628,1628,1628,1628,1628,1628,1630,1630,1630,1630,1630,1630,1630,1630,1630,1630,1630,1630,1630,1630,1630,1630,1630,1630,1630,1630,1630,1630,1630,1630,1630,1630,1630,1630,1630,1630,1630,1630,1630,1630,1630,1630,1630,1630,1630,1630,1630,1630,1630,1630,1630,1632,1632,1632,1632,1632,1632,1632,1632,1634,1634,1634,1636,1636,1636,1636,1636,1636,1636,1636,1636,1636,1636,1636,1636,1640,1644,1644,1644,1644,1644,1644,1644,1644,1644,1644,1644,1644,1644,1644,1644,1644,1644,1644,1644,1644,1644,1644,1644,1644,1644,1644,1644,1644,1644,1644,1644,1644,1644,1644,1644,1644,1644,1644,1644,1644,1644,1644,1644,1644,1644,1644,1644,1644,1644,1644,1644,1644,1644,1644,1644,1644,1644,1644,1644,1644,1644,1644,1644,1644,1644,1644,1644,1644,1644,1644,1644,1644,1644,1644,1644,1644,1644,1644,1644,1644,1644,1644,1644,1644,1644,1644,1644,1644,1644,1648,1648,1648,1648,1648,1648,1648,1648,1648,1648,1648,1648,1648,1648,1648,1648,1648,1648,1648,1648,1648,1648,1648,1648,1648,1648,1648,1648,1648,1648,1648,1648,1648,1648,1648,1648,1648,1648,1648,1648,1648,1648,1648,1648,1648,1648,1648,1648,1648,1648,1648,1648,1648,1648,1648,1648,1648,1648,1648,1648,1648,1648,1648,1648,1656,1656,1656,1656,1656,1656,1656,1656,1656,1656,1656,1656,1656,1656,
54916,55520,55540,56580,56580,56612,56772,56772,56772,56772,56820,56820,56820,56820,56820,56820,56820,56820,56820,56820,56820,56820,56820,56820,56820,56820,56820,56836,56836,56836,56836,56852,56852,56852,56852,56852,56852,56852,56852,56852,56852,56852,56852,56852,56852,56852,56852,56852,56852,56852,56852,56852,56852,56852,56852,56852,56852,56852,56852,56852,56852,56868,56868,56868,56868,56868,56868,56868,56868,56868,56868,56868,56868,56868,56868,56868,56868,56868,57332,57332,57332,57332,57332,57332,57332,57332,57332,57332,57332,57332,57332,57332,57332,57332,57332,57332,57332,57332,57332,57332,57332,57332,57332,57332,57332,57332,57332,57332,57332,57334,57334,57334,57334,57334,57334,57334,57334,57334,57334,57334,57334,57334,57460,57460,57460,57460,57460,57460,57460,57460,57460,57460,57460,57460,57460,57460,57460,57460,57460,57460,57460,57460,57462,57462,57462,57462,57462,57462,57462,57462,57462,57462,57462,57462,57462,57462,57462,57462,57462,57462,57462,57462,57462,57462,57462,57462,57462,57462,57462,57462,57462,57462,57462,57462,57462,57462,57462,57462,57462,57462,57462,57462,57462,57462,57462,57462,57462,57462,57462,57462,57462,57462,57462,57462,57462,57462,57462,57462,57462,57462,57462,57462,57462,57462,57462,57462,57462,57462,57462,57462,57462,57462,57462,57462,57462,57462,57462,57462,57462,57462,57462,57462,57462,57462,57462,57462,57462,57462,57462,57462,57462,57462,57462,57462,57462,57462,57462,57462,57462,57462,57462,57462,57462,57492,57492,57492,57492,57492,57492,57492,57492,57492,57492,57494,57494,57494,57494,57494,57748,57748,57748,57748,57748,57748,57876,57876,57876,57876,57876,57876,57876,57876,57876,57876,57876,57876,57876,57876,57876,57876,57876,57876,57876,57876,57876,57876,57876,57876,57876,57876,57876,57876,57876,57876,57876,57876,57876,57876,57876,57876,57876,57876,57876,57876,57876,57876,57876,57876,57876,58004,58004,58004,58004,58004,58004,58004,58004,58132,58132,58132,58260,58260,58260,58260,58260,58260,58260,58260,58260,58260,58260,58260,58260,58516,58772,58772,58772,58772,58772,58772,58772,58772,58772,58772,58772,58772,58772,58772,58772,58772,58772,58772,58772,58772,58772,58772,58772,58772,58772,58772,58772,58772,58772,58772,58772,58772,58772,58772,58772,58772,58772,58772,58772,58772,58772,58772,58772,58772,58772,58772,58772,58772,58772,58772,58772,58772,58772,58772,58772,58772,58772,58772,58772,58772,58772,58772,58772,58772,58772,58772,58772,58772,58772,58772,58772,58772,58772,58772,58772,58772,58772,58772,58772,58772,58772,58772,58772,58772,58772,58772,58772,58772,58772,59028,59028,59028,59028,59028,59028,59028,59028,59028,59028,59028,59028,59028,59028,59028,59028,59028,59028,59028,59028,59028,59028,59028,59028,59028,59028,59028,59028,59028,59028,59028,59028,59028,59028,59028,59028,59028,59028,59028,59028,59028,59028,59028,59028,59028,59028,59028,59028,59028,59028,59028,59028,59028,59028,59028,59028,59028,59028,59028,59028,59028,59028,59028,59028,59540,59540,59540,59540,59540,59540,59540,59540,59540,59540,59540,59540,59540,59540,
0.728516,0.746094,0.753906,0.762695,0.762695,0.772461,0.776367,0.776367,0.776367,0.776367,0.779297,0.779297,0.779297,0.779297,0.779297,0.779297,0.779297,0.779297,0.779297,0.779297,0.779297,0.779297,0.779297,0.779297,0.779297,0.779297,0.779297,0.780273,0.780273,0.780273,0.780273,0.781250,0.781250,0.781250,0.781250,0.781250,0.781250,0.781250,0.781250,0.781250,0.781250,0.781250,0.781250,0.781250,0.781250,0.781250,0.781250,0.781250,0.781250,0.781250,0.781250,0.781250,0.781250,0.781250,0.781250,0.781250,0.781250,0.781250,0.781250,0.781250,0.781250,0.782227,0.782227,0.782227,0.782227,0.782227,0.782227,0.782227,0.782227,0.782227,0.782227,0.782227,0.782227,0.782227,0.782227,0.782227,0.782227,0.782227,0.787109,0.787109,0.787109,0.787109,0.787109,0.787109,0.787109,0.787109,0.787109,0.787109,0.787109,0.787109,0.787109,0.787109,0.787109,0.787109,0.787109,0.787109,0.787109,0.787109,0.787109,0.787109,0.787109,0.787109,0.787109,0.787109,0.787109,0.787109,0.787109,0.787109,0.787109,0.788086,0.788086,0.788086,0.788086,0.788086,0.788086,0.788086,0.788086,0.788086,0.788086,0.788086,0.788086,0.788086,0.791016,0.791016,0.791016,0.791016,0.791016,0.791016,0.791016,0.791016,0.791016,0.791016,0.791016,0.791016,0.791016,0.791016,0.791016,0.791016,0.791016,0.791016,0.791016,0.791016,0.791992,0.791992,0.791992,0.791992,0.791992,0.791992,0.791992,0.791992,0.791992,0.791992,0.791992,0.791992,0.791992,0.791992,0.791992,0.791992,0.791992,0.791992,0.791992,0.791992,0.791992,0.791992,0.791992,0.791992,0.791992,0.791992,0.791992,0.791992,0.791992,0.791992,0.791992,0.791992,0.791992,0.791992,0.791992,0.791992,0.791992,0.791992,0.791992,0.791992,0.791992,0.791992,0.791992,0.791992,0.791992,0.791992,0.791992,0.791992,0.791992,0.791992,0.791992,0.791992,0.791992,0.791992,0.791992,0.791992,0.791992,0.791992,0.791992,0.791992,0.791992,0.791992,0.791992,0.791992,0.791992,0.791992,0.791992,0.791992,0.791992,0.791992,0.791992,0.791992,0.791992,0.791992,0.791992,0.791992,0.791992,0.791992,0.791992,0.791992,0.791992,0.791992,0.791992,0.791992,0.791992,0.791992,0.791992,0.791992,0.791992,0.791992,0.791992,0.791992,0.791992,0.791992,0.791992,0.791992,0.791992,0.791992,0.791992,0.791992,0.791992,0.792969,0.792969,0.792969,0.792969,0.792969,0.792969,0.792969,0.792969,0.792969,0.792969,0.793945,0.793945,0.793945,0.793945,0.793945,0.794922,0.794922,0.794922,0.794922,0.794922,0.794922,0.795898,0.795898,0.795898,0.795898,0.795898,0.795898,0.795898,0.795898,0.795898,0.795898,0.795898,0.795898,0.795898,0.795898,0.795898,0.795898,0.795898,0.795898,0.795898,0.795898,0.795898,0.795898,0.795898,0.795898,0.795898,0.795898,0.795898,0.795898,0.795898,0.795898,0.795898,0.795898,0.795898,0.795898,0.795898,0.795898,0.795898,0.795898,0.795898,0.795898,0.795898,0.795898,0.795898,0.795898,0.795898,0.796875,0.796875,0.796875,0.796875,0.796875,0.796875,0.796875,0.796875,0.797852,0.797852,0.797852,0.798828,0.798828,0.798828,0.798828,0.798828,0.798828,0.798828,0.798828,0.798828,0.798828,0.798828,0.798828,0.798828,0.800781,0.802734,0.802734,0.802734,0.802734,0.802734,0.802734,0.802734,0.802734,0.802734,0.802734,0.802734,0.802734,0.802734,0.802734,0.802734,0.802734,0.802734,0.802734,0.802734,0.802734,0.802734,0.802734,0.802734,0.802734,0.802734,0.802734,0.802734,0.802734,0.802734,0.802734,0.802734,0.802734,0.802734,0.802734,0.802734,0.802734,0.802734,0.802734,0.802734,0.802734,0.802734,0.802734,0.802734,0.802734,0.802734,0.802734,0.802734,0.802734,0.802734,0.802734,0.802734,0.802734,0.802734,0.802734,0.802734,0.802734,0.802734,0.802734,0.802734,0.802734,0.802734,0.802734,0.802734,0.802734,0.802734,0.802734,0.802734,0.802734,0.802734,0.802734,0.802734,0.802734,0.802734,0.802734,0.802734,0.802734,0.802734,0.802734,0.802734,0.802734,0.802734,0.802734,0.802734,0.802734,0.802734,0.802734,0.802734,0.802734,0.802734,0.804688,0.804688,0.804688,0.804688,0.804688,0.804688,0.804688,0.804688,0.804688,0.804688,0.804688,0.804688,0.804688,0.804688,0.804688,0.804688,0.804688,0.804688,0.804688,0.804688,0.804688,0.804688,0.804688,0.804688,0.804688,0.804688,0.804688,0.804688,0.804688,0.804688,0.804688,0.804688,0.804688,0.804688,0.804688,0.804688,0.804688,0.804688,0.804688,0.804688,0.804688,0.804688,0.804688,0.804688,0.804688,0.804688,0.804688,0.804688,0.804688,0.804688,0.804688,0.804688,0.804688,0.804688,0.804688,0.804688,0.804688,0.804688,0.804688,0.804688,0.804688,0.804688,0.804688,0.804688,0.808594,0.808594,0.808594,0.808594,0.808594,0.808594,0.808594,0.808594,0.808594,0.808594,0.808594,0.808594,0.808594,0.808594,
0.837952,0.847168,0.847473,0.863342,0.863342,0.863831,0.866272,0.866272,0.866272,0.866272,0.867004,0.867004,0.867004,0.867004,0.867004,0.867004,0.867004,0.867004,0.867004,0.867004,0.867004,0.867004,0.867004,0.867004,0.867004,0.867004,0.867004,0.867249,0.867249,0.867249,0.867249,0.867493,0.867493,0.867493,0.867493,0.867493,0.867493,0.867493,0.867493,0.867493,0.867493,0.867493,0.867493,0.867493,0.867493,0.867493,0.867493,0.867493,0.867493,0.867493,0.867493,0.867493,0.867493,0.867493,0.867493,0.867493,0.867493,0.867493,0.867493,0.867493,0.867493,0.867737,0.867737,0.867737,0.867737,0.867737,0.867737,0.867737,0.867737,0.867737,0.867737,0.867737,0.867737,0.867737,0.867737,0.867737,0.867737,0.867737,0.874817,0.874817,0.874817,0.874817,0.874817,0.874817,0.874817,0.874817,0.874817,0.874817,0.874817,0.874817,0.874817,0.874817,0.874817,0.874817,0.874817,0.874817,0.874817,0.874817,0.874817,0.874817,0.874817,0.874817,0.874817,0.874817,0.874817,0.874817,0.874817,0.874817,0.874817,0.874847,0.874847,0.874847,0.874847,0.874847,0.874847,0.874847,0.874847,0.874847,0.874847,0.874847,0.874847,0.874847,0.876770,0.876770,0.876770,0.876770,0.876770,0.876770,0.876770,0.876770,0.876770,0.876770,0.876770,0.876770,0.876770,0.876770,0.876770,0.876770,0.876770,0.876770,0.876770,0.876770,0.876801,0.876801,0.876801,0.876801,0.876801,0.876801,0.876801,0.876801,0.876801,0.876801,0.876801,0.876801,0.876801,0.876801,0.876801,0.876801,0.876801,0.876801,0.876801,0.876801,0.876801,0.876801,0.876801,0.876801,0.876801,0.876801,0.876801,0.876801,0.876801,0.876801,0.876801,0.876801,0.876801,0.876801,0.876801,0.876801,0.876801,0.876801,0.876801,0.876801,0.876801,0.876801,0.876801,0.876801,0.876801,0.876801,0.876801,0.876801,0.876801,0.876801,0.876801,0.876801,0.876801,0.876801,0.876801,0.876801,0.876801,0.876801,0.876801,0.876801,0.876801,0.876801,0.876801,0.876801,0.876801,0.876801,0.876801,0.876801,0.876801,0.876801,0.876801,0.876801,0.876801,0.876801,0.876801,0.876801,0.876801,0.876801,0.876801,0.876801,0.876801,0.876801,0.876801,0.876801,0.876801,0.876801,0.876801,0.876801,0.876801,0.876801,0.876801,0.876801,0.876801,0.876801,0.876801,0.876801,0.876801,0.876801,0.876801,0.876801,0.876801,0.877258,0.877258,0.877258,0.877258,0.877258,0.877258,0.877258,0.877258,0.877258,0.877258,0.877289,0.877289,0.877289,0.877289,0.877289,0.881165,0.881165,0.881165,0.881165,0.881165,0.881165,0.883118,0.883118,0.883118,0.883118,0.883118,0.883118,0.883118,0.883118,0.883118,0.883118,0.883118,0.883118,0.883118,0.883118,0.883118,0.883118,0.883118,0.883118,0.883118,0.883118,0.883118,0.883118,0.883118,0.883118,0.883118,0.883118,0.883118,0.883118,0.883118,0.883118,0.883118,0.883118,0.883118,0.883118,0.883118,0.883118,0.883118,0.883118,0.883118,0.883118,0.883118,0.883118,0.883118,0.883118,0.883118,0.885071,0.885071,0.885071,0.885071,0.885071,0.885071,0.885071,0.885071,0.887024,0.887024,0.887024,0.888977,0.888977,0.888977,0.888977,0.888977,0.888977,0.888977,0.888977,0.888977,0.888977,0.888977,0.888977,0.888977,0.892883,0.896790,0.896790,0.896790,0.896790,0.896790,0.896790,0.896790,0.896790,0.896790,0.896790,0.896790,0.896790,0.896790,0.896790,0.896790,0.896790,0.896790,0.896790,0.896790,0.896790,0.896790,0.896790,0.896790,0.896790,0.896790,0.896790,0.896790,0.896790,0.896790,0.896790,0.896790,0.896790,0.896790,0.896790,0.896790,0.896790,0.896790,0.896790,0.896790,0.896790,0.896790,0.896790,0.896790,0.896790,0.896790,0.896790,0.896790,0.896790,0.896790,0.896790,0.896790,0.896790,0.896790,0.896790,0.896790,0.896790,0.896790,0.896790,0.896790,0.896790,0.896790,0.896790,0.896790,0.896790,0.896790,0.896790,0.896790,0.896790,0.896790,0.896790,0.896790,0.896790,0.896790,0.896790,0.896790,0.896790,0.896790,0.896790,0.896790,0.896790,0.896790,0.896790,0.896790,0.896790,0.896790,0.896790,0.896790,0.896790,0.896790,0.900696,0.900696,0.900696,0.900696,0.900696,0.900696,0.900696,0.900696,0.900696,0.900696,0.900696,0.900696,0.900696,0.900696,0.900696,0.900696,0.900696,0.900696,0.900696,0.900696,0.900696,0.900696,0.900696,0.900696,0.900696,0.900696,0.900696,0.900696,0.900696,0.900696,0.900696,0.900696,0.900696,0.900696,0.900696,0.900696,0.900696,0.900696,0.900696,0.900696,0.900696,0.900696,0.900696,0.900696,0.900696,0.900696,0.900696,0.900696,0.900696,0.900696,0.900696,0.900696,0.900696,0.900696,0.900696,0.900696,0.900696,0.900696,0.900696,0.900696,0.900696,0.900696,0.900696,0.900696,0.908508,0.908508,0.908508,0.908508,0.908508,0.908508,0.908508,0.908508,0.908508,0.908508,0.908508,0.908508,0.908508,0.908508,
