kBasicLog: 1
kBreedEdges: 1
kBreedGates: 1
kBreedSample: 4
kBreedType: 0
kChildren: 100
kEvaluations: 50000
kGens: 100
kLegalGateTypes: 1
kLog: 1
kLogIter: 1
kMaxGenStagnation: 300
kMessUp: 0
kMutatePercent: 7
kMutationMode: 1
kMutations: 16
kPruneOrphans: 1
kSaveDotGraphs: 1
kSeed: 0
kThreads: 4
kThreshold: 1000
kTruthWeight: 1
columns: 13
rows: 5,5,5,5,5,5,5,5,5,5,5,5,4
goal_correct_count: 256
goal_total_count: 2048
goal_total_weighted_count: 65536
~
gates_used: 33
total_count: 1627
total_weighted_count: 0
percent: 0.794434
weighted_percent: 0.000000
evaluations: 50100
~
1476,1506,1518,1534,1540,1542,1542,1542,1546,1546,1546,1546,1548,1548,1548,1548,1548,1548,1548,1548,1548,1548,1548,1548,1548,1548,1548,1548,1548,1548,1548,1548,1548,1548,1548,1548,1560,1568,1588,1600,1604,1604,1604,1604,1604,1604,1604,1604,1604,1604,1604,1604,1604,1604,1604,1604,1604,1604,1604,1604,1605,1605,1609,1612,1616,1616,1616,1616,1616,1616,1616,1616,1616,1616,1616,1619,1619,1619,1619,1619,1619,1619,1619,1619,1619,1619,1619,1619,1619,1619,1619,1619,1619,1619,1621,1621,1621,1621,1621,1621,1621,1621,1621,1621,1621,1621,1621,1621,1621,1621,1621,1621,1621,1621,1621,1621,1621,1621,1621,1621,1621,1621,1621,1621,1621,1621,1621,1621,1621,1621,1621,1621,1621,1621,1621,1621,1621,1621,1621,1621,1621,1621,1621,1621,1621,1621,1622,1622,1622,1622,1622,1622,1623,1623,1623,1623,1623,1623,1623,1623,1623,1623,1623,1623,1623,1623,1623,1623,1623,1623,1623,1623,1623,1623,1623,1623,1623,1623,1623,1623,1623,1623,1623,1623,1623,1623,1623,1623,1623,1623,1623,1623,1623,1623,1623,1623,1623,1623,1623,1623,1623,1623,1623,1623,1623,1623,1623,1623,1623,1623,1623,1623,1623,1623,1623,1623,1623,1623,1623,1623,1623,1623,1623,1627,1627,1627,1627,1627,1627,1627,1627,1627,1627,1627,1627,1627,1627,1627,1627,1627,1627,1627,1627,1627,1627,1627,1627,1627,1627,1627,1627,1627,1627,1627,1627,1627,1627,1627,1627,1627,1627,1627,1627,1627,1627,1627,1627,1627,1627,1627,1627,1627,1627,1627,1627,1627,1627,1627,1627,1627,1627,1627,1627,1627,1627,1627,1627,1627,1627,1627,1627,1627,1627,1627,1627,1627,1627,1627,1627,1627,1627,1627,1627,1627,1627,1627,1627,1627,1627,1627,1627,1627,1627,1627,1627,1627,1627,1627,1627,1627,1627,1627,1627,1627,1627,1627,1627,1627,1627,1627,1627,1627,1627,1627,1627,1627,1627,1627,1627,1627,1627,1627,1627,1627,1627,1627,1627,1627,1627,1627,1627,1627,1627,1627,1627,1627,1627,1627,1627,1627,1627,1627,1627,1627,1627,1627,1627,1627,1627,1627,1627,1627,1627,1627,1627,1627,1627,1627,1627,1627,1627,1627,1627,1627,1627,1627,1627,1627,1627,1627,1627,1627,1627,1627,1627,1627,1627,1627,1627,1627,1627,1627,1627,1627,1627,1627,1627,1627,1627,1627,1627,1627,1627,1627,1627,1627,1627,1627,1627,1627,1627,1627,1627,1627,1627,1627,1627,1627,1627,1627,1627,1627,1627,1627,1627,1627,1627,1627,1627,1627,1627,1627,1627,1627,1627,1627,1627,1627,1627,1627,1627,1627,1627,1627,1627,1627,1627,1627,1627,1627,1627,1627,1627,1627,1627,1627,1627,1627,1627,1627,1627,1627,1627,1627,1627,1627,1627,1627,1627,1627,1627,1627,1627,1627,1627,1627,1627,1627,1627,1627,1627,1627,1627,1627,1627,1627,1627,1627,1627,1627,1627,
49236,54800,54936,55032,55056,55064,55064,55064,55176,55176,55176,55176,55184,55184,55184,55184,55184,55184,55184,55184,55184,55184,55184,55184,55184,55184,55184,55184,55184,55184,55184,55184,55184,55184,55184,55184,56848,57072,57128,57432,57448,57448,57448,57448,57448,57448,57448,57448,57448,57448,57448,57448,57448,57448,57448,57448,57464,57464,57464,57528,57544,57544,58200,58296,58312,58312,58312,58312,58312,58312,58312,58312,58312,58312,58312,58318,58318,58318,58318,58318,58318,58318,58318,58318,58318,58318,58318,58318,58318,58318,58318,58318,58318,58318,58326,58326,58326,58326,58326,58326,58326,58326,58326,58326,58326,58326,58326,58326,58326,58326,58326,58326,58326,58326,58326,58326,58326,58326,58326,58326,58326,58326,58326,58326,58326,58326,58326,58326,58326,58326,58326,58326,58326,58326,58326,58326,58326,58326,58326,58326,58326,58326,58326,58326,58326,58326,58327,58327,58327,58327,58327,58327,58329,58329,58329,58329,58329,58329,58329,58329,58329,58329,58329,58329,58329,58329,58329,58329,58329,58329,58329,58329,58329,58329,58329,58329,58329,58329,58329,58329,58329,58329,58329,58329,58329,58329,58329,58329,58329,58329,58329,58329,58329,58329,58329,58329,58329,58329,58329,58329,58329,58329,58329,58329,58329,58329,58329,58329,58329,58329,58329,58329,58329,58329,58329,58329,58329,58329,58329,58329,58329,58329,58329,58337,58337,58337,58337,58337,58337,58337,58337,58337,58337,58337,58337,58337,58337,58337,58337,58337,58337,58337,58337,58337,58337,58337,58337,58337,58337,58337,58337,58337,58337,58337,58337,58337,58337,58337,58337,58337,58337,58337,58337,58337,58337,58337,58337,58337,58337,58337,58337,58337,58337,58337,58337,58337,58337,58337,58337,58337,58337,58337,58337,58337,58337,58337,58337,58337,58337,58337,58337,58337,58337,58337,58337,58337,58337,58337,58337,58337,58337,58337,58337,58337,58337,58337,58337,58337,58337,58337,58337,58337,58337,58337,58337,58337,58337,58337,58337,58337,58337,58337,58337,58337,58337,58337,58337,58337,58337,58337,58337,58337,58337,58337,58337,58337,58337,58337,58337,58337,58337,58337,58337,58337,58337,58337,58337,58337,58337,58337,58337,58337,58337,58337,58337,58337,58337,58337,58337,58337,58337,58337,58337,58337,58337,58337,58337,58337,58337,58337,58337,58337,58337,58337,58337,58337,58337,58337,58337,58337,58337,58337,58337,58337,58337,58337,58337,58337,58337,58337,58337,58337,58337,58337,58337,58337,58337,58337,58337,58337,58337,58337,58337,58337,58337,58337,58337,58337,58337,58337,58337,58337,58337,58337,58337,58337,58337,58337,58337,58337,58337,58337,58337,58337,58337,58337,58337,58337,58337,58337,58337,58337,58337,58337,58337,58337,58337,58337,58337,58337,58337,58337,58337,58337,58337,58337,58337,58337,58337,58337,58337,58337,58337,58337,58337,58337,58337,58337,58337,58337,58337,58337,58337,58337,58337,58337,58337,58337,58337,58337,58337,58337,58337,58337,58337,58337,58337,58337,58337,58337,58337,58337,58337,58337,58337,58337,58337,58337,58337,58337,58337,58337,58337,58337,58337,58337,58337,58337,58337,58337,58337,
0.720703,0.735352,0.741211,0.749023,0.751953,0.752930,0.752930,0.752930,0.754883,0.754883,0.754883,0.754883,0.755859,0.755859,0.755859,0.755859,0.755859,0.755859,0.755859,0.755859,0.755859,0.755859,0.755859,0.755859,0.755859,0.755859,0.755859,0.755859,0.755859,0.755859,0.755859,0.755859,0.755859,0.755859,0.755859,0.755859,0.761719,0.765625,0.775391,0.781250,0.783203,0.783203,0.783203,0.783203,0.783203,0.783203,0.783203,0.783203,0.783203,0.783203,0.783203,0.783203,0.783203,0.783203,0.783203,0.783203,0.783203,0.783203,0.783203,0.783203,0.783691,0.783691,0.785645,0.787109,0.789062,0.789062,0.789062,0.789062,0.789062,0.789062,0.789062,0.789062,0.789062,0.789062,0.789062,0.790527,0.790527,0.790527,0.790527,0.790527,0.790527,0.790527,0.790527,0.790527,0.790527,0.790527,0.790527,0.790527,0.790527,0.790527,0.790527,0.790527,0.790527,0.790527,0.791504,0.791504,0.791504,0.791504,0.791504,0.791504,0.791504,0.791504,0.791504,0.791504,0.791504,0.791504,0.791504,0.791504,0.791504,0.791504,0.791504,0.791504,0.791504,0.791504,0.791504,0.791504,0.791504,0.791504,0.791504,0.791504,0.791504,0.791504,0.791504,0.791504,0.791504,0.791504,0.791504,0.791504,0.791504,0.791504,0.791504,0.791504,0.791504,0.791504,0.791504,0.791504,0.791504,0.791504,0.791504,0.791504,0.791504,0.791504,0.791504,0.791504,0.791504,0.791504,0.791992,0.791992,0.791992,0.791992,0.791992,0.791992,0.792480,0.792480,0.792480,0.792480,0.792480,0.792480,0.792480,0.792480,0.792480,0.792480,0.792480,0.792480,0.792480,0.792480,0.792480,0.792480,0.792480,0.792480,0.792480,0.792480,0.792480,0.792480,0.792480,0.792480,0.792480,0.792480,0.792480,0.792480,0.792480,0.792480,0.792480,0.792480,0.792480,0.792480,0.792480,0.792480,0.792480,0.792480,0.792480,0.792480,0.792480,0.792480,0.792480,0.792480,0.792480,0.792480,0.792480,0.792480,0.792480,0.792480,0.792480,0.792480,0.792480,0.792480,0.792480,0.792480,0.792480,0.792480,0.792480,0.792480,0.792480,0.792480,0.792480,0.792480,0.792480,0.792480,0.792480,0.792480,0.792480,0.792480,0.792480,0.794434,0.794434,0.794434,0.794434,0.794434,0.794434,0.794434,0.794434,0.794434,0.794434,0.794434,0.794434,0.794434,0.794434,0.794434,0.794434,0.794434,0.794434,0.794434,0.794434,0.794434,0.794434,0.794434,0.794434,0.794434,0.794434,0.794434,0.794434,0.794434,0.794434,0.794434,0.794434,0.794434,0.794434,0.794434,0.794434,0.794434,0.794434,0.794434,0.794434,0.794434,0.794434,0.794434,0.794434,0.794434,0.794434,0.794434,0.794434,0.794434,0.794434,0.794434,0.794434,0.794434,0.794434,0.794434,0.794434,0.794434,0.794434,0.794434,0.794434,0.794434,0.794434,0.794434,0.794434,0.794434,0.794434,0.794434,0.794434,0.794434,0.794434,0.794434,0.794434,0.794434,0.794434,0.794434,0.794434,0.794434,0.794434,0.794434,0.794434,0.794434,0.794434,0.794434,0.794434,0.794434,0.794434,0.794434,0.794434,0.794434,0.794434,0.794434,0.794434,0.794434,0.794434,0.794434,0.794434,0.794434,0.794434,0.794434,0.794434,0.794434,0.794434,0.794434,0.794434,0.794434,0.794434,0.794434,0.794434,0.794434,0.794434,0.794434,0.794434,0.794434,0.794434,0.794434,0.794434,0.794434,0.794434,0.794434,0.794434,0.794434,0.794434,0.794434,0.794434,0.794434,0.794434,0.794434,0.794434,0.794434,0.794434,0.794434,0.794434,0.794434,0.794434,0.794434,0.794434,0.794434,0.794434,0.794434,0.794434,0.794434,0.794434,0.794434,0.794434,0.794434,0.794434,0.794434,0.794434,0.794434,0.794434,0.794434,0.794434,0.794434,0.794434,0.794434,0.794434,0.794434,0.794434,0.794434,0.794434,0.794434,0.794434,0.794434,0.794434,0.794434,0.794434,0.794434,0.794434,0.794434,0.794434,0.794434,0.794434,0.794434,0.794434,0.794434,0.794434,0.794434,0.794434,0.794434,0.794434,0.794434,0.794434,0.794434,0.794434,0.794434,0.794434,0.794434,0.794434,0.794434,0.794434,0.794434,0.794434,0.794434,0.794434,0.794434,0.794434,0.794434,0.794434,0.794434,0.794434,0.794434,0.794434,0.794434,0.794434,0.794434,0.794434,0.794434,0.794434,0.794434,0.794434,0.794434,0.794434,0.794434,0.794434,0.794434,0.794434,0.794434,0.794434,0.794434,0.794434,0.794434,0.794434,0.794434,0.794434,0.794434,0.794434,0.794434,0.794434,0.794434,0.794434,0.794434,0.794434,0.794434,0.794434,0.794434,0.794434,0.794434,0.794434,0.794434,0.794434,0.794434,0.794434,0.794434,0.794434,0.794434,0.794434,0.794434,0.794434,0.794434,0.794434,0.794434,0.794434,0.794434,0.794434,0.794434,0.794434,0.794434,0.794434,0.794434,0.794434,0.794434,0.794434,0.794434,0.794434,0.794434,0.794434,0.794434,0.794434,0.794434,0.794434,0.794434,0.794434,0.794434,0.794434,0.794434,0.794434,0.794434,0.794434,
0.751282,0.836182,0.838257,0.839722,0.840088,0.840210,0.840210,0.840210,0.841919,0.841919,0.841919,0.841919,0.842041,0.842041,0.842041,0.842041,0.842041,0.842041,0.842041,0.842041,0.842041,0.842041,0.842041,0.842041,0.842041,0.842041,0.842041,0.842041,0.842041,0.842041,0.842041,0.842041,0.842041,0.842041,0.842041,0.842041,0.867432,0.870850,0.871704,0.876343,0.876587,0.876587,0.876587,0.876587,0.876587,0.876587,0.876587,0.876587,0.876587,0.876587,0.876587,0.876587,0.876587,0.876587,0.876587,0.876587,0.876831,0.876831,0.876831,0.877808,0.878052,0.878052,0.888062,0.889526,0.889771,0.889771,0.889771,0.889771,0.889771,0.889771,0.889771,0.889771,0.889771,0.889771,0.889771,0.889862,0.889862,0.889862,0.889862,0.889862,0.889862,0.889862,0.889862,0.889862,0.889862,0.889862,0.889862,0.889862,0.889862,0.889862,0.889862,0.889862,0.889862,0.889862,0.889984,0.889984,0.889984,0.889984,0.889984,0.889984,0.889984,0.889984,0.889984,0.889984,0.889984,0.889984,0.889984,0.889984,0.889984,0.889984,0.889984,0.889984,0.889984,0.889984,0.889984,0.889984,0.889984,0.889984,0.889984,0.889984,0.889984,0.889984,0.889984,0.889984,0.889984,0.889984,0.889984,0.889984,0.889984,0.889984,0.889984,0.889984,0.889984,0.889984,0.889984,0.889984,0.889984,0.889984,0.889984,0.889984,0.889984,0.889984,0.889984,0.889984,0.889984,0.889984,0.889999,0.889999,0.889999,0.889999,0.889999,0.889999,0.890030,0.890030,0.890030,0.890030,0.890030,0.890030,0.890030,0.890030,0.890030,0.890030,0.890030,0.890030,0.890030,0.890030,0.890030,0.890030,0.890030,0.890030,0.890030,0.890030,0.890030,0.890030,0.890030,0.890030,0.890030,0.890030,0.890030,0.890030,0.890030,0.890030,0.890030,0.890030,0.890030,0.890030,0.890030,0.890030,0.890030,0.890030,0.890030,0.890030,0.890030,0.890030,0.890030,0.890030,0.890030,0.890030,0.890030,0.890030,0.890030,0.890030,0.890030,0.890030,0.890030,0.890030,0.890030,0.890030,0.890030,0.890030,0.890030,0.890030,0.890030,0.890030,0.890030,0.890030,0.890030,0.890030,0.890030,0.890030,0.890030,0.890030,0.890030,0.890152,0.890152,0.890152,0.890152,0.890152,0.890152,0.890152,0.890152,0.890152,0.890152,0.890152,0.890152,0.890152,0.890152,0.890152,0.890152,0.890152,0.890152,0.890152,0.890152,0.890152,0.890152,0.890152,0.890152,0.890152,0.890152,0.890152,0.890152,0.890152,0.890152,0.890152,0.890152,0.890152,0.890152,0.890152,0.890152,0.890152,0.890152,0.890152,0.890152,0.890152,0.890152,0.890152,0.890152,0.890152,0.890152,0.890152,0.890152,0.890152,0.890152,0.890152,0.890152,0.890152,0.890152,0.890152,0.890152,0.890152,0.890152,0.890152,0.890152,0.890152,0.890152,0.890152,0.890152,0.890152,0.890152,0.890152,0.890152,0.890152,0.890152,0.890152,0.890152,0.890152,0.890152,0.890152,0.890152,0.890152,0.890152,0.890152,0.890152,0.890152,0.890152,0.890152,0.890152,0.890152,0.890152,0.890152,0.890152,0.890152,0.890152,0.890152,0.890152,0.890152,0.890152,0.890152,0.890152,0.890152,0.890152,0.890152,0.890152,0.890152,0.890152,0.890152,0.890152,0.890152,0.890152,0.890152,0.890152,0.890152,0.890152,0.890152,0.890152,0.890152,0.890152,0.890152,0.890152,0.890152,0.890152,0.890152,0.890152,0.890152,0.890152,0.890152,0.890152,0.890152,0.890152,0.890152,0.890152,0.890152,0.890152,0.890152,0.890152,0.890152,0.890152,0.890152,0.890152,0.890152,0.890152,0.890152,0.890152,0.890152,0.890152,0.890152,0.890152,0.890152,0.890152,0.890152,0.890152,0.890152,0.890152,0.890152,0.890152,0.890152,0.890152,0.890152,0.890152,0.890152,0.890152,0.890152,0.890152,0.890152,0.890152,0.890152,0.890152,0.890152,0.890152,0.890152,0.890152,0.890152,0.890152,0.890152,0.890152,0.890152,0.890152,0.890152,0.890152,0.890152,0.890152,0.890152,0.890152,0.890152,0.890152,0.890152,0.890152,0.890152,0.890152,0.890152,0.890152,0.890152,0.890152,0.890152,0.890152,0.890152,0.890152,0.890152,0.890152,0.890152,0.890152,0.890152,0.890152,0.890152,0.890152,0.890152,0.890152,0.890152,0.890152,0.890152,0.890152,0.890152,0.890152,0.890152,0.890152,0.890152,0.890152,0.890152,0.890152,0.890152,0.890152,0.890152,0.890152,0.890152,0.890152,0.890152,0.890152,0.890152,0.890152,0.890152,0.890152,0.890152,0.890152,0.890152,0.890152,0.890152,0.890152,0.890152,0.890152,0.890152,0.890152,0.890152,0.890152,0.890152,0.890152,0.890152,0.890152,0.890152,0.890152,0.890152,0.890152,0.890152,0.890152,0.890152,0.890152,0.890152,0.890152,0.890152,0.890152,0.890152,0.890152,0.890152,0.890152,0.890152,0.890152,0.890152,0.890152,0.890152,0.890152,0.890152,0.890152,0.890152,0.890152,0.890152,0.890152,0.890152,0.890152,0.890152,0.890152,0.890152,0.890152,
