kBasicLog: 1
kBreedEdges: 1
kBreedGates: 1
kBreedSample: 4
kBreedType: 0
kChildren: 100
kEvaluations: 50000
kGens: 100
kLegalGateTypes: 1
kLog: 1
kLogIter: 0
kMaxGenStagnation: 300
kMessUp: 0
kMutatePercent: 7
kMutationMode: 1
kMutations: 16
kPruneOrphans: 1
kSaveDotGraphs: 1
kSeed: 0
kThreads: 4
kThreshold: 1000
kTruthWeight: 1
columns: 13
rows: 5,5,5,5,5,5,5,5,5,5,5,5,4
goal_correct_count: 256
goal_total_count: 2048
goal_total_weighted_count: 65536
~
gates_used: 34
total_count: 1630
total_weighted_count: 0
percent: 0.795898
weighted_percent: 0.000000
evaluations: 50100
~
1494,1518,1538,1542,1542,1542,1554,1560,1576,1576,1576,1576,1578,1584,1586,1586,1586,1586,1586,1586,1586,1586,1586,1586,1586,1586,1586,1588,1588,1588,1588,1588,1588,1588,1588,1592,1592,1592,1592,1592,1592,1592,1600,1600,1600,1600,1600,1600,1600,1600,1600,1600,1600,1600,1600,1600,1600,1600,1600,1600,1600,1600,1600,1600,1600,1600,1600,1600,1600,1600,1600,1600,1600,1600,1600,1600,1600,1600,1600,1600,1600,1600,1600,1604,1604,1604,1604,1604,1604,1604,1604,1604,1604,1604,1604,1604,1604,1604,1604,1604,1604,1604,1604,1604,1604,1604,1604,1604,1604,1608,1608,1608,1608,1610,1610,1610,1610,1610,1610,1610,1610,1610,1610,1610,1610,1610,1610,1610,1610,1610,1610,1610,1610,1610,1610,1610,1610,1610,1610,1610,1610,1610,1610,1610,1610,1610,1610,1610,1610,1610,1612,1612,1612,1612,1612,1612,1612,1612,1612,1612,1612,1612,1612,1612,1612,1612,1612,1612,1616,1616,1616,1616,1616,1616,1616,1616,1616,1616,1616,1616,1616,1616,1616,1616,1616,1622,1622,1622,1622,1622,1622,1622,1622,1622,1622,1622,1622,1622,1622,1622,1622,1622,1622,1622,1626,1626,1626,1626,1626,1626,1626,1626,1626,1626,1626,1626,1626,1626,1626,1626,1626,1626,1626,1626,1626,1626,1626,1626,1626,1626,1626,1626,1626,1626,1626,1626,1626,1626,1626,1626,1626,1626,1626,1626,1626,1626,1626,1626,1626,1626,1626,1626,1626,1626,1626,1626,1628,1628,1628,1628,1628,1628,1628,1628,1628,1628,1628,1628,1628,1630,1630,1630,1630,1630,1630,1630,1630,1630,1630,1630,1630,1630,1630,1630,1630,1630,1630,1630,1630,1630,1630,1630,1630,1630,1630,1630,1630,1630,1630,1630,1630,1630,1630,1630,1630,1630,1630,1630,1630,1630,1630,1630,1630,1630,1630,1630,1630,1630,1630,1630,1630,1630,1630,1630,1630,1630,1630,1630,1630,1630,1630,1630,1630,1630,1630,1630,1630,1630,1630,1630,1630,1630,1630,1630,1630,1630,1630,1630,1630,1630,1630,1630,1630,1630,1630,1630,1630,1630,1630,1630,1630,1630,1630,1630,1630,1630,1630,1630,1630,1630,1630,1630,1630,1630,1630,1630,1630,1630,1630,1630,1630,1630,1630,1630,1630,1630,1630,1630,1630,1630,1630,1630,1630,1630,1630,1630,1630,1630,1630,1630,1630,1630,1630,1630,1630,1630,1630,1630,1630,1630,1630,1630,1630,1630,1630,1630,1630,1630,1630,1630,1630,1630,1630,1630,1630,1630,1630,1630,1630,1630,1630,1630,1630,1630,1630,1630,1630,1630,1630,1630,1630,1630,1630,1630,1630,1630,1630,1630,1630,1630,1630,1630,1630,1630,1630,1630,1630,1630,1630,1630,1630,1630,1630,1630,1630,1630,1630,1630,1630,1630,1630,1630,1630,1630,1630,1630,1630,1630,1630,1630,1630,1630,1630,1630,1630,1630,1630,1630,1630,1630,1630,1630,1630,1630,1630,1630,1630,1630,1630,1630,1630,
54958,56444,57452,57484,57484,57484,57692,58452,58964,58964,58964,58964,58968,59028,59032,59032,59032,59032,59032,59032,59032,59032,59032,59032,59032,59032,59032,59036,59036,59036,59036,59036,59036,59036,59036,59044,59044,59044,59044,59044,59044,59044,59556,59556,59556,59556,59556,59556,59556,59556,59556,59556,59556,59556,59556,59556,59556,59556,59556,59556,59556,59556,59556,59556,59556,59556,59556,59556,59556,59556,59556,59556,59556,59556,59556,59556,59556,59556,59556,59556,59556,59556,59556,59664,59664,59664,59664,59664,59664,59664,59664,59664,59664,59664,59664,59664,59664,59664,59664,59664,59664,59664,59664,59664,59664,59664,59664,59664,59664,59668,59668,59668,59668,59684,59684,59684,59684,59684,59684,59684,59684,59684,59684,59684,59684,59684,59684,59684,59684,59684,59684,59684,59684,59684,59684,59684,59684,59684,59684,59684,59684,59684,59684,59684,59684,59684,59684,59684,59684,59684,60148,60148,60148,60148,60148,60148,60148,60148,60148,60148,60148,60148,60148,60148,60148,60148,60148,60148,60204,60204,60204,60204,60204,60204,60204,60204,60204,60204,60204,60204,60204,60204,60204,60204,60204,60220,60220,60220,60220,60220,60220,60220,60220,60220,60220,60220,60220,60220,60220,60220,60220,60220,60220,60220,60224,60224,60224,60224,60224,60224,60224,60224,60224,60224,60224,60224,60224,60224,60224,60224,60224,60224,60224,60224,60224,60224,60224,60224,60224,60224,60224,60224,60224,60224,60224,60224,60224,60224,60224,60224,60224,60224,60224,60224,60224,60224,60224,60224,60224,60224,60224,60224,60224,60224,60224,60224,60232,60232,60232,60232,60232,60232,60232,60232,60232,60232,60232,60232,60232,60248,60248,60248,60248,60248,60248,60248,60248,60248,60248,60248,60248,60248,60248,60248,60248,60248,60248,60248,60248,60248,60248,60248,60248,60248,60248,60248,60248,60248,60248,60248,60248,60248,60248,60248,60248,60248,60248,60248,60248,60248,60248,60248,60248,60248,60248,60248,60248,60248,60248,60248,60248,60248,60248,60248,60248,60248,60248,60248,60248,60248,60248,60248,60248,60248,60248,60248,60248,60248,60248,60248,60248,60248,60248,60248,60248,60248,60248,60248,60248,60248,60248,60248,60248,60248,60248,60248,60248,60248,60248,60248,60248,60248,60248,60248,60248,60248,60248,60248,60248,60248,60248,60248,60248,60248,60248,60248,60248,60248,60248,60248,60248,60248,60248,60248,60248,60248,60248,60248,60248,60248,60248,60248,60248,60248,60248,60248,60248,60248,60248,60248,60248,60248,60248,60248,60248,60248,60248,60248,60248,60248,60248,60248,60248,60248,60248,60248,60248,60248,60248,60248,60248,60248,60248,60248,60248,60248,60248,60248,60248,60248,60248,60248,60248,60248,60248,60248,60248,60248,60248,60248,60248,60248,60248,60248,60248,60248,60248,60248,60248,60248,60248,60248,60248,60248,60248,60248,60248,60248,60248,60248,60248,60248,60248,60248,60248,60248,60248,60248,60248,60248,60248,60248,60248,60248,60248,60248,60248,60248,60248,60248,60248,60248,60248,60248,60248,60248,60248,60248,60248,60248,60248,60248,60248,60248,60248,60248,60248,60248,60248,60248,60248,
0.729492,0.741211,0.750977,0.752930,0.752930,0.752930,0.758789,0.761719,0.769531,0.769531,0.769531,0.769531,0.770508,0.773438,0.774414,0.774414,0.774414,0.774414,0.774414,0.774414,0.774414,0.774414,0.774414,0.774414,0.774414,0.774414,0.774414,0.775391,0.775391,0.775391,0.775391,0.775391,0.775391,0.775391,0.775391,0.777344,0.777344,0.777344,0.777344,0.777344,0.777344,0.777344,0.781250,0.781250,0.781250,0.781250,0.781250,0.781250,0.781250,0.781250,0.781250,0.781250,0.781250,0.781250,0.781250,0.781250,0.781250,0.781250,0.781250,0.781250,0.781250,0.781250,0.781250,0.781250,0.781250,0.781250,0.781250,0.781250,0.781250,0.781250,0.781250,0.781250,0.781250,0.781250,0.781250,0.781250,0.781250,0.781250,0.781250,0.781250,0.781250,0.781250,0.781250,0.783203,0.783203,0.783203,0.783203,0.783203,0.783203,0.783203,0.783203,0.783203,0.783203,0.783203,0.783203,0.783203,0.783203,0.783203,0.783203,0.783203,0.783203,0.783203,0.783203,0.783203,0.783203,0.783203,0.783203,0.783203,0.783203,0.785156,0.785156,0.785156,0.785156,0.786133,0.786133,0.786133,0.786133,0.786133,0.786133,0.786133,0.786133,0.786133,0.786133,0.786133,0.786133,0.786133,0.786133,0.786133,0.786133,0.786133,0.786133,0.786133,0.786133,0.786133,0.786133,0.786133,0.786133,0.786133,0.786133,0.786133,0.786133,0.786133,0.786133,0.786133,0.786133,0.786133,0.786133,0.786133,0.786133,0.786133,0.787109,0.787109,0.787109,0.787109,0.787109,0.787109,0.787109,0.787109,0.787109,0.787109,0.787109,0.787109,0.787109,0.787109,0.787109,0.787109,0.787109,0.787109,0.789062,0.789062,0.789062,0.789062,0.789062,0.789062,0.789062,0.789062,0.789062,0.789062,0.789062,0.789062,0.789062,0.789062,0.789062,0.789062,0.789062,0.791992,0.791992,0.791992,0.791992,0.791992,0.791992,0.791992,0.791992,0.791992,0.791992,0.791992,0.791992,0.791992,0.791992,0.791992,0.791992,0.791992,0.791992,0.791992,0.793945,0.793945,0.793945,0.793945,0.793945,0.793945,0.793945,0.793945,0.793945,0.793945,0.793945,0.793945,0.793945,0.793945,0.793945,0.793945,0.793945,0.793945,0.793945,0.793945,0.793945,0.793945,0.793945,0.793945,0.793945,0.793945,0.793945,0.793945,0.793945,0.793945,0.793945,0.793945,0.793945,0.793945,0.793945,0.793945,0.793945,0.793945,0.793945,0.793945,0.793945,0.793945,0.793945,0.793945,0.793945,0.793945,0.793945,0.793945,0.793945,0.793945,0.793945,0.793945,0.794922,0.794922,0.794922,0.794922,0.794922,0.794922,0.794922,0.794922,0.794922,0.794922,0.794922,0.794922,0.794922,0.795898,0.795898,0.795898,0.795898,0.795898,0.795898,0.795898,0.795898,0.795898,0.795898,0.795898,0.795898,0.795898,0.795898,0.795898,0.795898,0.795898,0.795898,0.795898,0.795898,0.795898,0.795898,0.795898,0.795898,0.795898,0.795898,0.795898,0.795898,0.795898,0.795898,0.795898,0.795898,0.795898,0.795898,0.795898,0.795898,0.795898,0.795898,0.795898,0.795898,0.795898,0.795898,0.795898,0.795898,0.795898,0.795898,0.795898,0.795898,0.795898,0.795898,0.795898,0.795898,0.795898,0.795898,0.795898,0.795898,0.795898,0.795898,0.795898,0.795898,0.795898,0.795898,0.795898,0.795898,0.795898,0.795898,0.795898,0.795898,0.795898,0.795898,0.795898,0.795898,0.795898,0.795898,0.795898,0.795898,0.795898,0.795898,0.795898,0.795898,0.795898,0.795898,0.795898,0.795898,0.795898,0.795898,0.795898,0.795898,0.795898,0.795898,0.795898,0.795898,0.795898,0.795898,0.795898,0.795898,0.795898,0.795898,0.795898,0.795898,0.795898,0.795898,0.795898,0.795898,0.795898,0.795898,0.795898,0.795898,0.795898,0.795898,0.795898,0.795898,0.795898,0.795898,0.795898,0.795898,0.795898,0.795898,0.795898,0.795898,0.795898,0.795898,0.795898,0.795898,0.795898,0.795898,0.795898,0.795898,0.795898,0.795898,0.795898,0.795898,0.795898,0.795898,0.795898,0.795898,0.795898,0.795898,0.795898,0.795898,0.795898,0.795898,0.795898,0.795898,0.795898,0.795898,0.795898,0.795898,0.795898,0.795898,0.795898,0.795898,0.795898,0.795898,0.795898,0.795898,0.795898,0.795898,0.795898,0.795898,0.795898,0.795898,0.795898,0.795898,0.795898,0.795898,0.795898,0.795898,0.795898,0.795898,0.795898,0.795898,0.795898,0.795898,0.795898,0.795898,0.795898,0.795898,0.795898,0.795898,0.795898,0.795898,0.795898,0.795898,0.795898,0.795898,0.795898,0.795898,0.795898,0.795898,0.795898,0.795898,0.795898,0.795898,0.795898,0.795898,0.795898,0.795898,0.795898,0.795898,0.795898,0.795898,0.795898,0.795898,0.795898,0.795898,0.795898,0.795898,0.795898,0.795898,0.795898,0.795898,0.795898,0.795898,0.795898,0.795898,0.795898,0.795898,0.795898,0.795898,0.795898,0.795898,0.795898,0.795898,0.795898,0.795898,0.795898,0.795898,0.795898,0.795898,0.795898,0.795898,
0.838593,0.861267,0.876648,0.877136,0.877136,0.877136,0.880310,0.891907,0.899719,0.899719,0.899719,0.899719,0.899780,0.900696,0.900757,0.900757,0.900757,0.900757,0.900757,0.900757,0.900757,0.900757,0.900757,0.900757,0.900757,0.900757,0.900757,0.900818,0.900818,0.900818,0.900818,0.900818,0.900818,0.900818,0.900818,0.900940,0.900940,0.900940,0.900940,0.900940,0.900940,0.900940,0.908752,0.908752,0.908752,0.908752,0.908752,0.908752,0.908752,0.908752,0.908752,0.908752,0.908752,0.908752,0.908752,0.908752,0.908752,0.908752,0.908752,0.908752,0.908752,0.908752,0.908752,0.908752,0.908752,0.908752,0.908752,0.908752,0.908752,0.908752,0.908752,0.908752,0.908752,0.908752,0.908752,0.908752,0.908752,0.908752,0.908752,0.908752,0.908752,0.908752,0.908752,0.910400,0.910400,0.910400,0.910400,0.910400,0.910400,0.910400,0.910400,0.910400,0.910400,0.910400,0.910400,0.910400,0.910400,0.910400,0.910400,0.910400,0.910400,0.910400,0.910400,0.910400,0.910400,0.910400,0.910400,0.910400,0.910400,0.910461,0.910461,0.910461,0.910461,0.910706,0.910706,0.910706,0.910706,0.910706,0.910706,0.910706,0.910706,0.910706,0.910706,0.910706,0.910706,0.910706,0.910706,0.910706,0.910706,0.910706,0.910706,0.910706,0.910706,0.910706,0.910706,0.910706,0.910706,0.910706,0.910706,0.910706,0.910706,0.910706,0.910706,0.910706,0.910706,0.910706,0.910706,0.910706,0.910706,0.910706,0.917786,0.917786,0.917786,0.917786,0.917786,0.917786,0.917786,0.917786,0.917786,0.917786,0.917786,0.917786,0.917786,0.917786,0.917786,0.917786,0.917786,0.917786,0.918640,0.918640,0.918640,0.918640,0.918640,0.918640,0.918640,0.918640,0.918640,0.918640,0.918640,0.918640,0.918640,0.918640,0.918640,0.918640,0.918640,0.918884,0.918884,0.918884,0.918884,0.918884,0.918884,0.918884,0.918884,0.918884,0.918884,0.918884,0.918884,0.918884,0.918884,0.918884,0.918884,0.918884,0.918884,0.918884,0.918945,0.918945,0.918945,0.918945,0.918945,0.918945,0.918945,0.918945,0.918945,0.918945,0.918945,0.918945,0.918945,0.918945,0.918945,0.918945,0.918945,0.918945,0.918945,0.918945,0.918945,0.918945,0.918945,0.918945,0.918945,0.918945,0.918945,0.918945,0.918945,0.918945,0.918945,0.918945,0.918945,0.918945,0.918945,0.918945,0.918945,0.918945,0.918945,0.918945,0.918945,0.918945,0.918945,0.918945,0.918945,0.918945,0.918945,0.918945,0.918945,0.918945,0.918945,0.918945,0.919067,0.919067,0.919067,0.919067,0.919067,0.919067,0.919067,0.919067,0.919067,0.919067,0.919067,0.919067,0.919067,0.919312,0.919312,0.919312,0.919312,0.919312,0.919312,0.919312,0.919312,0.919312,0.919312,0.919312,0.919312,0.919312,0.919312,0.919312,0.919312,0.919312,0.919312,0.919312,0.919312,0.919312,0.919312,0.919312,0.919312,0.919312,0.919312,0.919312,0.919312,0.919312,0.919312,0.919312,0.919312,0.919312,0.919312,0.919312,0.919312,0.919312,0.919312,0.919312,0.919312,0.919312,0.919312,0.919312,0.919312,0.919312,0.919312,0.919312,0.919312,0.919312,0.919312,0.919312,0.919312,0.919312,0.919312,0.919312,0.919312,0.919312,0.919312,0.919312,0.919312,0.919312,0.919312,0.919312,0.919312,0.919312,0.919312,0.919312,0.919312,0.919312,0.919312,0.919312,0.919312,0.919312,0.919312,0.919312,0.919312,0.919312,0.919312,0.919312,0.919312,0.919312,0.919312,0.919312,0.919312,0.919312,0.919312,0.919312,0.919312,0.919312,0.919312,0.919312,0.919312,0.919312,0.919312,0.919312,0.919312,0.919312,0.919312,0.919312,0.919312,0.919312,0.919312,0.919312,0.919312,0.919312,0.919312,0.919312,0.919312,0.919312,0.919312,0.919312,0.919312,0.919312,0.919312,0.919312,0.919312,0.919312,0.919312,0.919312,0.919312,0.919312,0.919312,0.919312,0.919312,0.919312,0.919312,0.919312,0.919312,0.919312,0.919312,0.919312,0.919312,0.919312,0.919312,0.919312,0.919312,0.919312,0.919312,0.919312,0.919312,0.919312,0.919312,0.919312,0.919312,0.919312,0.919312,0.919312,0.919312,0.919312,0.919312,0.919312,0.919312,0.919312,0.919312,0.919312,0.919312,0.919312,0.919312,0.919312,0.919312,0.919312,0.919312,0.919312,0.919312,0.919312,0.919312,0.919312,0.919312,0.919312,0.919312,0.919312,0.919312,0.919312,0.919312,0.919312,0.919312,0.919312,0.919312,0.919312,0.919312,0.919312,0.919312,0.919312,0.919312,0.919312,0.919312,0.919312,0.919312,0.919312,0.919312,0.919312,0.919312,0.919312,0.919312,0.919312,0.919312,0.919312,0.919312,0.919312,0.919312,0.919312,0.919312,0.919312,0.919312,0.919312,0.919312,0.919312,0.919312,0.919312,0.919312,0.919312,0.919312,0.919312,0.919312,0.919312,0.919312,0.919312,0.919312,0.919312,0.919312,0.919312,0.919312,0.919312,0.919312,0.919312,0.919312,0.919312,0.919312,0.919312,0.919312,0.919312,0.919312,
