kBasicLog: 1
kBreedEdges: 1
kBreedGates: 1
kBreedSample: 4
kBreedType: 1
kChildren: 100
kEvaluations: 30000
kGens: 100
kLegalGateTypes: 1
kLog: 1
kLogIter: 0
kMaxGenStagnation: 300
kMessUp: 0
kMutatePercent: 5
kMutationMode: 2
kMutations: 16
kPruneOrphans: 1
kSaveDotGraphs: 1
kSeed: 0
kThreads: 4
kThreshold: 1000
kTruthWeight: 1
columns: 10
rows: 7,7,7,7,7,7,7,7,7,1
goal_correct_count: 256
goal_total_count: 2048
goal_total_weighted_count: 65536
~
gates_used: 26
total_count: 1588
total_weighted_count: 0
percent: 0.775391
weighted_percent: 0.000000
evaluations: 30100
~
1444,1438,1440,1450,1442,1442,1442,1442,1442,1450,1462,1438,1440,1452,1452,1466,1444,1444,1452,1452,1468,1458,1464,1478,1478,1486,1466,1472,1472,1472,1482,1472,1478,1472,1470,1464,1462,1462,1492,1466,1470,1466,1466,1470,1456,1462,1462,1458,1456,1464,1478,1478,1472,1474,1470,1474,1482,1488,1478,1464,1478,1478,1480,1480,1484,1476,1476,1480,1480,1516,1520,1516,1512,1522,1522,1522,1514,1518,1518,1526,1528,1506,1504,1508,1524,1514,1516,1526,1538,1516,1530,1530,1530,1530,1530,1530,1530,1530,1530,1534,1540,1540,1540,1540,1540,1540,1540,1540,1540,1540,1540,1540,1540,1540,1540,1540,1540,1540,1550,1542,1552,1560,1564,1572,1572,1564,1574,1564,1564,1564,1566,1566,1566,1566,1566,1566,1576,1570,1570,1570,1570,1570,1570,1568,1568,1568,1568,1568,1568,1572,1568,1568,1568,1568,1568,1568,1568,1568,1568,1568,1568,1568,1572,1572,1572,1578,1578,1578,1578,1578,1578,1578,1578,1578,1578,1584,1576,1576,1576,1576,1576,1576,1576,1576,1576,1582,1576,1576,1576,1576,1576,1576,1576,1576,1574,1574,1584,1574,1574,1570,1570,1570,1556,1576,1552,1556,1562,1562,1562,1572,1572,1570,1570,1570,1570,1570,1570,1570,1570,1570,1570,1570,1578,1570,1570,1570,1556,1556,1564,1564,1564,1572,1564,1560,1560,1560,1560,1560,1578,1578,1582,1578,1580,1578,1578,1578,1578,1578,1578,1580,1580,1578,1578,1578,1578,1578,1578,1578,1578,1578,1578,1578,1578,1578,1578,1578,1578,1578,1578,1578,1578,1578,1578,1584,1578,1578,1580,1578,1578,1578,1578,1578,1582,1582,1582,1582,1584,1584,1584,1584,1584,1584,1584,1584,1588,1588,1588,1588,1588,1588,1588,
46634,46628,46636,46766,46638,46638,46638,46638,46638,47594,48812,47774,47884,48636,48636,50444,48380,48380,48620,50232,49764,50524,50548,51196,51196,51708,50692,50708,50708,50708,50868,50708,51236,50708,50812,50692,50684,50684,51444,50700,50708,50704,50704,50708,49796,50196,50196,49940,49700,50100,50996,50996,50720,50736,50260,53788,51248,51264,51216,51444,51216,51216,51468,51468,51500,51456,51456,51584,51584,55712,55728,55716,55788,55788,55788,55788,55724,55732,55732,55796,56140,56056,56548,56060,56080,56252,56256,56840,57352,56828,56844,56844,56844,56844,56844,56844,56844,56844,56844,56852,57360,57360,57360,57360,57360,57360,57360,57360,57360,57360,57360,57360,57360,57360,57360,57360,57360,57360,59116,59224,59124,59380,59446,59544,59496,59488,59596,59488,59488,59412,59460,59460,59460,59460,59460,59460,59700,59588,59588,59588,59588,59588,59588,59572,59572,59572,59572,59572,59572,59636,59572,59572,59572,59572,59572,59572,59572,59572,59492,59492,59492,59492,59500,59500,59500,59764,59764,59764,59764,59764,59764,59764,59764,59764,59764,59876,59748,59748,59748,59748,59748,59748,59748,59748,59748,59860,59748,59748,59748,59748,59748,59748,59748,59748,59740,59756,59872,59740,59740,59740,59740,59740,59722,59764,59716,59732,59736,59736,59736,59748,59748,59740,59740,59740,59740,59740,59740,59740,59740,59740,59740,59740,59868,59740,59740,59740,59732,59732,59744,59744,59744,59872,59744,59844,59844,59844,59844,59844,59868,59868,59884,59868,59884,59868,59868,59868,59868,59868,59868,59876,59876,59868,59868,59868,59868,59868,59868,59868,59868,59868,59868,59868,59868,59868,59868,59868,59868,59868,59868,59868,59868,59868,59868,59892,59868,59868,59876,59868,59868,59868,59868,59868,59900,59900,59900,59900,59926,59926,59926,59926,59926,59926,59926,59926,59932,59932,59932,59932,59932,59932,59932,
0.705078,0.702148,0.703125,0.708008,0.704102,0.704102,0.704102,0.704102,0.704102,0.708008,0.713867,0.702148,0.703125,0.708984,0.708984,0.715820,0.705078,0.705078,0.708984,0.708984,0.716797,0.711914,0.714844,0.721680,0.721680,0.725586,0.715820,0.718750,0.718750,0.718750,0.723633,0.718750,0.721680,0.718750,0.717773,0.714844,0.713867,0.713867,0.728516,0.715820,0.717773,0.715820,0.715820,0.717773,0.710938,0.713867,0.713867,0.711914,0.710938,0.714844,0.721680,0.721680,0.718750,0.719727,0.717773,0.719727,0.723633,0.726562,0.721680,0.714844,0.721680,0.721680,0.722656,0.722656,0.724609,0.720703,0.720703,0.722656,0.722656,0.740234,0.742188,0.740234,0.738281,0.743164,0.743164,0.743164,0.739258,0.741211,0.741211,0.745117,0.746094,0.735352,0.734375,0.736328,0.744141,0.739258,0.740234,0.745117,0.750977,0.740234,0.747070,0.747070,0.747070,0.747070,0.747070,0.747070,0.747070,0.747070,0.747070,0.749023,0.751953,0.751953,0.751953,0.751953,0.751953,0.751953,0.751953,0.751953,0.751953,0.751953,0.751953,0.751953,0.751953,0.751953,0.751953,0.751953,0.751953,0.751953,0.756836,0.752930,0.757812,0.761719,0.763672,0.767578,0.767578,0.763672,0.768555,0.763672,0.763672,0.763672,0.764648,0.764648,0.764648,0.764648,0.764648,0.764648,0.769531,0.766602,0.766602,0.766602,0.766602,0.766602,0.766602,0.765625,0.765625,0.765625,0.765625,0.765625,0.765625,0.767578,0.765625,0.765625,0.765625,0.765625,0.765625,0.765625,0.765625,0.765625,0.765625,0.765625,0.765625,0.765625,0.767578,0.767578,0.767578,0.770508,0.770508,0.770508,0.770508,0.770508,0.770508,0.770508,0.770508,0.770508,0.770508,0.773438,0.769531,0.769531,0.769531,0.769531,0.769531,0.769531,0.769531,0.769531,0.769531,0.772461,0.769531,0.769531,0.769531,0.769531,0.769531,0.769531,0.769531,0.769531,0.768555,0.768555,0.773438,0.768555,0.768555,0.766602,0.766602,0.766602,0.759766,0.769531,0.757812,0.759766,0.762695,0.762695,0.762695,0.767578,0.767578,0.766602,0.766602,0.766602,0.766602,0.766602,0.766602,0.766602,0.766602,0.766602,0.766602,0.766602,0.770508,0.766602,0.766602,0.766602,0.759766,0.759766,0.763672,0.763672,0.763672,0.767578,0.763672,0.761719,0.761719,0.761719,0.761719,0.761719,0.770508,0.770508,0.772461,0.770508,0.771484,0.770508,0.770508,0.770508,0.770508,0.770508,0.770508,0.771484,0.771484,0.770508,0.770508,0.770508,0.770508,0.770508,0.770508,0.770508,0.770508,0.770508,0.770508,0.770508,0.770508,0.770508,0.770508,0.770508,0.770508,0.770508,0.770508,0.770508,0.770508,0.770508,0.770508,0.773438,0.770508,0.770508,0.771484,0.770508,0.770508,0.770508,0.770508,0.770508,0.772461,0.772461,0.772461,0.772461,0.773438,0.773438,0.773438,0.773438,0.773438,0.773438,0.773438,0.773438,0.775391,0.775391,0.775391,0.775391,0.775391,0.775391,0.775391,
0.711578,0.711487,0.711609,0.713593,0.711639,0.711639,0.711639,0.711639,0.711639,0.726227,0.744812,0.728973,0.730652,0.742126,0.742126,0.769714,0.738220,0.738220,0.741882,0.766479,0.759338,0.770935,0.771301,0.781189,0.781189,0.789001,0.773499,0.773743,0.773743,0.773743,0.776184,0.773743,0.781799,0.773743,0.775330,0.773499,0.773376,0.773376,0.784973,0.773621,0.773743,0.773682,0.773682,0.773743,0.759827,0.765930,0.765930,0.762024,0.758362,0.764465,0.778137,0.778137,0.773926,0.774170,0.766907,0.820740,0.781982,0.782227,0.781494,0.784973,0.781494,0.781494,0.785339,0.785339,0.785828,0.785156,0.785156,0.787109,0.787109,0.850098,0.850342,0.850159,0.851257,0.851257,0.851257,0.851257,0.850281,0.850403,0.850403,0.851379,0.856628,0.855347,0.862854,0.855408,0.855713,0.858337,0.858398,0.867310,0.875122,0.867126,0.867371,0.867371,0.867371,0.867371,0.867371,0.867371,0.867371,0.867371,0.867371,0.867493,0.875244,0.875244,0.875244,0.875244,0.875244,0.875244,0.875244,0.875244,0.875244,0.875244,0.875244,0.875244,0.875244,0.875244,0.875244,0.875244,0.875244,0.875244,0.902039,0.903687,0.902161,0.906067,0.907074,0.908569,0.907837,0.907715,0.909363,0.907715,0.907715,0.906555,0.907288,0.907288,0.907288,0.907288,0.907288,0.907288,0.910950,0.909241,0.909241,0.909241,0.909241,0.909241,0.909241,0.908997,0.908997,0.908997,0.908997,0.908997,0.908997,0.909973,0.908997,0.908997,0.908997,0.908997,0.908997,0.908997,0.908997,0.908997,0.907776,0.907776,0.907776,0.907776,0.907898,0.907898,0.907898,0.911926,0.911926,0.911926,0.911926,0.911926,0.911926,0.911926,0.911926,0.911926,0.911926,0.913635,0.911682,0.911682,0.911682,0.911682,0.911682,0.911682,0.911682,0.911682,0.911682,0.913391,0.911682,0.911682,0.911682,0.911682,0.911682,0.911682,0.911682,0.911682,0.911560,0.911804,0.913574,0.911560,0.911560,0.911560,0.911560,0.911560,0.911285,0.911926,0.911194,0.911438,0.911499,0.911499,0.911499,0.911682,0.911682,0.911560,0.911560,0.911560,0.911560,0.911560,0.911560,0.911560,0.911560,0.911560,0.911560,0.911560,0.913513,0.911560,0.911560,0.911560,0.911438,0.911438,0.911621,0.911621,0.911621,0.913574,0.911621,0.913147,0.913147,0.913147,0.913147,0.913147,0.913513,0.913513,0.913757,0.913513,0.913757,0.913513,0.913513,0.913513,0.913513,0.913513,0.913513,0.913635,0.913635,0.913513,0.913513,0.913513,0.913513,0.913513,0.913513,0.913513,0.913513,0.913513,0.913513,0.913513,0.913513,0.913513,0.913513,0.913513,0.913513,0.913513,0.913513,0.913513,0.913513,0.913513,0.913513,0.913879,0.913513,0.913513,0.913635,0.913513,0.913513,0.913513,0.913513,0.913513,0.914001,0.914001,0.914001,0.914001,0.914398,0.914398,0.914398,0.914398,0.914398,0.914398,0.914398,0.914398,0.914490,0.914490,0.914490,0.914490,0.914490,0.914490,0.914490,
