kBasicLog: 1
kBreedEdges: 1
kBreedGates: 1
kBreedSample: 4
kBreedType: 1
kChildren: 100
kEvaluations: 30000
kGens: 100
kLegalGateTypes: 1
kLog: 1
kLogIter: 3
kMaxGenStagnation: 300
kMessUp: 0
kMutatePercent: 5
kMutationMode: 2
kMutations: 16
kPruneOrphans: 1
kSaveDotGraphs: 1
kSeed: 0
kThreads: 4
kThreshold: 1000
kTruthWeight: 1
columns: 10
rows: 7,7,7,7,7,7,7,7,7,1
goal_correct_count: 256
goal_total_count: 2048
goal_total_weighted_count: 65536
~
gates_used: 23
total_count: 1582
total_weighted_count: 0
percent: 0.772461
weighted_percent: 0.000000
evaluations: 30100
~
1442,1446,1446,1478,1482,1482,1478,1478,1478,1478,1478,1478,1478,1490,1478,1478,1478,1466,1478,1488,1492,1486,1488,1488,1488,1488,1488,1488,1490,1488,1488,1488,1494,1494,1492,1486,1486,1486,1466,1460,1484,1466,1476,1464,1464,1472,1472,1476,1464,1462,1462,1474,1462,1462,1462,1470,1462,1462,1462,1462,1462,1462,1454,1454,1454,1456,1454,1458,1466,1454,1458,1462,1462,1462,1462,1462,1462,1462,1462,1462,1468,1462,1478,1466,1484,1484,1484,1468,1468,1476,1476,1476,1476,1476,1476,1468,1522,1468,1468,1470,1470,1496,1496,1484,1476,1484,1484,1486,1478,1484,1490,1490,1490,1490,1490,1476,1474,1474,1506,1506,1496,1462,1450,1450,1500,1500,1500,1500,1480,1490,1480,1476,1520,1534,1532,1536,1526,1518,1510,1516,1506,1508,1524,1502,1518,1508,1522,1514,1526,1509,1498,1528,1518,1516,1546,1548,1552,1554,1566,1554,1556,1554,1558,1558,1558,1558,1564,1564,1564,1564,1564,1564,1564,1534,1560,1528,1538,1538,1542,1538,1538,1538,1538,1538,1540,1536,1550,1542,1558,1558,1558,1558,1558,1558,1580,1558,1558,1564,1558,1558,1558,1562,1558,1556,1556,1556,1556,1552,1552,1552,1552,1552,1558,1558,1558,1558,1552,1554,1546,1552,1552,1550,1550,1548,1548,1568,1570,1568,1568,1570,1570,1570,1566,1568,1576,1576,1576,1576,1576,1574,1574,1574,1574,1574,1574,1574,1574,1584,1574,1574,1574,1572,1572,1576,1584,1580,1576,1576,1576,1576,1576,1580,1576,1576,1576,1576,1576,1572,1572,1572,1572,1584,1578,1578,1578,1578,1578,1578,1578,1580,1578,1578,1582,1582,1582,1582,1582,1582,1582,1582,1582,1582,1582,1582,1582,1582,1582,1582,1582,1582,1582,
49692,49724,49724,52540,52604,52604,52572,52572,52572,52572,52572,52572,52572,54556,52572,52572,52572,53276,52572,53348,53380,53340,53348,53348,53348,53344,53344,53344,53348,53344,53344,53344,53348,53348,53900,53340,53340,53340,51164,50980,52772,51100,51492,51044,51044,51252,51300,51364,51204,51196,51196,51388,51196,51196,51196,51260,51196,51196,51196,51196,51196,51196,51100,51100,51100,51108,51100,51132,51356,51100,51164,51228,51356,51356,51356,51356,51356,51356,51356,51356,51428,51356,50704,50652,51684,51684,51684,51172,51172,51684,51684,51684,51684,51684,51684,51172,55260,51172,51172,51188,51188,51270,51270,51252,51284,51252,51252,54772,51292,51252,51288,51288,51288,51288,51288,48352,48344,48344,52440,52440,52280,48212,47212,47212,52340,52340,52340,52340,51276,52276,51280,51156,54236,55244,55228,55260,55156,52260,51238,51188,52132,52136,54184,53320,52258,52200,54236,52204,53260,52188,52264,54198,52214,54260,55246,55326,55366,55422,55806,55422,55442,55422,55438,55438,55438,55438,55630,55630,55630,55630,55630,55624,55624,55544,55464,55480,55492,55492,55652,55492,55492,55492,55492,55492,55500,55588,55512,55532,57580,57580,57580,57580,57580,57580,58092,57580,57580,57828,57580,57580,57580,57612,57580,57572,57572,57572,57572,57424,57424,57424,57424,57424,57520,57520,57520,57520,57424,57448,57436,57424,57508,57368,57364,57360,57360,59600,59868,59708,59708,59716,59716,59716,59652,59660,59916,59916,59916,59916,59916,59908,59908,59908,59908,59908,59908,59908,59908,60180,59908,59908,59908,59900,59900,59916,59980,59948,59916,59916,59916,59916,59916,59924,59916,59916,59916,59916,59916,59900,59900,59900,59900,60044,59948,59948,59948,59948,59972,59972,59972,59980,59972,59972,60036,60036,60036,60036,60036,60036,60036,60036,60036,60036,60036,60036,60036,60036,60036,60036,60036,60036,60036,
0.704102,0.706055,0.706055,0.721680,0.723633,0.723633,0.721680,0.721680,0.721680,0.721680,0.721680,0.721680,0.721680,0.727539,0.721680,0.721680,0.721680,0.715820,0.721680,0.726562,0.728516,0.725586,0.726562,0.726562,0.726562,0.726562,0.726562,0.726562,0.727539,0.726562,0.726562,0.726562,0.729492,0.729492,0.728516,0.725586,0.725586,0.725586,0.715820,0.712891,0.724609,0.715820,0.720703,0.714844,0.714844,0.718750,0.718750,0.720703,0.714844,0.713867,0.713867,0.719727,0.713867,0.713867,0.713867,0.717773,0.713867,0.713867,0.713867,0.713867,0.713867,0.713867,0.709961,0.709961,0.709961,0.710938,0.709961,0.711914,0.715820,0.709961,0.711914,0.713867,0.713867,0.713867,0.713867,0.713867,0.713867,0.713867,0.713867,0.713867,0.716797,0.713867,0.721680,0.715820,0.724609,0.724609,0.724609,0.716797,0.716797,0.720703,0.720703,0.720703,0.720703,0.720703,0.720703,0.716797,0.743164,0.716797,0.716797,0.717773,0.717773,0.730469,0.730469,0.724609,0.720703,0.724609,0.724609,0.725586,0.721680,0.724609,0.727539,0.727539,0.727539,0.727539,0.727539,0.720703,0.719727,0.719727,0.735352,0.735352,0.730469,0.713867,0.708008,0.708008,0.732422,0.732422,0.732422,0.732422,0.722656,0.727539,0.722656,0.720703,0.742188,0.749023,0.748047,0.750000,0.745117,0.741211,0.737305,0.740234,0.735352,0.736328,0.744141,0.733398,0.741211,0.736328,0.743164,0.739258,0.745117,0.736816,0.731445,0.746094,0.741211,0.740234,0.754883,0.755859,0.757812,0.758789,0.764648,0.758789,0.759766,0.758789,0.760742,0.760742,0.760742,0.760742,0.763672,0.763672,0.763672,0.763672,0.763672,0.763672,0.763672,0.749023,0.761719,0.746094,0.750977,0.750977,0.752930,0.750977,0.750977,0.750977,0.750977,0.750977,0.751953,0.750000,0.756836,0.752930,0.760742,0.760742,0.760742,0.760742,0.760742,0.760742,0.771484,0.760742,0.760742,0.763672,0.760742,0.760742,0.760742,0.762695,0.760742,0.759766,0.759766,0.759766,0.759766,0.757812,0.757812,0.757812,0.757812,0.757812,0.760742,0.760742,0.760742,0.760742,0.757812,0.758789,0.754883,0.757812,0.757812,0.756836,0.756836,0.755859,0.755859,0.765625,0.766602,0.765625,0.765625,0.766602,0.766602,0.766602,0.764648,0.765625,0.769531,0.769531,0.769531,0.769531,0.769531,0.768555,0.768555,0.768555,0.768555,0.768555,0.768555,0.768555,0.768555,0.773438,0.768555,0.768555,0.768555,0.767578,0.767578,0.769531,0.773438,0.771484,0.769531,0.769531,0.769531,0.769531,0.769531,0.771484,0.769531,0.769531,0.769531,0.769531,0.769531,0.767578,0.767578,0.767578,0.767578,0.773438,0.770508,0.770508,0.770508,0.770508,0.770508,0.770508,0.770508,0.771484,0.770508,0.770508,0.772461,0.772461,0.772461,0.772461,0.772461,0.772461,0.772461,0.772461,0.772461,0.772461,0.772461,0.772461,0.772461,0.772461,0.772461,0.772461,0.772461,0.772461,0.772461,
0.758240,0.758728,0.758728,0.801697,0.802673,0.802673,0.802185,0.802185,0.802185,0.802185,0.802185,0.802185,0.802185,0.832458,0.802185,0.802185,0.802185,0.812927,0.802185,0.814026,0.814514,0.813904,0.814026,0.814026,0.814026,0.813965,0.813965,0.813965,0.814026,0.813965,0.813965,0.813965,0.814026,0.814026,0.822449,0.813904,0.813904,0.813904,0.780701,0.777893,0.805237,0.779724,0.785706,0.778870,0.778870,0.782043,0.782776,0.783752,0.781311,0.781189,0.781189,0.784119,0.781189,0.781189,0.781189,0.782166,0.781189,0.781189,0.781189,0.781189,0.781189,0.781189,0.779724,0.779724,0.779724,0.779846,0.779724,0.780212,0.783630,0.779724,0.780701,0.781677,0.783630,0.783630,0.783630,0.783630,0.783630,0.783630,0.783630,0.783630,0.784729,0.783630,0.773682,0.772888,0.788635,0.788635,0.788635,0.780823,0.780823,0.788635,0.788635,0.788635,0.788635,0.788635,0.788635,0.780823,0.843201,0.780823,0.780823,0.781067,0.781067,0.782318,0.782318,0.782043,0.782532,0.782043,0.782043,0.835754,0.782654,0.782043,0.782593,0.782593,0.782593,0.782593,0.782593,0.737793,0.737671,0.737671,0.800171,0.800171,0.797729,0.735657,0.720398,0.720398,0.798645,0.798645,0.798645,0.798645,0.782410,0.797668,0.782471,0.780579,0.827576,0.842957,0.842712,0.843201,0.841614,0.797424,0.781830,0.781067,0.795471,0.795532,0.826782,0.813599,0.797394,0.796509,0.827576,0.796570,0.812683,0.796326,0.797485,0.826996,0.796722,0.827942,0.842987,0.844208,0.844818,0.845673,0.851532,0.845673,0.845978,0.845673,0.845917,0.845917,0.845917,0.845917,0.848846,0.848846,0.848846,0.848846,0.848846,0.848755,0.848755,0.847534,0.846313,0.846558,0.846741,0.846741,0.849182,0.846741,0.846741,0.846741,0.846741,0.846741,0.846863,0.848206,0.847046,0.847351,0.878601,0.878601,0.878601,0.878601,0.878601,0.878601,0.886414,0.878601,0.878601,0.882385,0.878601,0.878601,0.878601,0.879089,0.878601,0.878479,0.878479,0.878479,0.878479,0.876221,0.876221,0.876221,0.876221,0.876221,0.877686,0.877686,0.877686,0.877686,0.876221,0.876587,0.876404,0.876221,0.877502,0.875366,0.875305,0.875244,0.875244,0.909424,0.913513,0.911072,0.911072,0.911194,0.911194,0.911194,0.910217,0.910339,0.914246,0.914246,0.914246,0.914246,0.914246,0.914124,0.914124,0.914124,0.914124,0.914124,0.914124,0.914124,0.914124,0.918274,0.914124,0.914124,0.914124,0.914001,0.914001,0.914246,0.915222,0.914734,0.914246,0.914246,0.914246,0.914246,0.914246,0.914368,0.914246,0.914246,0.914246,0.914246,0.914246,0.914001,0.914001,0.914001,0.914001,0.916199,0.914734,0.914734,0.914734,0.914734,0.915100,0.915100,0.915100,0.915222,0.915100,0.915100,0.916077,0.916077,0.916077,0.916077,0.916077,0.916077,0.916077,0.916077,0.916077,0.916077,0.916077,0.916077,0.916077,0.916077,0.916077,0.916077,0.916077,0.916077,0.916077,
