kBasicLog: 1
kBreedEdges: 1
kBreedGates: 1
kBreedSample: 4
kBreedType: 0
kChildren: 100
kEvaluations: 50000
kGens: 100
kLegalGateTypes: 1
kLog: 1
kLogIter: 1
kMaxGenStagnation: 300
kMessUp: 0
kMutatePercent: 2
kMutationMode: 1
kMutations: 16
kPruneOrphans: 1
kSaveDotGraphs: 1
kSeed: 0
kThreads: 4
kThreshold: 1000
kTruthWeight: 1
columns: 13
rows: 5,5,5,5,5,5,5,5,5,5,5,5,4
goal_correct_count: 256
goal_total_count: 2048
goal_total_weighted_count: 65536
~
gates_used: 33
total_count: 1656
total_weighted_count: 0
percent: 0.808594
weighted_percent: 0.000000
evaluations: 50100
~
1440,1452,1488,1496,1506,1538,1538,1542,1546,1550,1554,1558,1558,1564,1564,1564,1564,1564,1564,1568,1568,1568,1568,1568,1568,1568,1568,1568,1578,1580,1580,1580,1580,1580,1580,1580,1580,1580,1580,1580,1580,1580,1580,1586,1588,1588,1588,1590,1590,1590,1590,1590,1592,1592,1592,1592,1592,1592,1592,1592,1592,1592,1592,1592,1592,1596,1596,1598,1598,1598,1598,1598,1598,1598,1598,1598,1598,1598,1598,1598,1598,1598,1598,1598,1598,1598,1598,1598,1598,1598,1598,1598,1600,1600,1600,1600,1600,1600,1600,1600,1600,1600,1600,1600,1600,1600,1600,1600,1600,1600,1600,1600,1600,1600,1600,1600,1600,1600,1600,1600,1600,1600,1600,1600,1600,1600,1600,1600,1600,1600,1600,1600,1600,1600,1600,1600,1600,1600,1600,1600,1600,1600,1600,1600,1602,1602,1602,1602,1602,1602,1602,1602,1602,1602,1602,1602,1602,1606,1606,1606,1606,1606,1618,1618,1618,1618,1618,1618,1618,1618,1618,1618,1618,1618,1618,1618,1618,1618,1622,1622,1622,1624,1626,1626,1626,1626,1626,1626,1626,1626,1630,1630,1630,1630,1630,1630,1630,1630,1630,1630,1630,1630,1630,1630,1630,1630,1630,1630,1630,1630,1630,1630,1630,1630,1630,1630,1630,1630,1630,1630,1630,1630,1630,1630,1630,1630,1630,1630,1630,1630,1630,1630,1630,1630,1630,1630,1630,1630,1630,1630,1630,1630,1630,1630,1630,1630,1630,1630,1630,1630,1630,1630,1630,1630,1630,1630,1630,1630,1630,1630,1630,1630,1630,1630,1630,1630,1630,1630,1630,1630,1630,1630,1630,1630,1630,1630,1630,1630,1630,1630,1630,1630,1630,1630,1630,1630,1630,1630,1630,1632,1632,1632,1634,1634,1634,1634,1634,1634,1634,1634,1634,1634,1634,1634,1634,1634,1634,1634,1634,1634,1634,1634,1634,1634,1634,1634,1642,1642,1642,1642,1642,1642,1642,1642,1642,1642,1642,1642,1642,1642,1648,1648,1648,1648,1652,1656,1656,1656,1656,1656,1656,1656,1656,1656,1656,1656,1656,1656,1656,1656,1656,1656,1656,1656,1656,1656,1656,1656,1656,1656,1656,1656,1656,1656,1656,1656,1656,1656,1656,1656,1656,1656,1656,1656,1656,1656,1656,1656,1656,1656,1656,1656,1656,1656,1656,1656,1656,1656,1656,1656,1656,1656,1656,1656,1656,1656,1656,1656,1656,1656,1656,1656,1656,1656,1656,1656,1656,1656,1656,1656,1656,1656,1656,1656,1656,1656,1656,1656,1656,1656,1656,1656,1656,1656,1656,1656,1656,1656,1656,1656,1656,1656,1656,1656,1656,1656,1656,1656,1656,1656,1656,1656,1656,1656,1656,1656,1656,1656,1656,1656,1656,1656,1656,1656,1656,1656,1656,1656,1656,1656,1656,1656,1656,1656,1656,1656,1656,1656,1656,1656,1656,1656,1656,1656,1656,1656,1656,1656,1656,1656,1656,1656,1656,1656,1656,1656,1656,1656,1656,1656,1656,1656,1656,1656,1656,1656,1656,1656,1656,1656,1656,
47388,48380,52512,52576,53532,57628,57628,57692,57724,57788,57820,57852,57852,57876,57876,57876,57876,57876,57876,57892,57892,57892,57892,57892,57892,57892,57892,57892,58660,58868,58868,58868,58868,58868,58868,58868,58868,58868,58868,58868,58868,58868,58868,58904,58932,58932,58932,58936,58936,58936,58936,58936,59060,59060,59060,59060,59060,59060,59060,59060,59060,59060,59060,59060,59060,59188,59188,59192,59192,59192,59192,59192,59192,59192,59192,59192,59192,59192,59192,59192,59192,59192,59192,59192,59192,59192,59192,59192,59192,59192,59192,59192,59196,59196,59196,59196,59196,59196,59196,59196,59196,59196,59196,59196,59196,59196,59196,59196,59196,59196,59196,59196,59196,59196,59196,59196,59196,59196,59196,59196,59196,59196,59196,59196,59196,59196,59196,59196,59196,59196,59196,59196,59196,59196,59196,59196,59196,59196,59196,59196,59196,59196,59196,59196,59200,59200,59200,59200,59200,59200,59200,59200,59200,59200,59200,59200,59200,59208,59208,59208,59208,59208,59232,59232,59232,59232,59232,59232,59232,59232,59232,59232,59232,59232,59232,59232,59232,59232,59296,59296,59296,59408,59424,59424,59424,59424,59424,59424,59424,59424,59552,59552,59552,59552,59552,59552,59552,59552,59552,59552,59552,59552,59552,59552,59552,59552,59552,59552,59552,59552,59552,59552,59552,59552,59552,59552,59552,59552,59552,59552,59552,59552,59552,59552,59552,59552,59552,59552,59552,59552,59552,59552,59552,59552,59552,59552,59552,59552,59552,59552,59552,59552,59552,59552,59552,59552,59552,59552,59552,59552,59552,59552,59552,59552,59552,59552,59552,59552,59552,59552,59552,59552,59552,59552,59552,59552,59552,59552,59552,59552,59552,59552,59552,59552,59552,59552,59552,59552,59552,59552,59552,59552,59552,59552,59552,59552,59552,59552,59552,59664,59664,59664,59680,59680,59680,59680,59680,59680,59680,59680,59680,59680,59680,59680,59680,59680,59680,59680,59680,59680,59680,59680,59680,59680,59680,59680,60448,60448,60448,60448,60448,60448,60448,60448,60448,60448,60448,60448,60448,60448,60704,60704,60704,60704,60832,60896,60896,60896,60896,60896,60896,60896,60896,60896,60896,60896,60896,60896,60896,60896,60896,60896,60896,60896,60896,60896,60896,60896,60896,60896,60896,60896,60896,60896,60896,60896,60896,60896,60896,60896,60896,60896,60896,60896,60896,60896,60896,60896,60896,60896,60896,60896,60896,60896,60896,60896,60896,60896,60896,60896,60896,60896,60896,60896,60896,60896,60896,60896,60896,60896,60896,60896,60896,60896,60896,60896,60896,60896,60896,60896,60896,60896,60896,60896,60896,60896,60896,60896,60896,60896,60896,60896,60896,60896,60896,60896,60896,60896,60896,60896,60896,60896,60896,60896,60896,60896,60896,60896,60896,60896,60896,60896,60896,60896,60896,60896,60896,60896,60896,60896,60896,60896,60896,60896,60896,60896,60896,60896,60896,60896,60896,60896,60896,60896,60896,60896,60896,60896,60896,60896,60896,60896,60896,60896,60896,60896,60896,60896,60896,60896,60896,60896,60896,60896,60896,60896,60896,60896,60896,60896,60896,60896,60896,60896,60896,60896,60896,60896,60896,60896,60896,
0.703125,0.708984,0.726562,0.730469,0.735352,0.750977,0.750977,0.752930,0.754883,0.756836,0.758789,0.760742,0.760742,0.763672,0.763672,0.763672,0.763672,0.763672,0.763672,0.765625,0.765625,0.765625,0.765625,0.765625,0.765625,0.765625,0.765625,0.765625,0.770508,0.771484,0.771484,0.771484,0.771484,0.771484,0.771484,0.771484,0.771484,0.771484,0.771484,0.771484,0.771484,0.771484,0.771484,0.774414,0.775391,0.775391,0.775391,0.776367,0.776367,0.776367,0.776367,0.776367,0.777344,0.777344,0.777344,0.777344,0.777344,0.777344,0.777344,0.777344,0.777344,0.777344,0.777344,0.777344,0.777344,0.779297,0.779297,0.780273,0.780273,0.780273,0.780273,0.780273,0.780273,0.780273,0.780273,0.780273,0.780273,0.780273,0.780273,0.780273,0.780273,0.780273,0.780273,0.780273,0.780273,0.780273,0.780273,0.780273,0.780273,0.780273,0.780273,0.780273,0.781250,0.781250,0.781250,0.781250,0.781250,0.781250,0.781250,0.781250,0.781250,0.781250,0.781250,0.781250,0.781250,0.781250,0.781250,0.781250,0.781250,0.781250,0.781250,0.781250,0.781250,0.781250,0.781250,0.781250,0.781250,0.781250,0.781250,0.781250,0.781250,0.781250,0.781250,0.781250,0.781250,0.781250,0.781250,0.781250,0.781250,0.781250,0.781250,0.781250,0.781250,0.781250,0.781250,0.781250,0.781250,0.781250,0.781250,0.781250,0.781250,0.781250,0.781250,0.781250,0.782227,0.782227,0.782227,0.782227,0.782227,0.782227,0.782227,0.782227,0.782227,0.782227,0.782227,0.782227,0.782227,0.784180,0.784180,0.784180,0.784180,0.784180,0.790039,0.790039,0.790039,0.790039,0.790039,0.790039,0.790039,0.790039,0.790039,0.790039,0.790039,0.790039,0.790039,0.790039,0.790039,0.790039,0.791992,0.791992,0.791992,0.792969,0.793945,0.793945,0.793945,0.793945,0.793945,0.793945,0.793945,0.793945,0.795898,0.795898,0.795898,0.795898,0.795898,0.795898,0.795898,0.795898,0.795898,0.795898,0.795898,0.795898,0.795898,0.795898,0.795898,0.795898,0.795898,0.795898,0.795898,0.795898,0.795898,0.795898,0.795898,0.795898,0.795898,0.795898,0.795898,0.795898,0.795898,0.795898,0.795898,0.795898,0.795898,0.795898,0.795898,0.795898,0.795898,0.795898,0.795898,0.795898,0.795898,0.795898,0.795898,0.795898,0.795898,0.795898,0.795898,0.795898,0.795898,0.795898,0.795898,0.795898,0.795898,0.795898,0.795898,0.795898,0.795898,0.795898,0.795898,0.795898,0.795898,0.795898,0.795898,0.795898,0.795898,0.795898,0.795898,0.795898,0.795898,0.795898,0.795898,0.795898,0.795898,0.795898,0.795898,0.795898,0.795898,0.795898,0.795898,0.795898,0.795898,0.795898,0.795898,0.795898,0.795898,0.795898,0.795898,0.795898,0.795898,0.795898,0.795898,0.795898,0.795898,0.795898,0.795898,0.795898,0.795898,0.795898,0.795898,0.796875,0.796875,0.796875,0.797852,0.797852,0.797852,0.797852,0.797852,0.797852,0.797852,0.797852,0.797852,0.797852,0.797852,0.797852,0.797852,0.797852,0.797852,0.797852,0.797852,0.797852,0.797852,0.797852,0.797852,0.797852,0.797852,0.797852,0.801758,0.801758,0.801758,0.801758,0.801758,0.801758,0.801758,0.801758,0.801758,0.801758,0.801758,0.801758,0.801758,0.801758,0.804688,0.804688,0.804688,0.804688,0.806641,0.808594,0.808594,0.808594,0.808594,0.808594,0.808594,0.808594,0.808594,0.808594,0.808594,0.808594,0.808594,0.808594,0.808594,0.808594,0.808594,0.808594,0.808594,0.808594,0.808594,0.808594,0.808594,0.808594,0.808594,0.808594,0.808594,0.808594,0.808594,0.808594,0.808594,0.808594,0.808594,0.808594,0.808594,0.808594,0.808594,0.808594,0.808594,0.808594,0.808594,0.808594,0.808594,0.808594,0.808594,0.808594,0.808594,0.808594,0.808594,0.808594,0.808594,0.808594,0.808594,0.808594,0.808594,0.808594,0.808594,0.808594,0.808594,0.808594,0.808594,0.808594,0.808594,0.808594,0.808594,0.808594,0.808594,0.808594,0.808594,0.808594,0.808594,0.808594,0.808594,0.808594,0.808594,0.808594,0.808594,0.808594,0.808594,0.808594,0.808594,0.808594,0.808594,0.808594,0.808594,0.808594,0.808594,0.808594,0.808594,0.808594,0.808594,0.808594,0.808594,0.808594,0.808594,0.808594,0.808594,0.808594,0.808594,0.808594,0.808594,0.808594,0.808594,0.808594,0.808594,0.808594,0.808594,0.808594,0.808594,0.808594,0.808594,0.808594,0.808594,0.808594,0.808594,0.808594,0.808594,0.808594,0.808594,0.808594,0.808594,0.808594,0.808594,0.808594,0.808594,0.808594,0.808594,0.808594,0.808594,0.808594,0.808594,0.808594,0.808594,0.808594,0.808594,0.808594,0.808594,0.808594,0.808594,0.808594,0.808594,0.808594,0.808594,0.808594,0.808594,0.808594,0.808594,0.808594,0.808594,0.808594,0.808594,0.808594,0.808594,0.808594,0.808594,0.808594,0.808594,0.808594,0.808594,0.808594,0.808594,0.808594,0.808594,0.808594,0.808594,0.808594,0.808594,
0.723083,0.738220,0.801270,0.802246,0.816833,0.879333,0.879333,0.880310,0.880798,0.881775,0.882263,0.882751,0.882751,0.883118,0.883118,0.883118,0.883118,0.883118,0.883118,0.883362,0.883362,0.883362,0.883362,0.883362,0.883362,0.883362,0.883362,0.883362,0.895081,0.898254,0.898254,0.898254,0.898254,0.898254,0.898254,0.898254,0.898254,0.898254,0.898254,0.898254,0.898254,0.898254,0.898254,0.898804,0.899231,0.899231,0.899231,0.899292,0.899292,0.899292,0.899292,0.899292,0.901184,0.901184,0.901184,0.901184,0.901184,0.901184,0.901184,0.901184,0.901184,0.901184,0.901184,0.901184,0.901184,0.903137,0.903137,0.903198,0.903198,0.903198,0.903198,0.903198,0.903198,0.903198,0.903198,0.903198,0.903198,0.903198,0.903198,0.903198,0.903198,0.903198,0.903198,0.903198,0.903198,0.903198,0.903198,0.903198,0.903198,0.903198,0.903198,0.903198,0.903259,0.903259,0.903259,0.903259,0.903259,0.903259,0.903259,0.903259,0.903259,0.903259,0.903259,0.903259,0.903259,0.903259,0.903259,0.903259,0.903259,0.903259,0.903259,0.903259,0.903259,0.903259,0.903259,0.903259,0.903259,0.903259,0.903259,0.903259,0.903259,0.903259,0.903259,0.903259,0.903259,0.903259,0.903259,0.903259,0.903259,0.903259,0.903259,0.903259,0.903259,0.903259,0.903259,0.903259,0.903259,0.903259,0.903259,0.903259,0.903259,0.903259,0.903259,0.903259,0.903320,0.903320,0.903320,0.903320,0.903320,0.903320,0.903320,0.903320,0.903320,0.903320,0.903320,0.903320,0.903320,0.903442,0.903442,0.903442,0.903442,0.903442,0.903809,0.903809,0.903809,0.903809,0.903809,0.903809,0.903809,0.903809,0.903809,0.903809,0.903809,0.903809,0.903809,0.903809,0.903809,0.903809,0.904785,0.904785,0.904785,0.906494,0.906738,0.906738,0.906738,0.906738,0.906738,0.906738,0.906738,0.906738,0.908691,0.908691,0.908691,0.908691,0.908691,0.908691,0.908691,0.908691,0.908691,0.908691,0.908691,0.908691,0.908691,0.908691,0.908691,0.908691,0.908691,0.908691,0.908691,0.908691,0.908691,0.908691,0.908691,0.908691,0.908691,0.908691,0.908691,0.908691,0.908691,0.908691,0.908691,0.908691,0.908691,0.908691,0.908691,0.908691,0.908691,0.908691,0.908691,0.908691,0.908691,0.908691,0.908691,0.908691,0.908691,0.908691,0.908691,0.908691,0.908691,0.908691,0.908691,0.908691,0.908691,0.908691,0.908691,0.908691,0.908691,0.908691,0.908691,0.908691,0.908691,0.908691,0.908691,0.908691,0.908691,0.908691,0.908691,0.908691,0.908691,0.908691,0.908691,0.908691,0.908691,0.908691,0.908691,0.908691,0.908691,0.908691,0.908691,0.908691,0.908691,0.908691,0.908691,0.908691,0.908691,0.908691,0.908691,0.908691,0.908691,0.908691,0.908691,0.908691,0.908691,0.908691,0.908691,0.908691,0.908691,0.908691,0.908691,0.910400,0.910400,0.910400,0.910645,0.910645,0.910645,0.910645,0.910645,0.910645,0.910645,0.910645,0.910645,0.910645,0.910645,0.910645,0.910645,0.910645,0.910645,0.910645,0.910645,0.910645,0.910645,0.910645,0.910645,0.910645,0.910645,0.910645,0.922363,0.922363,0.922363,0.922363,0.922363,0.922363,0.922363,0.922363,0.922363,0.922363,0.922363,0.922363,0.922363,0.922363,0.926270,0.926270,0.926270,0.926270,0.928223,0.929199,0.929199,0.929199,0.929199,0.929199,0.929199,0.929199,0.929199,0.929199,0.929199,0.929199,0.929199,0.929199,0.929199,0.929199,0.929199,0.929199,0.929199,0.929199,0.929199,0.929199,0.929199,0.929199,0.929199,0.929199,0.929199,0.929199,0.929199,0.929199,0.929199,0.929199,0.929199,0.929199,0.929199,0.929199,0.929199,0.929199,0.929199,0.929199,0.929199,0.929199,0.929199,0.929199,0.929199,0.929199,0.929199,0.929199,0.929199,0.929199,0.929199,0.929199,0.929199,0.929199,0.929199,0.929199,0.929199,0.929199,0.929199,0.929199,0.929199,0.929199,0.929199,0.929199,0.929199,0.929199,0.929199,0.929199,0.929199,0.929199,0.929199,0.929199,0.929199,0.929199,0.929199,0.929199,0.929199,0.929199,0.929199,0.929199,0.929199,0.929199,0.929199,0.929199,0.929199,0.929199,0.929199,0.929199,0.929199,0.929199,0.929199,0.929199,0.929199,0.929199,0.929199,0.929199,0.929199,0.929199,0.929199,0.929199,0.929199,0.929199,0.929199,0.929199,0.929199,0.929199,0.929199,0.929199,0.929199,0.929199,0.929199,0.929199,0.929199,0.929199,0.929199,0.929199,0.929199,0.929199,0.929199,0.929199,0.929199,0.929199,0.929199,0.929199,0.929199,0.929199,0.929199,0.929199,0.929199,0.929199,0.929199,0.929199,0.929199,0.929199,0.929199,0.929199,0.929199,0.929199,0.929199,0.929199,0.929199,0.929199,0.929199,0.929199,0.929199,0.929199,0.929199,0.929199,0.929199,0.929199,0.929199,0.929199,0.929199,0.929199,0.929199,0.929199,0.929199,0.929199,0.929199,0.929199,0.929199,0.929199,0.929199,0.929199,0.929199,0.929199,0.929199,
