kBasicLog: 1
kBreedEdges: 1
kBreedGates: 1
kBreedSample: 4
kBreedType: 0
kChildren: 100
kEvaluations: 50000
kGens: 100
kLegalGateTypes: 1
kLog: 1
kLogIter: 2
kMaxGenStagnation: 300
kMessUp: 0
kMutatePercent: 2
kMutationMode: 1
kMutations: 16
kPruneOrphans: 1
kSaveDotGraphs: 1
kSeed: 0
kThreads: 4
kThreshold: 1000
kTruthWeight: 1
columns: 13
rows: 5,5,5,5,5,5,5,5,5,5,5,5,4
goal_correct_count: 256
goal_total_count: 2048
goal_total_weighted_count: 65536
~
gates_used: 36
total_count: 1704
total_weighted_count: 0
percent: 0.832031
weighted_percent: 0.000000
evaluations: 50100
~
1446,1486,1494,1504,1512,1518,1522,1540,1544,1548,1556,1560,1560,1560,1560,1560,1564,1564,1570,1570,1576,1576,1576,1576,1580,1580,1580,1596,1596,1596,1600,1604,1604,1606,1606,1606,1606,1606,1606,1610,1610,1611,1613,1620,1620,1620,1620,1620,1620,1620,1620,1620,1620,1620,1626,1626,1626,1626,1626,1626,1626,1626,1626,1626,1626,1626,1626,1626,1626,1626,1626,1638,1638,1638,1638,1638,1638,1638,1638,1638,1638,1638,1638,1638,1638,1638,1638,1638,1638,1638,1638,1638,1638,1638,1640,1640,1640,1640,1640,1640,1640,1640,1640,1640,1640,1640,1640,1640,1640,1640,1640,1640,1640,1640,1640,1640,1644,1644,1644,1644,1644,1644,1644,1644,1652,1652,1652,1652,1652,1652,1652,1652,1652,1652,1652,1652,1652,1652,1652,1652,1654,1654,1654,1654,1654,1654,1654,1654,1654,1654,1654,1654,1654,1654,1654,1654,1654,1654,1654,1654,1654,1654,1654,1654,1654,1654,1654,1654,1654,1654,1654,1654,1654,1654,1654,1654,1654,1654,1654,1654,1654,1654,1654,1654,1654,1654,1654,1654,1654,1654,1654,1654,1656,1656,1656,1658,1658,1658,1658,1658,1666,1666,1666,1666,1666,1666,1666,1666,1666,1666,1666,1666,1666,1666,1666,1666,1666,1666,1666,1666,1666,1666,1666,1666,1666,1666,1666,1666,1666,1666,1666,1666,1666,1666,1666,1666,1666,1666,1666,1666,1666,1666,1666,1666,1666,1666,1666,1666,1666,1666,1666,1666,1666,1666,1666,1666,1666,1666,1666,1666,1666,1666,1666,1666,1666,1666,1666,1666,1666,1666,1666,1666,1666,1666,1666,1666,1666,1666,1666,1666,1666,1668,1668,1668,1668,1668,1668,1668,1668,1668,1668,1668,1668,1668,1668,1668,1668,1668,1668,1668,1668,1668,1668,1668,1670,1670,1670,1672,1676,1676,1676,1676,1676,1676,1676,1676,1676,1676,1676,1676,1676,1676,1676,1676,1676,1676,1682,1682,1682,1682,1682,1682,1682,1682,1682,1682,1682,1682,1682,1682,1682,1682,1682,1682,1682,1682,1682,1682,1682,1682,1682,1682,1682,1682,1682,1682,1682,1682,1682,1682,1682,1682,1692,1692,1692,1692,1692,1692,1692,1692,1696,1696,1696,1696,1696,1696,1696,1696,1696,1696,1696,1696,1696,1696,1696,1696,1702,1702,1702,1702,1702,1702,1702,1702,1702,1702,1702,1702,1702,1702,1702,1702,1702,1702,1702,1702,1702,1702,1702,1702,1702,1702,1702,1702,1702,1702,1702,1702,1702,1704,1704,1704,1704,1704,1704,1704,1704,1704,1704,1704,1704,1704,1704,1704,1704,1704,1704,1704,1704,1704,1704,1704,1704,1704,1704,1704,1704,1704,1704,1704,1704,1704,1704,1704,1704,1704,1704,1704,1704,1704,1704,1704,1704,1704,1704,1704,1704,1704,1704,1704,1704,1704,1704,1704,1704,1704,1704,1704,1704,1704,1704,1704,1704,1704,1704,1704,1704,1704,1704,1704,1704,1704,1704,1704,1704,1704,1704,1704,1704,1704,1704,
51692,54300,54364,54828,55340,55388,55404,56948,57268,57204,57332,57460,57460,57460,57460,57460,57588,57588,57836,57836,57860,57860,57860,57860,57988,57988,57988,60036,60036,60036,60164,60292,60292,60296,60296,60296,60296,60296,60296,60304,60304,60330,60338,60352,60352,60352,60352,60352,60352,60352,60352,60352,60352,60352,60364,60364,60364,60364,60364,60364,60364,60364,60364,60364,60364,60364,60364,60364,60364,60364,60364,60556,60556,60556,60556,60556,60556,60556,60556,60556,60556,60556,60556,60556,60556,60556,60556,60556,60556,60556,60556,60556,60556,60556,60560,60560,60560,60560,60560,60560,60560,60560,60560,60560,60560,60560,60560,60560,60560,60560,60560,60560,60560,60560,60560,60560,60680,60680,60680,60680,60680,60680,60680,60680,60696,60696,60696,60696,60696,60696,60696,60696,60696,60696,60696,60696,60696,60696,60696,60696,60700,60700,60700,60700,60700,60700,60700,60700,60700,60700,60700,60700,60700,60700,60700,60700,60700,60700,60700,60700,60700,60700,60700,60700,60700,60700,60700,60700,60700,60700,60700,60700,60700,60700,60700,60700,60700,60700,60700,60700,60700,60700,60700,60700,60700,60700,60700,60700,60700,60700,60700,60700,60712,60712,60712,60720,60720,60720,60720,60720,60736,60736,60736,60736,60736,60736,60736,60736,60736,60736,60736,60736,60736,60736,60736,60736,60736,60736,60736,60736,60736,60736,60736,60736,60736,60736,60736,60736,60736,60736,60736,60736,60736,60736,60736,60736,60736,60736,60736,60736,60736,60736,60736,60736,60736,60736,60736,60736,60736,60736,60736,60736,60736,60736,60736,60736,60736,60736,60736,60736,60736,60736,60736,60736,60736,60736,60736,60736,60736,60736,60736,60736,60736,60736,60736,60736,60736,60736,60736,60736,60736,60744,60744,60744,60744,60744,60744,60744,60744,60744,60744,60744,60744,60744,60744,60744,60744,60744,60744,60744,60744,60744,60744,60744,60746,60746,60746,60762,60794,60794,60794,60794,60794,60794,60794,60794,60794,60794,60794,60794,60794,60794,60794,60794,60794,60794,60800,60800,60800,60800,60800,60800,60800,60800,60800,60800,60800,60800,60800,60800,60800,60800,60800,60800,60800,60800,60800,60800,60800,60800,60800,60800,60800,60800,60800,60800,60800,60800,60800,60800,60800,60800,60880,60880,60880,60880,60880,60880,60880,60880,61008,61008,61008,61008,61008,61008,61008,61008,61008,61008,61008,61008,61008,61008,61008,61008,61014,61014,61014,61014,61014,61014,61014,61014,61014,61014,61014,61014,61014,61014,61014,61014,61014,61014,61014,61014,61014,61014,61014,61014,61014,61014,61014,61014,61014,61014,61014,61014,61014,61016,61016,61016,61016,61016,61016,61016,61016,61016,61016,61016,61016,61016,61016,61016,61016,61016,61016,61016,61016,61016,61016,61016,61016,61016,61016,61016,61016,61016,61016,61016,61016,61016,61016,61016,61016,61016,61016,61016,61016,61016,61016,61016,61016,61016,61016,61016,61016,61016,61016,61016,61016,61016,61016,61016,61016,61016,61016,61016,61016,61016,61016,61016,61016,61016,61016,61016,61016,61016,61016,61016,61016,61016,61016,61016,61016,61016,61016,61016,61016,61016,61016,
0.706055,0.725586,0.729492,0.734375,0.738281,0.741211,0.743164,0.751953,0.753906,0.755859,0.759766,0.761719,0.761719,0.761719,0.761719,0.761719,0.763672,0.763672,0.766602,0.766602,0.769531,0.769531,0.769531,0.769531,0.771484,0.771484,0.771484,0.779297,0.779297,0.779297,0.781250,0.783203,0.783203,0.784180,0.784180,0.784180,0.784180,0.784180,0.784180,0.786133,0.786133,0.786621,0.787598,0.791016,0.791016,0.791016,0.791016,0.791016,0.791016,0.791016,0.791016,0.791016,0.791016,0.791016,0.793945,0.793945,0.793945,0.793945,0.793945,0.793945,0.793945,0.793945,0.793945,0.793945,0.793945,0.793945,0.793945,0.793945,0.793945,0.793945,0.793945,0.799805,0.799805,0.799805,0.799805,0.799805,0.799805,0.799805,0.799805,0.799805,0.799805,0.799805,0.799805,0.799805,0.799805,0.799805,0.799805,0.799805,0.799805,0.799805,0.799805,0.799805,0.799805,0.799805,0.800781,0.800781,0.800781,0.800781,0.800781,0.800781,0.800781,0.800781,0.800781,0.800781,0.800781,0.800781,0.800781,0.800781,0.800781,0.800781,0.800781,0.800781,0.800781,0.800781,0.800781,0.800781,0.802734,0.802734,0.802734,0.802734,0.802734,0.802734,0.802734,0.802734,0.806641,0.806641,0.806641,0.806641,0.806641,0.806641,0.806641,0.806641,0.806641,0.806641,0.806641,0.806641,0.806641,0.806641,0.806641,0.806641,0.807617,0.807617,0.807617,0.807617,0.807617,0.807617,0.807617,0.807617,0.807617,0.807617,0.807617,0.807617,0.807617,0.807617,0.807617,0.807617,0.807617,0.807617,0.807617,0.807617,0.807617,0.807617,0.807617,0.807617,0.807617,0.807617,0.807617,0.807617,0.807617,0.807617,0.807617,0.807617,0.807617,0.807617,0.807617,0.807617,0.807617,0.807617,0.807617,0.807617,0.807617,0.807617,0.807617,0.807617,0.807617,0.807617,0.807617,0.807617,0.807617,0.807617,0.807617,0.807617,0.808594,0.808594,0.808594,0.809570,0.809570,0.809570,0.809570,0.809570,0.813477,0.813477,0.813477,0.813477,0.813477,0.813477,0.813477,0.813477,0.813477,0.813477,0.813477,0.813477,0.813477,0.813477,0.813477,0.813477,0.813477,0.813477,0.813477,0.813477,0.813477,0.813477,0.813477,0.813477,0.813477,0.813477,0.813477,0.813477,0.813477,0.813477,0.813477,0.813477,0.813477,0.813477,0.813477,0.813477,0.813477,0.813477,0.813477,0.813477,0.813477,0.813477,0.813477,0.813477,0.813477,0.813477,0.813477,0.813477,0.813477,0.813477,0.813477,0.813477,0.813477,0.813477,0.813477,0.813477,0.813477,0.813477,0.813477,0.813477,0.813477,0.813477,0.813477,0.813477,0.813477,0.813477,0.813477,0.813477,0.813477,0.813477,0.813477,0.813477,0.813477,0.813477,0.813477,0.813477,0.813477,0.813477,0.813477,0.813477,0.813477,0.814453,0.814453,0.814453,0.814453,0.814453,0.814453,0.814453,0.814453,0.814453,0.814453,0.814453,0.814453,0.814453,0.814453,0.814453,0.814453,0.814453,0.814453,0.814453,0.814453,0.814453,0.814453,0.814453,0.815430,0.815430,0.815430,0.816406,0.818359,0.818359,0.818359,0.818359,0.818359,0.818359,0.818359,0.818359,0.818359,0.818359,0.818359,0.818359,0.818359,0.818359,0.818359,0.818359,0.818359,0.818359,0.821289,0.821289,0.821289,0.821289,0.821289,0.821289,0.821289,0.821289,0.821289,0.821289,0.821289,0.821289,0.821289,0.821289,0.821289,0.821289,0.821289,0.821289,0.821289,0.821289,0.821289,0.821289,0.821289,0.821289,0.821289,0.821289,0.821289,0.821289,0.821289,0.821289,0.821289,0.821289,0.821289,0.821289,0.821289,0.821289,0.826172,0.826172,0.826172,0.826172,0.826172,0.826172,0.826172,0.826172,0.828125,0.828125,0.828125,0.828125,0.828125,0.828125,0.828125,0.828125,0.828125,0.828125,0.828125,0.828125,0.828125,0.828125,0.828125,0.828125,0.831055,0.831055,0.831055,0.831055,0.831055,0.831055,0.831055,0.831055,0.831055,0.831055,0.831055,0.831055,0.831055,0.831055,0.831055,0.831055,0.831055,0.831055,0.831055,0.831055,0.831055,0.831055,0.831055,0.831055,0.831055,0.831055,0.831055,0.831055,0.831055,0.831055,0.831055,0.831055,0.831055,0.832031,0.832031,0.832031,0.832031,0.832031,0.832031,0.832031,0.832031,0.832031,0.832031,0.832031,0.832031,0.832031,0.832031,0.832031,0.832031,0.832031,0.832031,0.832031,0.832031,0.832031,0.832031,0.832031,0.832031,0.832031,0.832031,0.832031,0.832031,0.832031,0.832031,0.832031,0.832031,0.832031,0.832031,0.832031,0.832031,0.832031,0.832031,0.832031,0.832031,0.832031,0.832031,0.832031,0.832031,0.832031,0.832031,0.832031,0.832031,0.832031,0.832031,0.832031,0.832031,0.832031,0.832031,0.832031,0.832031,0.832031,0.832031,0.832031,0.832031,0.832031,0.832031,0.832031,0.832031,0.832031,0.832031,0.832031,0.832031,0.832031,0.832031,0.832031,0.832031,0.832031,0.832031,0.832031,0.832031,0.832031,0.832031,0.832031,0.832031,0.832031,0.832031,
0.788757,0.828552,0.829529,0.836609,0.844421,0.845154,0.845398,0.868958,0.873840,0.872864,0.874817,0.876770,0.876770,0.876770,0.876770,0.876770,0.878723,0.878723,0.882507,0.882507,0.882874,0.882874,0.882874,0.882874,0.884827,0.884827,0.884827,0.916077,0.916077,0.916077,0.918030,0.919983,0.919983,0.920044,0.920044,0.920044,0.920044,0.920044,0.920044,0.920166,0.920166,0.920563,0.920685,0.920898,0.920898,0.920898,0.920898,0.920898,0.920898,0.920898,0.920898,0.920898,0.920898,0.920898,0.921082,0.921082,0.921082,0.921082,0.921082,0.921082,0.921082,0.921082,0.921082,0.921082,0.921082,0.921082,0.921082,0.921082,0.921082,0.921082,0.921082,0.924011,0.924011,0.924011,0.924011,0.924011,0.924011,0.924011,0.924011,0.924011,0.924011,0.924011,0.924011,0.924011,0.924011,0.924011,0.924011,0.924011,0.924011,0.924011,0.924011,0.924011,0.924011,0.924011,0.924072,0.924072,0.924072,0.924072,0.924072,0.924072,0.924072,0.924072,0.924072,0.924072,0.924072,0.924072,0.924072,0.924072,0.924072,0.924072,0.924072,0.924072,0.924072,0.924072,0.924072,0.924072,0.925903,0.925903,0.925903,0.925903,0.925903,0.925903,0.925903,0.925903,0.926147,0.926147,0.926147,0.926147,0.926147,0.926147,0.926147,0.926147,0.926147,0.926147,0.926147,0.926147,0.926147,0.926147,0.926147,0.926147,0.926208,0.926208,0.926208,0.926208,0.926208,0.926208,0.926208,0.926208,0.926208,0.926208,0.926208,0.926208,0.926208,0.926208,0.926208,0.926208,0.926208,0.926208,0.926208,0.926208,0.926208,0.926208,0.926208,0.926208,0.926208,0.926208,0.926208,0.926208,0.926208,0.926208,0.926208,0.926208,0.926208,0.926208,0.926208,0.926208,0.926208,0.926208,0.926208,0.926208,0.926208,0.926208,0.926208,0.926208,0.926208,0.926208,0.926208,0.926208,0.926208,0.926208,0.926208,0.926208,0.926392,0.926392,0.926392,0.926514,0.926514,0.926514,0.926514,0.926514,0.926758,0.926758,0.926758,0.926758,0.926758,0.926758,0.926758,0.926758,0.926758,0.926758,0.926758,0.926758,0.926758,0.926758,0.926758,0.926758,0.926758,0.926758,0.926758,0.926758,0.926758,0.926758,0.926758,0.926758,0.926758,0.926758,0.926758,0.926758,0.926758,0.926758,0.926758,0.926758,0.926758,0.926758,0.926758,0.926758,0.926758,0.926758,0.926758,0.926758,0.926758,0.926758,0.926758,0.926758,0.926758,0.926758,0.926758,0.926758,0.926758,0.926758,0.926758,0.926758,0.926758,0.926758,0.926758,0.926758,0.926758,0.926758,0.926758,0.926758,0.926758,0.926758,0.926758,0.926758,0.926758,0.926758,0.926758,0.926758,0.926758,0.926758,0.926758,0.926758,0.926758,0.926758,0.926758,0.926758,0.926758,0.926758,0.926758,0.926758,0.926758,0.926880,0.926880,0.926880,0.926880,0.926880,0.926880,0.926880,0.926880,0.926880,0.926880,0.926880,0.926880,0.926880,0.926880,0.926880,0.926880,0.926880,0.926880,0.926880,0.926880,0.926880,0.926880,0.926880,0.926910,0.926910,0.926910,0.927155,0.927643,0.927643,0.927643,0.927643,0.927643,0.927643,0.927643,0.927643,0.927643,0.927643,0.927643,0.927643,0.927643,0.927643,0.927643,0.927643,0.927643,0.927643,0.927734,0.927734,0.927734,0.927734,0.927734,0.927734,0.927734,0.927734,0.927734,0.927734,0.927734,0.927734,0.927734,0.927734,0.927734,0.927734,0.927734,0.927734,0.927734,0.927734,0.927734,0.927734,0.927734,0.927734,0.927734,0.927734,0.927734,0.927734,0.927734,0.927734,0.927734,0.927734,0.927734,0.927734,0.927734,0.927734,0.928955,0.928955,0.928955,0.928955,0.928955,0.928955,0.928955,0.928955,0.930908,0.930908,0.930908,0.930908,0.930908,0.930908,0.930908,0.930908,0.930908,0.930908,0.930908,0.930908,0.930908,0.930908,0.930908,0.930908,0.931000,0.931000,0.931000,0.931000,0.931000,0.931000,0.931000,0.931000,0.931000,0.931000,0.931000,0.931000,0.931000,0.931000,0.931000,0.931000,0.931000,0.931000,0.931000,0.931000,0.931000,0.931000,0.931000,0.931000,0.931000,0.931000,0.931000,0.931000,0.931000,0.931000,0.931000,0.931000,0.931000,0.931030,0.931030,0.931030,0.931030,0.931030,0.931030,0.931030,0.931030,0.931030,0.931030,0.931030,0.931030,0.931030,0.931030,0.931030,0.931030,0.931030,0.931030,0.931030,0.931030,0.931030,0.931030,0.931030,0.931030,0.931030,0.931030,0.931030,0.931030,0.931030,0.931030,0.931030,0.931030,0.931030,0.931030,0.931030,0.931030,0.931030,0.931030,0.931030,0.931030,0.931030,0.931030,0.931030,0.931030,0.931030,0.931030,0.931030,0.931030,0.931030,0.931030,0.931030,0.931030,0.931030,0.931030,0.931030,0.931030,0.931030,0.931030,0.931030,0.931030,0.931030,0.931030,0.931030,0.931030,0.931030,0.931030,0.931030,0.931030,0.931030,0.931030,0.931030,0.931030,0.931030,0.931030,0.931030,0.931030,0.931030,0.931030,0.931030,0.931030,0.931030,0.931030,
