kBasicLog: 1
kBreedEdges: 1
kBreedGates: 1
kBreedSample: 4
kBreedType: 0
kChildren: 100
kEvaluations: 50000
kGens: 100
kLegalGateTypes: 1
kLog: 1
kLogIter: 0
kMaxGenStagnation: 300
kMessUp: 0
kMutatePercent: 2
kMutationMode: 1
kMutations: 16
kPruneOrphans: 1
kSaveDotGraphs: 1
kSeed: 0
kThreads: 4
kThreshold: 1000
kTruthWeight: 1
columns: 13
rows: 5,5,5,5,5,5,5,5,5,5,5,5,4
goal_correct_count: 256
goal_total_count: 2048
goal_total_weighted_count: 65536
~
gates_used: 43
total_count: 1674
total_weighted_count: 0
percent: 0.817383
weighted_percent: 0.000000
evaluations: 50100
~
1526,1542,1548,1580,1586,1594,1596,1600,1604,1608,1612,1612,1612,1616,1620,1632,1632,1632,1632,1632,1632,1632,1632,1632,1634,1634,1634,1634,1634,1642,1642,1642,1642,1644,1644,1644,1644,1644,1644,1644,1644,1648,1648,1648,1648,1648,1648,1648,1648,1648,1648,1648,1648,1648,1648,1648,1648,1648,1648,1648,1648,1648,1648,1648,1648,1648,1648,1648,1648,1648,1648,1648,1648,1648,1648,1648,1648,1648,1648,1650,1650,1650,1650,1652,1654,1654,1657,1657,1657,1657,1657,1657,1657,1657,1657,1657,1657,1657,1657,1657,1657,1657,1657,1657,1657,1657,1657,1657,1657,1657,1657,1657,1657,1657,1657,1657,1657,1657,1657,1657,1657,1657,1657,1657,1657,1657,1657,1657,1657,1657,1657,1657,1657,1657,1657,1657,1657,1657,1657,1657,1657,1657,1657,1657,1657,1657,1657,1658,1658,1658,1658,1658,1658,1662,1662,1666,1666,1666,1666,1666,1666,1667,1667,1667,1667,1667,1667,1667,1667,1667,1667,1667,1667,1667,1667,1667,1667,1667,1667,1667,1667,1667,1667,1667,1667,1667,1667,1667,1667,1667,1667,1667,1667,1667,1667,1667,1667,1667,1667,1667,1667,1667,1667,1667,1667,1667,1667,1667,1667,1667,1667,1667,1667,1667,1667,1667,1667,1667,1667,1667,1667,1667,1667,1667,1667,1667,1667,1667,1667,1667,1667,1667,1667,1667,1667,1667,1667,1667,1667,1667,1667,1667,1667,1667,1667,1667,1667,1667,1667,1667,1667,1667,1667,1667,1667,1669,1669,1669,1669,1669,1669,1669,1669,1669,1669,1669,1669,1669,1669,1669,1669,1669,1669,1669,1669,1669,1669,1669,1669,1669,1670,1670,1670,1670,1670,1672,1672,1672,1672,1672,1672,1672,1672,1672,1672,1672,1672,1672,1672,1672,1672,1672,1672,1672,1672,1672,1672,1672,1672,1672,1672,1672,1672,1672,1672,1672,1672,1672,1672,1672,1672,1672,1672,1672,1672,1672,1672,1672,1672,1672,1672,1672,1672,1672,1672,1672,1672,1672,1672,1672,1672,1672,1672,1672,1672,1672,1672,1672,1672,1672,1672,1672,1672,1672,1672,1672,1672,1672,1672,1672,1672,1672,1672,1672,1672,1672,1672,1672,1672,1674,1674,1674,1674,1674,1674,1674,1674,1674,1674,1674,1674,1674,1674,1674,1674,1674,1674,1674,1674,1674,1674,1674,1674,1674,1674,1674,1674,1674,1674,1674,1674,1674,1674,1674,1674,1674,1674,1674,1674,1674,1674,1674,1674,1674,1674,1674,1674,1674,1674,1674,1674,1674,1674,1674,1674,1674,1674,1674,1674,1674,1674,1674,1674,1674,1674,1674,1674,1674,1674,1674,1674,1674,1674,1674,1674,1674,1674,1674,1674,1674,1674,1674,1674,1674,1674,1674,1674,1674,1674,1674,1674,1674,1674,1674,1674,1674,1674,1674,1674,1674,1674,1674,1674,1674,1674,1674,1674,1674,1674,1674,1674,1674,1674,1674,1674,1674,1674,1674,1674,1674,1674,1674,1674,1674,1674,1674,1674,1674,1674,1674,1674,
55346,55400,55434,59530,59536,59544,59548,59612,59628,59692,59756,59756,59756,59884,60012,60396,60396,60396,60396,60396,60396,60396,60396,60396,60404,60404,60404,60404,60404,60436,60436,60436,60436,60440,60440,60440,60440,60440,60440,60440,60440,60448,60448,60448,60448,60448,60448,60448,60448,60448,60448,60448,60448,60448,60448,60448,60448,60448,60448,60448,60448,60448,60448,60448,60448,60448,60448,60448,60448,60448,60448,60448,60448,60448,60448,60448,60448,60448,60448,60464,60464,60464,60464,60496,60528,60528,60552,60552,60552,60552,60552,60552,60552,60552,60552,60552,60552,60552,60552,60552,60552,60552,60552,60552,60552,60552,60552,60552,60552,60552,60552,60552,60552,60552,60552,60552,60552,60552,60552,60552,60552,60552,60552,60552,60552,60552,60552,60552,60552,60552,60552,60552,60552,60552,60552,60552,60552,60552,60552,60552,60552,60552,60552,60552,60552,60552,60552,60560,60560,60560,60560,60560,60560,60688,60688,60816,60816,60816,60816,60816,60816,60824,60824,60824,60824,60824,60824,60824,60824,60824,60824,60824,60824,60824,60824,60824,60824,60824,60824,60824,60824,60824,60824,60824,60824,60824,60824,60824,60824,60824,60824,60824,60824,60824,60824,60824,60824,60824,60824,60824,60824,60824,60824,60824,60824,60824,60824,60824,60824,60824,60824,60824,60824,60824,60824,60824,60824,60824,60824,60824,60824,60824,60824,60824,60824,60824,60824,60824,60824,60824,60824,60824,60824,60824,60824,60824,60824,60824,60824,60824,60824,60824,60824,60824,60824,60824,60824,60824,60824,60824,60824,60824,60824,60824,60824,60888,60888,60888,60888,60888,60888,60888,60888,60888,60888,60888,60888,60888,60888,60888,60888,60888,60888,60888,60888,60888,60888,60888,60888,60888,60896,60896,60896,60896,60896,60904,60904,60904,60904,60904,60904,60904,60904,60904,60904,60904,60904,60904,60904,60904,60904,60904,60904,60904,60904,60904,60904,60904,60904,60904,60904,60904,60904,60904,60904,60904,60904,60904,60904,60904,60904,60904,60904,60904,60904,60904,60904,60904,60904,60904,60904,60904,60904,60904,60904,60904,60904,60904,60904,60904,60904,60904,60904,60904,60904,60904,60904,60904,60904,60904,60904,60904,60904,60904,60904,60904,60904,60904,60904,60904,60904,60904,60904,60904,60904,60904,60904,60904,60904,60912,60912,60912,60912,60912,60912,60912,60912,60912,60912,60912,60912,60912,60912,60912,60912,60912,60912,60912,60912,60912,60912,60912,60912,60912,60912,60912,60912,60912,60912,60912,60912,60912,60912,60912,60912,60912,60912,60912,60912,60912,60912,60912,60912,60912,60912,60912,60912,60912,60912,60912,60912,60912,60912,60912,60912,60912,60912,60912,60912,60912,60912,60912,60912,60912,60912,60912,60912,60912,60912,60912,60912,60912,60912,60912,60912,60912,60912,60912,60912,60912,60912,60912,60912,60912,60912,60912,60912,60912,60912,60912,60912,60912,60912,60912,60912,60912,60912,60912,60912,60912,60912,60912,60912,60912,60912,60912,60912,60912,60912,60912,60912,60912,60912,60912,60912,60912,60912,60912,60912,60912,60912,60912,60912,60912,60912,60912,60912,60912,60912,60912,60912,
0.745117,0.752930,0.755859,0.771484,0.774414,0.778320,0.779297,0.781250,0.783203,0.785156,0.787109,0.787109,0.787109,0.789062,0.791016,0.796875,0.796875,0.796875,0.796875,0.796875,0.796875,0.796875,0.796875,0.796875,0.797852,0.797852,0.797852,0.797852,0.797852,0.801758,0.801758,0.801758,0.801758,0.802734,0.802734,0.802734,0.802734,0.802734,0.802734,0.802734,0.802734,0.804688,0.804688,0.804688,0.804688,0.804688,0.804688,0.804688,0.804688,0.804688,0.804688,0.804688,0.804688,0.804688,0.804688,0.804688,0.804688,0.804688,0.804688,0.804688,0.804688,0.804688,0.804688,0.804688,0.804688,0.804688,0.804688,0.804688,0.804688,0.804688,0.804688,0.804688,0.804688,0.804688,0.804688,0.804688,0.804688,0.804688,0.804688,0.805664,0.805664,0.805664,0.805664,0.806641,0.807617,0.807617,0.809082,0.809082,0.809082,0.809082,0.809082,0.809082,0.809082,0.809082,0.809082,0.809082,0.809082,0.809082,0.809082,0.809082,0.809082,0.809082,0.809082,0.809082,0.809082,0.809082,0.809082,0.809082,0.809082,0.809082,0.809082,0.809082,0.809082,0.809082,0.809082,0.809082,0.809082,0.809082,0.809082,0.809082,0.809082,0.809082,0.809082,0.809082,0.809082,0.809082,0.809082,0.809082,0.809082,0.809082,0.809082,0.809082,0.809082,0.809082,0.809082,0.809082,0.809082,0.809082,0.809082,0.809082,0.809082,0.809082,0.809082,0.809082,0.809082,0.809082,0.809082,0.809570,0.809570,0.809570,0.809570,0.809570,0.809570,0.811523,0.811523,0.813477,0.813477,0.813477,0.813477,0.813477,0.813477,0.813965,0.813965,0.813965,0.813965,0.813965,0.813965,0.813965,0.813965,0.813965,0.813965,0.813965,0.813965,0.813965,0.813965,0.813965,0.813965,0.813965,0.813965,0.813965,0.813965,0.813965,0.813965,0.813965,0.813965,0.813965,0.813965,0.813965,0.813965,0.813965,0.813965,0.813965,0.813965,0.813965,0.813965,0.813965,0.813965,0.813965,0.813965,0.813965,0.813965,0.813965,0.813965,0.813965,0.813965,0.813965,0.813965,0.813965,0.813965,0.813965,0.813965,0.813965,0.813965,0.813965,0.813965,0.813965,0.813965,0.813965,0.813965,0.813965,0.813965,0.813965,0.813965,0.813965,0.813965,0.813965,0.813965,0.813965,0.813965,0.813965,0.813965,0.813965,0.813965,0.813965,0.813965,0.813965,0.813965,0.813965,0.813965,0.813965,0.813965,0.813965,0.813965,0.813965,0.813965,0.813965,0.813965,0.813965,0.813965,0.813965,0.813965,0.813965,0.813965,0.813965,0.813965,0.814941,0.814941,0.814941,0.814941,0.814941,0.814941,0.814941,0.814941,0.814941,0.814941,0.814941,0.814941,0.814941,0.814941,0.814941,0.814941,0.814941,0.814941,0.814941,0.814941,0.814941,0.814941,0.814941,0.814941,0.814941,0.815430,0.815430,0.815430,0.815430,0.815430,0.816406,0.816406,0.816406,0.816406,0.816406,0.816406,0.816406,0.816406,0.816406,0.816406,0.816406,0.816406,0.816406,0.816406,0.816406,0.816406,0.816406,0.816406,0.816406,0.816406,0.816406,0.816406,0.816406,0.816406,0.816406,0.816406,0.816406,0.816406,0.816406,0.816406,0.816406,0.816406,0.816406,0.816406,0.816406,0.816406,0.816406,0.816406,0.816406,0.816406,0.816406,0.816406,0.816406,0.816406,0.816406,0.816406,0.816406,0.816406,0.816406,0.816406,0.816406,0.816406,0.816406,0.816406,0.816406,0.816406,0.816406,0.816406,0.816406,0.816406,0.816406,0.816406,0.816406,0.816406,0.816406,0.816406,0.816406,0.816406,0.816406,0.816406,0.816406,0.816406,0.816406,0.816406,0.816406,0.816406,0.816406,0.816406,0.816406,0.816406,0.816406,0.816406,0.816406,0.816406,0.817383,0.817383,0.817383,0.817383,0.817383,0.817383,0.817383,0.817383,0.817383,0.817383,0.817383,0.817383,0.817383,0.817383,0.817383,0.817383,0.817383,0.817383,0.817383,0.817383,0.817383,0.817383,0.817383,0.817383,0.817383,0.817383,0.817383,0.817383,0.817383,0.817383,0.817383,0.817383,0.817383,0.817383,0.817383,0.817383,0.817383,0.817383,0.817383,0.817383,0.817383,0.817383,0.817383,0.817383,0.817383,0.817383,0.817383,0.817383,0.817383,0.817383,0.817383,0.817383,0.817383,0.817383,0.817383,0.817383,0.817383,0.817383,0.817383,0.817383,0.817383,0.817383,0.817383,0.817383,0.817383,0.817383,0.817383,0.817383,0.817383,0.817383,0.817383,0.817383,0.817383,0.817383,0.817383,0.817383,0.817383,0.817383,0.817383,0.817383,0.817383,0.817383,0.817383,0.817383,0.817383,0.817383,0.817383,0.817383,0.817383,0.817383,0.817383,0.817383,0.817383,0.817383,0.817383,0.817383,0.817383,0.817383,0.817383,0.817383,0.817383,0.817383,0.817383,0.817383,0.817383,0.817383,0.817383,0.817383,0.817383,0.817383,0.817383,0.817383,0.817383,0.817383,0.817383,0.817383,0.817383,0.817383,0.817383,0.817383,0.817383,0.817383,0.817383,0.817383,0.817383,0.817383,0.817383,0.817383,0.817383,0.817383,0.817383,0.817383,
0.844513,0.845337,0.845856,0.908356,0.908447,0.908569,0.908630,0.909607,0.909851,0.910828,0.911804,0.911804,0.911804,0.913757,0.915710,0.921570,0.921570,0.921570,0.921570,0.921570,0.921570,0.921570,0.921570,0.921570,0.921692,0.921692,0.921692,0.921692,0.921692,0.922180,0.922180,0.922180,0.922180,0.922241,0.922241,0.922241,0.922241,0.922241,0.922241,0.922241,0.922241,0.922363,0.922363,0.922363,0.922363,0.922363,0.922363,0.922363,0.922363,0.922363,0.922363,0.922363,0.922363,0.922363,0.922363,0.922363,0.922363,0.922363,0.922363,0.922363,0.922363,0.922363,0.922363,0.922363,0.922363,0.922363,0.922363,0.922363,0.922363,0.922363,0.922363,0.922363,0.922363,0.922363,0.922363,0.922363,0.922363,0.922363,0.922363,0.922607,0.922607,0.922607,0.922607,0.923096,0.923584,0.923584,0.923950,0.923950,0.923950,0.923950,0.923950,0.923950,0.923950,0.923950,0.923950,0.923950,0.923950,0.923950,0.923950,0.923950,0.923950,0.923950,0.923950,0.923950,0.923950,0.923950,0.923950,0.923950,0.923950,0.923950,0.923950,0.923950,0.923950,0.923950,0.923950,0.923950,0.923950,0.923950,0.923950,0.923950,0.923950,0.923950,0.923950,0.923950,0.923950,0.923950,0.923950,0.923950,0.923950,0.923950,0.923950,0.923950,0.923950,0.923950,0.923950,0.923950,0.923950,0.923950,0.923950,0.923950,0.923950,0.923950,0.923950,0.923950,0.923950,0.923950,0.923950,0.924072,0.924072,0.924072,0.924072,0.924072,0.924072,0.926025,0.926025,0.927979,0.927979,0.927979,0.927979,0.927979,0.927979,0.928101,0.928101,0.928101,0.928101,0.928101,0.928101,0.928101,0.928101,0.928101,0.928101,0.928101,0.928101,0.928101,0.928101,0.928101,0.928101,0.928101,0.928101,0.928101,0.928101,0.928101,0.928101,0.928101,0.928101,0.928101,0.928101,0.928101,0.928101,0.928101,0.928101,0.928101,0.928101,0.928101,0.928101,0.928101,0.928101,0.928101,0.928101,0.928101,0.928101,0.928101,0.928101,0.928101,0.928101,0.928101,0.928101,0.928101,0.928101,0.928101,0.928101,0.928101,0.928101,0.928101,0.928101,0.928101,0.928101,0.928101,0.928101,0.928101,0.928101,0.928101,0.928101,0.928101,0.928101,0.928101,0.928101,0.928101,0.928101,0.928101,0.928101,0.928101,0.928101,0.928101,0.928101,0.928101,0.928101,0.928101,0.928101,0.928101,0.928101,0.928101,0.928101,0.928101,0.928101,0.928101,0.928101,0.928101,0.928101,0.928101,0.928101,0.928101,0.928101,0.928101,0.928101,0.929077,0.929077,0.929077,0.929077,0.929077,0.929077,0.929077,0.929077,0.929077,0.929077,0.929077,0.929077,0.929077,0.929077,0.929077,0.929077,0.929077,0.929077,0.929077,0.929077,0.929077,0.929077,0.929077,0.929077,0.929077,0.929199,0.929199,0.929199,0.929199,0.929199,0.929321,0.929321,0.929321,0.929321,0.929321,0.929321,0.929321,0.929321,0.929321,0.929321,0.929321,0.929321,0.929321,0.929321,0.929321,0.929321,0.929321,0.929321,0.929321,0.929321,0.929321,0.929321,0.929321,0.929321,0.929321,0.929321,0.929321,0.929321,0.929321,0.929321,0.929321,0.929321,0.929321,0.929321,0.929321,0.929321,0.929321,0.929321,0.929321,0.929321,0.929321,0.929321,0.929321,0.929321,0.929321,0.929321,0.929321,0.929321,0.929321,0.929321,0.929321,0.929321,0.929321,0.929321,0.929321,0.929321,0.929321,0.929321,0.929321,0.929321,0.929321,0.929321,0.929321,0.929321,0.929321,0.929321,0.929321,0.929321,0.929321,0.929321,0.929321,0.929321,0.929321,0.929321,0.929321,0.929321,0.929321,0.929321,0.929321,0.929321,0.929321,0.929321,0.929321,0.929321,0.929443,0.929443,0.929443,0.929443,0.929443,0.929443,0.929443,0.929443,0.929443,0.929443,0.929443,0.929443,0.929443,0.929443,0.929443,0.929443,0.929443,0.929443,0.929443,0.929443,0.929443,0.929443,0.929443,0.929443,0.929443,0.929443,0.929443,0.929443,0.929443,0.929443,0.929443,0.929443,0.929443,0.929443,0.929443,0.929443,0.929443,0.929443,0.929443,0.929443,0.929443,0.929443,0.929443,0.929443,0.929443,0.929443,0.929443,0.929443,0.929443,0.929443,0.929443,0.929443,0.929443,0.929443,0.929443,0.929443,0.929443,0.929443,0.929443,0.929443,0.929443,0.929443,0.929443,0.929443,0.929443,0.929443,0.929443,0.929443,0.929443,0.929443,0.929443,0.929443,0.929443,0.929443,0.929443,0.929443,0.929443,0.929443,0.929443,0.929443,0.929443,0.929443,0.929443,0.929443,0.929443,0.929443,0.929443,0.929443,0.929443,0.929443,0.929443,0.929443,0.929443,0.929443,0.929443,0.929443,0.929443,0.929443,0.929443,0.929443,0.929443,0.929443,0.929443,0.929443,0.929443,0.929443,0.929443,0.929443,0.929443,0.929443,0.929443,0.929443,0.929443,0.929443,0.929443,0.929443,0.929443,0.929443,0.929443,0.929443,0.929443,0.929443,0.929443,0.929443,0.929443,0.929443,0.929443,0.929443,0.929443,0.929443,0.929443,0.929443,
