kBasicLog: 1
kBreedEdges: 1
kBreedGates: 1
kBreedSample: 4
kBreedType: 0
kChildren: 100
kEvaluations: 50000
kGens: 100
kLegalGateTypes: 1
kLog: 1
kLogIter: 1
kMaxGenStagnation: 300
kMessUp: 0
kMutatePercent: 8
kMutationMode: 1
kMutations: 16
kPruneOrphans: 1
kSaveDotGraphs: 1
kSeed: 0
kThreads: 4
kThreshold: 1000
kTruthWeight: 1
columns: 13
rows: 5,5,5,5,5,5,5,5,5,5,5,5,4
goal_correct_count: 256
goal_total_count: 2048
goal_total_weighted_count: 65536
~
gates_used: 29
total_count: 1624
total_weighted_count: 0
percent: 0.792969
weighted_percent: 0.000000
evaluations: 50100
~
1498,1510,1528,1528,1528,1528,1528,1528,1530,1532,1540,1552,1554,1554,1554,1554,1554,1554,1558,1558,1558,1558,1558,1558,1558,1558,1558,1558,1558,1558,1558,1558,1558,1558,1558,1568,1568,1568,1570,1574,1574,1574,1574,1574,1574,1574,1574,1574,1574,1574,1574,1574,1574,1574,1574,1574,1574,1574,1574,1574,1580,1586,1590,1594,1598,1614,1614,1614,1614,1614,1618,1618,1618,1618,1618,1618,1618,1618,1618,1618,1618,1618,1618,1618,1618,1618,1618,1618,1618,1618,1618,1618,1618,1618,1618,1618,1618,1618,1618,1618,1618,1618,1618,1618,1618,1618,1618,1618,1618,1618,1618,1618,1618,1618,1618,1618,1618,1618,1618,1618,1618,1618,1618,1618,1618,1618,1618,1618,1618,1618,1618,1618,1618,1618,1618,1618,1624,1624,1624,1624,1624,1624,1624,1624,1624,1624,1624,1624,1624,1624,1624,1624,1624,1624,1624,1624,1624,1624,1624,1624,1624,1624,1624,1624,1624,1624,1624,1624,1624,1624,1624,1624,1624,1624,1624,1624,1624,1624,1624,1624,1624,1624,1624,1624,1624,1624,1624,1624,1624,1624,1624,1624,1624,1624,1624,1624,1624,1624,1624,1624,1624,1624,1624,1624,1624,1624,1624,1624,1624,1624,1624,1624,1624,1624,1624,1624,1624,1624,1624,1624,1624,1624,1624,1624,1624,1624,1624,1624,1624,1624,1624,1624,1624,1624,1624,1624,1624,1624,1624,1624,1624,1624,1624,1624,1624,1624,1624,1624,1624,1624,1624,1624,1624,1624,1624,1624,1624,1624,1624,1624,1624,1624,1624,1624,1624,1624,1624,1624,1624,1624,1624,1624,1624,1624,1624,1624,1624,1624,1624,1624,1624,1624,1624,1624,1624,1624,1624,1624,1624,1624,1624,1624,1624,1624,1624,1624,1624,1624,1624,1624,1624,1624,1624,1624,1624,1624,1624,1624,1624,1624,1624,1624,1624,1624,1624,1624,1624,1624,1624,1624,1624,1624,1624,1624,1624,1624,1624,1624,1624,1624,1624,1624,1624,1624,1624,1624,1624,1624,1624,1624,1624,1624,1624,1624,1624,1624,1624,1624,1624,1624,1624,1624,1624,1624,1624,1624,1624,1624,1624,1624,1624,1624,1624,1624,1624,1624,1624,1624,1624,1624,1624,1624,1624,1624,1624,1624,1624,1624,1624,1624,1624,1624,1624,1624,1624,1624,1624,1624,1624,1624,1624,1624,1624,1624,1624,1624,1624,1624,1624,1624,1624,1624,1624,1624,1624,1624,1624,1624,1624,1624,1624,1624,1624,1624,1624,1624,1624,1624,1624,1624,1624,1624,1624,1624,1624,1624,1624,1624,1624,1624,1624,1624,1624,1624,1624,1624,1624,1624,1624,1624,1624,1624,1624,1624,1624,1624,1624,1624,1624,1624,1624,1624,1624,1624,1624,1624,1624,1624,1624,1624,1624,1624,1624,1624,1624,1624,1624,1624,1624,1624,1624,1624,1624,1624,1624,1624,1624,1624,1624,1624,1624,1624,1624,1624,1624,1624,1624,1624,1624,1624,1624,1624,1624,1624,1624,1624,1624,1624,1624,1624,1624,
55276,55404,55544,55544,55544,55544,55544,55544,55548,55696,56144,56216,56224,56224,56224,56224,56224,56224,56236,56236,56236,56236,56236,56236,56236,56236,56236,56236,56236,56236,56236,56236,56236,56236,56236,57032,57032,57032,57488,57504,57504,57504,57504,57504,57504,57504,57504,57504,57504,57504,57504,57504,57504,57504,57504,57504,57504,57504,57504,57504,57552,57888,57952,57960,57984,58084,58084,58084,58084,58084,58148,58148,58148,58148,58148,58148,58148,58148,58148,58148,58148,58148,58148,58148,58148,58148,58148,58148,58148,58148,58148,58148,58148,58148,58148,58148,58148,58148,58148,58148,58148,58148,58148,58148,58148,58148,58148,58148,58148,58148,58148,58148,58148,58148,58148,58148,58148,58148,58148,58148,58148,58148,58148,58148,58148,58148,58148,58148,58148,58148,58148,58148,58148,58148,58148,58148,58154,58154,58154,58154,58154,58154,58154,58154,58154,58154,58154,58154,58154,58154,58154,58154,58154,58154,58154,58154,58154,58154,58154,58154,58154,58154,58154,58154,58154,58154,58154,58154,58154,58154,58154,58154,58154,58154,58154,58154,58154,58154,58154,58154,58154,58154,58154,58154,58154,58154,58154,58154,58154,58154,58154,58154,58154,58154,58154,58154,58154,58154,58154,58154,58154,58154,58154,58154,58154,58154,58154,58154,58154,58154,58154,58154,58154,58154,58154,58154,58154,58154,58154,58154,58154,58154,58154,58154,58154,58154,58154,58154,58154,58154,58154,58154,58154,58154,58154,58154,58154,58154,58154,58154,58154,58154,58154,58154,58154,58154,58154,58154,58154,58154,58154,58154,58154,58154,58154,58154,58154,58154,58154,58154,58154,58154,58154,58154,58154,58154,58154,58154,58154,58154,58154,58154,58154,58154,58154,58154,58154,58154,58154,58154,58154,58154,58154,58154,58154,58154,58154,58154,58154,58154,58154,58154,58154,58154,58154,58154,58154,58154,58154,58154,58154,58154,58154,58154,58154,58154,58154,58154,58154,58154,58154,58154,58154,58154,58154,58154,58154,58154,58154,58154,58154,58154,58154,58154,58154,58154,58154,58154,58154,58154,58154,58154,58154,58154,58154,58154,58154,58154,58154,58154,58154,58154,58154,58154,58154,58154,58154,58154,58154,58154,58154,58154,58154,58154,58154,58154,58154,58154,58154,58154,58154,58154,58154,58154,58154,58154,58154,58154,58154,58154,58154,58154,58154,58154,58154,58154,58154,58154,58154,58154,58154,58154,58154,58154,58154,58154,58154,58154,58154,58154,58154,58154,58154,58154,58154,58154,58154,58154,58154,58154,58154,58154,58154,58154,58154,58154,58154,58154,58154,58154,58154,58154,58154,58154,58154,58154,58154,58154,58154,58154,58154,58154,58154,58154,58154,58154,58154,58154,58154,58154,58154,58154,58154,58154,58154,58154,58154,58154,58154,58154,58154,58154,58154,58154,58154,58154,58154,58154,58154,58154,58154,58154,58154,58154,58154,58154,58154,58154,58154,58154,58154,58154,58154,58154,58154,58154,58154,58154,58154,58154,58154,58154,58154,58154,58154,58154,58154,58154,58154,58154,58154,58154,58154,58154,58154,58154,58154,58154,58154,58154,58154,58154,58154,58154,58154,58154,58154,58154,58154,58154,58154,
0.731445,0.737305,0.746094,0.746094,0.746094,0.746094,0.746094,0.746094,0.747070,0.748047,0.751953,0.757812,0.758789,0.758789,0.758789,0.758789,0.758789,0.758789,0.760742,0.760742,0.760742,0.760742,0.760742,0.760742,0.760742,0.760742,0.760742,0.760742,0.760742,0.760742,0.760742,0.760742,0.760742,0.760742,0.760742,0.765625,0.765625,0.765625,0.766602,0.768555,0.768555,0.768555,0.768555,0.768555,0.768555,0.768555,0.768555,0.768555,0.768555,0.768555,0.768555,0.768555,0.768555,0.768555,0.768555,0.768555,0.768555,0.768555,0.768555,0.768555,0.771484,0.774414,0.776367,0.778320,0.780273,0.788086,0.788086,0.788086,0.788086,0.788086,0.790039,0.790039,0.790039,0.790039,0.790039,0.790039,0.790039,0.790039,0.790039,0.790039,0.790039,0.790039,0.790039,0.790039,0.790039,0.790039,0.790039,0.790039,0.790039,0.790039,0.790039,0.790039,0.790039,0.790039,0.790039,0.790039,0.790039,0.790039,0.790039,0.790039,0.790039,0.790039,0.790039,0.790039,0.790039,0.790039,0.790039,0.790039,0.790039,0.790039,0.790039,0.790039,0.790039,0.790039,0.790039,0.790039,0.790039,0.790039,0.790039,0.790039,0.790039,0.790039,0.790039,0.790039,0.790039,0.790039,0.790039,0.790039,0.790039,0.790039,0.790039,0.790039,0.790039,0.790039,0.790039,0.790039,0.792969,0.792969,0.792969,0.792969,0.792969,0.792969,0.792969,0.792969,0.792969,0.792969,0.792969,0.792969,0.792969,0.792969,0.792969,0.792969,0.792969,0.792969,0.792969,0.792969,0.792969,0.792969,0.792969,0.792969,0.792969,0.792969,0.792969,0.792969,0.792969,0.792969,0.792969,0.792969,0.792969,0.792969,0.792969,0.792969,0.792969,0.792969,0.792969,0.792969,0.792969,0.792969,0.792969,0.792969,0.792969,0.792969,0.792969,0.792969,0.792969,0.792969,0.792969,0.792969,0.792969,0.792969,0.792969,0.792969,0.792969,0.792969,0.792969,0.792969,0.792969,0.792969,0.792969,0.792969,0.792969,0.792969,0.792969,0.792969,0.792969,0.792969,0.792969,0.792969,0.792969,0.792969,0.792969,0.792969,0.792969,0.792969,0.792969,0.792969,0.792969,0.792969,0.792969,0.792969,0.792969,0.792969,0.792969,0.792969,0.792969,0.792969,0.792969,0.792969,0.792969,0.792969,0.792969,0.792969,0.792969,0.792969,0.792969,0.792969,0.792969,0.792969,0.792969,0.792969,0.792969,0.792969,0.792969,0.792969,0.792969,0.792969,0.792969,0.792969,0.792969,0.792969,0.792969,0.792969,0.792969,0.792969,0.792969,0.792969,0.792969,0.792969,0.792969,0.792969,0.792969,0.792969,0.792969,0.792969,0.792969,0.792969,0.792969,0.792969,0.792969,0.792969,0.792969,0.792969,0.792969,0.792969,0.792969,0.792969,0.792969,0.792969,0.792969,0.792969,0.792969,0.792969,0.792969,0.792969,0.792969,0.792969,0.792969,0.792969,0.792969,0.792969,0.792969,0.792969,0.792969,0.792969,0.792969,0.792969,0.792969,0.792969,0.792969,0.792969,0.792969,0.792969,0.792969,0.792969,0.792969,0.792969,0.792969,0.792969,0.792969,0.792969,0.792969,0.792969,0.792969,0.792969,0.792969,0.792969,0.792969,0.792969,0.792969,0.792969,0.792969,0.792969,0.792969,0.792969,0.792969,0.792969,0.792969,0.792969,0.792969,0.792969,0.792969,0.792969,0.792969,0.792969,0.792969,0.792969,0.792969,0.792969,0.792969,0.792969,0.792969,0.792969,0.792969,0.792969,0.792969,0.792969,0.792969,0.792969,0.792969,0.792969,0.792969,0.792969,0.792969,0.792969,0.792969,0.792969,0.792969,0.792969,0.792969,0.792969,0.792969,0.792969,0.792969,0.792969,0.792969,0.792969,0.792969,0.792969,0.792969,0.792969,0.792969,0.792969,0.792969,0.792969,0.792969,0.792969,0.792969,0.792969,0.792969,0.792969,0.792969,0.792969,0.792969,0.792969,0.792969,0.792969,0.792969,0.792969,0.792969,0.792969,0.792969,0.792969,0.792969,0.792969,0.792969,0.792969,0.792969,0.792969,0.792969,0.792969,0.792969,0.792969,0.792969,0.792969,0.792969,0.792969,0.792969,0.792969,0.792969,0.792969,0.792969,0.792969,0.792969,0.792969,0.792969,0.792969,0.792969,0.792969,0.792969,0.792969,0.792969,0.792969,0.792969,0.792969,0.792969,0.792969,0.792969,0.792969,0.792969,0.792969,0.792969,0.792969,0.792969,0.792969,0.792969,0.792969,0.792969,0.792969,0.792969,0.792969,0.792969,0.792969,0.792969,0.792969,0.792969,0.792969,0.792969,0.792969,0.792969,0.792969,0.792969,0.792969,0.792969,0.792969,0.792969,0.792969,0.792969,0.792969,0.792969,0.792969,0.792969,0.792969,0.792969,0.792969,0.792969,0.792969,0.792969,0.792969,0.792969,0.792969,0.792969,0.792969,0.792969,0.792969,0.792969,0.792969,0.792969,0.792969,0.792969,0.792969,0.792969,0.792969,0.792969,0.792969,0.792969,0.792969,0.792969,0.792969,0.792969,0.792969,0.792969,0.792969,0.792969,0.792969,0.792969,0.792969,0.792969,0.792969,0.792969,0.792969,0.792969,
0.843445,0.845398,0.847534,0.847534,0.847534,0.847534,0.847534,0.847534,0.847595,0.849854,0.856689,0.857788,0.857910,0.857910,0.857910,0.857910,0.857910,0.857910,0.858093,0.858093,0.858093,0.858093,0.858093,0.858093,0.858093,0.858093,0.858093,0.858093,0.858093,0.858093,0.858093,0.858093,0.858093,0.858093,0.858093,0.870239,0.870239,0.870239,0.877197,0.877441,0.877441,0.877441,0.877441,0.877441,0.877441,0.877441,0.877441,0.877441,0.877441,0.877441,0.877441,0.877441,0.877441,0.877441,0.877441,0.877441,0.877441,0.877441,0.877441,0.877441,0.878174,0.883301,0.884277,0.884399,0.884766,0.886292,0.886292,0.886292,0.886292,0.886292,0.887268,0.887268,0.887268,0.887268,0.887268,0.887268,0.887268,0.887268,0.887268,0.887268,0.887268,0.887268,0.887268,0.887268,0.887268,0.887268,0.887268,0.887268,0.887268,0.887268,0.887268,0.887268,0.887268,0.887268,0.887268,0.887268,0.887268,0.887268,0.887268,0.887268,0.887268,0.887268,0.887268,0.887268,0.887268,0.887268,0.887268,0.887268,0.887268,0.887268,0.887268,0.887268,0.887268,0.887268,0.887268,0.887268,0.887268,0.887268,0.887268,0.887268,0.887268,0.887268,0.887268,0.887268,0.887268,0.887268,0.887268,0.887268,0.887268,0.887268,0.887268,0.887268,0.887268,0.887268,0.887268,0.887268,0.887360,0.887360,0.887360,0.887360,0.887360,0.887360,0.887360,0.887360,0.887360,0.887360,0.887360,0.887360,0.887360,0.887360,0.887360,0.887360,0.887360,0.887360,0.887360,0.887360,0.887360,0.887360,0.887360,0.887360,0.887360,0.887360,0.887360,0.887360,0.887360,0.887360,0.887360,0.887360,0.887360,0.887360,0.887360,0.887360,0.887360,0.887360,0.887360,0.887360,0.887360,0.887360,0.887360,0.887360,0.887360,0.887360,0.887360,0.887360,0.887360,0.887360,0.887360,0.887360,0.887360,0.887360,0.887360,0.887360,0.887360,0.887360,0.887360,0.887360,0.887360,0.887360,0.887360,0.887360,0.887360,0.887360,0.887360,0.887360,0.887360,0.887360,0.887360,0.887360,0.887360,0.887360,0.887360,0.887360,0.887360,0.887360,0.887360,0.887360,0.887360,0.887360,0.887360,0.887360,0.887360,0.887360,0.887360,0.887360,0.887360,0.887360,0.887360,0.887360,0.887360,0.887360,0.887360,0.887360,0.887360,0.887360,0.887360,0.887360,0.887360,0.887360,0.887360,0.887360,0.887360,0.887360,0.887360,0.887360,0.887360,0.887360,0.887360,0.887360,0.887360,0.887360,0.887360,0.887360,0.887360,0.887360,0.887360,0.887360,0.887360,0.887360,0.887360,0.887360,0.887360,0.887360,0.887360,0.887360,0.887360,0.887360,0.887360,0.887360,0.887360,0.887360,0.887360,0.887360,0.887360,0.887360,0.887360,0.887360,0.887360,0.887360,0.887360,0.887360,0.887360,0.887360,0.887360,0.887360,0.887360,0.887360,0.887360,0.887360,0.887360,0.887360,0.887360,0.887360,0.887360,0.887360,0.887360,0.887360,0.887360,0.887360,0.887360,0.887360,0.887360,0.887360,0.887360,0.887360,0.887360,0.887360,0.887360,0.887360,0.887360,0.887360,0.887360,0.887360,0.887360,0.887360,0.887360,0.887360,0.887360,0.887360,0.887360,0.887360,0.887360,0.887360,0.887360,0.887360,0.887360,0.887360,0.887360,0.887360,0.887360,0.887360,0.887360,0.887360,0.887360,0.887360,0.887360,0.887360,0.887360,0.887360,0.887360,0.887360,0.887360,0.887360,0.887360,0.887360,0.887360,0.887360,0.887360,0.887360,0.887360,0.887360,0.887360,0.887360,0.887360,0.887360,0.887360,0.887360,0.887360,0.887360,0.887360,0.887360,0.887360,0.887360,0.887360,0.887360,0.887360,0.887360,0.887360,0.887360,0.887360,0.887360,0.887360,0.887360,0.887360,0.887360,0.887360,0.887360,0.887360,0.887360,0.887360,0.887360,0.887360,0.887360,0.887360,0.887360,0.887360,0.887360,0.887360,0.887360,0.887360,0.887360,0.887360,0.887360,0.887360,0.887360,0.887360,0.887360,0.887360,0.887360,0.887360,0.887360,0.887360,0.887360,0.887360,0.887360,0.887360,0.887360,0.887360,0.887360,0.887360,0.887360,0.887360,0.887360,0.887360,0.887360,0.887360,0.887360,0.887360,0.887360,0.887360,0.887360,0.887360,0.887360,0.887360,0.887360,0.887360,0.887360,0.887360,0.887360,0.887360,0.887360,0.887360,0.887360,0.887360,0.887360,0.887360,0.887360,0.887360,0.887360,0.887360,0.887360,0.887360,0.887360,0.887360,0.887360,0.887360,0.887360,0.887360,0.887360,0.887360,0.887360,0.887360,0.887360,0.887360,0.887360,0.887360,0.887360,0.887360,0.887360,0.887360,0.887360,0.887360,0.887360,0.887360,0.887360,0.887360,0.887360,0.887360,0.887360,0.887360,0.887360,0.887360,0.887360,0.887360,0.887360,0.887360,0.887360,0.887360,0.887360,0.887360,0.887360,0.887360,0.887360,0.887360,0.887360,0.887360,0.887360,0.887360,0.887360,0.887360,0.887360,0.887360,0.887360,0.887360,0.887360,0.887360,0.887360,0.887360,0.887360,0.887360,0.887360,0.887360,
