kBasicLog: 1
kBreedEdges: 1
kBreedGates: 1
kBreedSample: 4
kBreedType: 0
kChildren: 100
kEvaluations: 50000
kGens: 100
kLegalGateTypes: 1
kLog: 1
kLogIter: 2
kMaxGenStagnation: 300
kMessUp: 0
kMutatePercent: 8
kMutationMode: 1
kMutations: 16
kPruneOrphans: 1
kSaveDotGraphs: 1
kSeed: 0
kThreads: 4
kThreshold: 1000
kTruthWeight: 1
columns: 13
rows: 5,5,5,5,5,5,5,5,5,5,5,5,4
goal_correct_count: 256
goal_total_count: 2048
goal_total_weighted_count: 65536
~
gates_used: 44
total_count: 1660
total_weighted_count: 0
percent: 0.810547
weighted_percent: 0.000000
evaluations: 50100
~
1474,1506,1530,1548,1560,1566,1570,1572,1574,1574,1578,1578,1578,1578,1578,1578,1578,1578,1578,1578,1578,1582,1582,1584,1608,1626,1628,1632,1632,1632,1640,1640,1640,1640,1640,1640,1640,1640,1640,1640,1640,1640,1640,1640,1640,1640,1644,1644,1644,1644,1644,1644,1644,1644,1644,1644,1644,1644,1644,1646,1646,1646,1646,1646,1646,1646,1646,1646,1646,1646,1646,1646,1646,1646,1646,1646,1646,1646,1646,1646,1646,1648,1648,1648,1648,1648,1648,1648,1648,1648,1648,1648,1648,1648,1648,1648,1648,1648,1648,1648,1648,1648,1648,1648,1648,1648,1648,1648,1648,1648,1648,1648,1648,1648,1648,1648,1648,1648,1648,1648,1648,1648,1648,1648,1648,1648,1648,1648,1648,1648,1648,1648,1648,1648,1648,1648,1648,1648,1648,1648,1648,1648,1648,1648,1650,1650,1650,1650,1650,1650,1650,1650,1650,1650,1650,1650,1650,1650,1650,1650,1650,1650,1650,1650,1650,1650,1650,1650,1650,1650,1650,1650,1650,1650,1650,1650,1650,1650,1650,1650,1650,1650,1650,1650,1650,1650,1650,1650,1650,1650,1650,1650,1650,1650,1650,1650,1650,1650,1650,1650,1650,1650,1650,1650,1650,1650,1650,1650,1650,1650,1650,1650,1650,1650,1650,1650,1650,1650,1650,1650,1650,1650,1650,1650,1650,1650,1650,1650,1650,1650,1650,1650,1650,1650,1650,1650,1650,1650,1650,1650,1650,1650,1650,1650,1650,1650,1650,1650,1650,1650,1650,1650,1650,1650,1650,1650,1650,1650,1650,1650,1654,1654,1654,1654,1654,1654,1654,1654,1654,1654,1654,1654,1654,1654,1654,1654,1654,1654,1654,1654,1654,1654,1654,1654,1654,1654,1654,1654,1654,1654,1654,1654,1654,1654,1654,1654,1654,1654,1654,1654,1654,1654,1654,1654,1654,1654,1654,1654,1654,1654,1654,1654,1654,1654,1654,1654,1654,1654,1654,1654,1654,1654,1660,1660,1660,1660,1660,1660,1660,1660,1660,1660,1660,1660,1660,1660,1660,1660,1660,1660,1660,1660,1660,1660,1660,1660,1660,1660,1660,1660,1660,1660,1660,1660,1660,1660,1660,1660,1660,1660,1660,1660,1660,1660,1660,1660,1660,1660,1660,1660,1660,1660,1660,1660,1660,1660,1660,1660,1660,1660,1660,1660,1660,1660,1660,1660,1660,1660,1660,1660,1660,1660,1660,1660,1660,1660,1660,1660,1660,1660,1660,1660,1660,1660,1660,1660,1660,1660,1660,1660,1660,1660,1660,1660,1660,1660,1660,1660,1660,1660,1660,1660,1660,1660,1660,1660,1660,1660,1660,1660,1660,1660,1660,1660,1660,1660,1660,1660,1660,1660,1660,1660,1660,1660,1660,1660,1660,1660,1660,1660,1660,1660,1660,1660,1660,1660,1660,1660,1660,1660,1660,1660,1660,1660,1660,1660,1660,1660,1660,1660,1660,1660,1660,1660,1660,1660,1660,1660,1660,1660,1660,1660,1660,1660,1660,1660,1660,1660,1660,1660,1660,1660,1660,1660,1660,1660,1660,1660,1660,1660,1660,
53532,54940,55982,56040,56068,56244,56248,56250,56266,56266,56274,56274,56274,56274,56274,56274,56274,56274,56274,56274,56274,58040,58040,58042,59644,59884,59888,59904,59904,59904,59972,59972,59972,59972,59972,59972,59972,59972,59972,59972,59972,59972,59972,59972,59972,59972,59976,59976,59976,59976,59976,59976,59976,59976,59976,59976,59976,59976,59976,59984,59984,59984,59984,59984,59984,59984,59984,59984,59984,59984,59984,59984,59984,59984,59984,59984,59984,59984,59984,59984,59984,59992,59992,59992,59992,59992,59992,59992,59992,59992,59992,59992,59992,59992,59992,59992,59992,59992,59992,59992,59992,59992,59992,59992,59992,59992,59992,59992,59992,59992,59992,59992,59992,59992,59992,59992,59992,59992,59992,59992,59992,59992,59992,59992,59992,59992,59992,59992,59992,59992,59992,59992,59992,59992,59992,59992,59992,59992,59992,59992,59992,59992,59992,59992,59996,59996,59996,59996,59996,59996,59996,59996,59996,59996,59996,59996,59996,59996,59996,59996,59996,59996,59996,59996,59996,59996,59996,59996,59996,59996,59996,59996,59996,59996,59996,59996,59996,59996,59996,59996,59996,59996,59996,59996,59996,59996,59996,59996,59996,59996,59996,59996,59996,59996,59996,59996,59996,59996,59996,59996,59996,59996,59996,59996,59996,59996,59996,59996,59996,59996,59996,59996,59996,59996,59996,59996,59996,59996,59996,59996,59996,59996,59996,59996,59996,59996,59996,59996,59996,59996,59996,59996,59996,59996,59996,59996,59996,59996,59996,59996,59996,59996,59996,59996,59996,59996,59996,59996,59996,59996,59996,59996,59996,59996,59996,59996,59996,59996,59996,59996,60124,60124,60124,60124,60124,60124,60124,60124,60124,60124,60124,60124,60124,60124,60124,60124,60124,60124,60124,60124,60124,60124,60124,60124,60124,60124,60124,60124,60124,60124,60124,60124,60124,60124,60124,60124,60124,60124,60124,60124,60124,60124,60124,60124,60124,60124,60124,60124,60124,60124,60124,60124,60124,60124,60124,60124,60124,60124,60124,60124,60124,60124,60148,60148,60148,60148,60148,60148,60148,60148,60148,60148,60148,60148,60148,60148,60148,60148,60148,60148,60148,60148,60148,60148,60148,60148,60148,60148,60148,60148,60148,60148,60148,60148,60148,60148,60148,60148,60148,60148,60148,60148,60148,60148,60148,60148,60148,60148,60148,60148,60148,60148,60148,60148,60148,60148,60148,60148,60148,60148,60148,60148,60148,60148,60148,60148,60148,60148,60148,60148,60148,60148,60148,60148,60148,60148,60148,60148,60148,60148,60148,60148,60148,60148,60148,60148,60148,60148,60148,60148,60148,60148,60148,60148,60148,60148,60148,60148,60148,60148,60148,60148,60148,60148,60148,60148,60148,60148,60148,60148,60148,60148,60148,60148,60148,60148,60148,60148,60148,60148,60148,60148,60148,60148,60148,60148,60148,60148,60148,60148,60148,60148,60148,60148,60148,60148,60148,60148,60148,60148,60148,60148,60148,60148,60148,60148,60148,60148,60148,60148,60148,60148,60148,60148,60148,60148,60148,60148,60148,60148,60148,60148,60148,60148,60148,60148,60148,60148,60148,60148,60148,60148,60148,60148,60148,60148,60148,60148,60148,60148,60148,
0.719727,0.735352,0.747070,0.755859,0.761719,0.764648,0.766602,0.767578,0.768555,0.768555,0.770508,0.770508,0.770508,0.770508,0.770508,0.770508,0.770508,0.770508,0.770508,0.770508,0.770508,0.772461,0.772461,0.773438,0.785156,0.793945,0.794922,0.796875,0.796875,0.796875,0.800781,0.800781,0.800781,0.800781,0.800781,0.800781,0.800781,0.800781,0.800781,0.800781,0.800781,0.800781,0.800781,0.800781,0.800781,0.800781,0.802734,0.802734,0.802734,0.802734,0.802734,0.802734,0.802734,0.802734,0.802734,0.802734,0.802734,0.802734,0.802734,0.803711,0.803711,0.803711,0.803711,0.803711,0.803711,0.803711,0.803711,0.803711,0.803711,0.803711,0.803711,0.803711,0.803711,0.803711,0.803711,0.803711,0.803711,0.803711,0.803711,0.803711,0.803711,0.804688,0.804688,0.804688,0.804688,0.804688,0.804688,0.804688,0.804688,0.804688,0.804688,0.804688,0.804688,0.804688,0.804688,0.804688,0.804688,0.804688,0.804688,0.804688,0.804688,0.804688,0.804688,0.804688,0.804688,0.804688,0.804688,0.804688,0.804688,0.804688,0.804688,0.804688,0.804688,0.804688,0.804688,0.804688,0.804688,0.804688,0.804688,0.804688,0.804688,0.804688,0.804688,0.804688,0.804688,0.804688,0.804688,0.804688,0.804688,0.804688,0.804688,0.804688,0.804688,0.804688,0.804688,0.804688,0.804688,0.804688,0.804688,0.804688,0.804688,0.804688,0.804688,0.804688,0.805664,0.805664,0.805664,0.805664,0.805664,0.805664,0.805664,0.805664,0.805664,0.805664,0.805664,0.805664,0.805664,0.805664,0.805664,0.805664,0.805664,0.805664,0.805664,0.805664,0.805664,0.805664,0.805664,0.805664,0.805664,0.805664,0.805664,0.805664,0.805664,0.805664,0.805664,0.805664,0.805664,0.805664,0.805664,0.805664,0.805664,0.805664,0.805664,0.805664,0.805664,0.805664,0.805664,0.805664,0.805664,0.805664,0.805664,0.805664,0.805664,0.805664,0.805664,0.805664,0.805664,0.805664,0.805664,0.805664,0.805664,0.805664,0.805664,0.805664,0.805664,0.805664,0.805664,0.805664,0.805664,0.805664,0.805664,0.805664,0.805664,0.805664,0.805664,0.805664,0.805664,0.805664,0.805664,0.805664,0.805664,0.805664,0.805664,0.805664,0.805664,0.805664,0.805664,0.805664,0.805664,0.805664,0.805664,0.805664,0.805664,0.805664,0.805664,0.805664,0.805664,0.805664,0.805664,0.805664,0.805664,0.805664,0.805664,0.805664,0.805664,0.805664,0.805664,0.805664,0.805664,0.805664,0.805664,0.805664,0.805664,0.805664,0.805664,0.805664,0.805664,0.805664,0.805664,0.805664,0.807617,0.807617,0.807617,0.807617,0.807617,0.807617,0.807617,0.807617,0.807617,0.807617,0.807617,0.807617,0.807617,0.807617,0.807617,0.807617,0.807617,0.807617,0.807617,0.807617,0.807617,0.807617,0.807617,0.807617,0.807617,0.807617,0.807617,0.807617,0.807617,0.807617,0.807617,0.807617,0.807617,0.807617,0.807617,0.807617,0.807617,0.807617,0.807617,0.807617,0.807617,0.807617,0.807617,0.807617,0.807617,0.807617,0.807617,0.807617,0.807617,0.807617,0.807617,0.807617,0.807617,0.807617,0.807617,0.807617,0.807617,0.807617,0.807617,0.807617,0.807617,0.807617,0.810547,0.810547,0.810547,0.810547,0.810547,0.810547,0.810547,0.810547,0.810547,0.810547,0.810547,0.810547,0.810547,0.810547,0.810547,0.810547,0.810547,0.810547,0.810547,0.810547,0.810547,0.810547,0.810547,0.810547,0.810547,0.810547,0.810547,0.810547,0.810547,0.810547,0.810547,0.810547,0.810547,0.810547,0.810547,0.810547,0.810547,0.810547,0.810547,0.810547,0.810547,0.810547,0.810547,0.810547,0.810547,0.810547,0.810547,0.810547,0.810547,0.810547,0.810547,0.810547,0.810547,0.810547,0.810547,0.810547,0.810547,0.810547,0.810547,0.810547,0.810547,0.810547,0.810547,0.810547,0.810547,0.810547,0.810547,0.810547,0.810547,0.810547,0.810547,0.810547,0.810547,0.810547,0.810547,0.810547,0.810547,0.810547,0.810547,0.810547,0.810547,0.810547,0.810547,0.810547,0.810547,0.810547,0.810547,0.810547,0.810547,0.810547,0.810547,0.810547,0.810547,0.810547,0.810547,0.810547,0.810547,0.810547,0.810547,0.810547,0.810547,0.810547,0.810547,0.810547,0.810547,0.810547,0.810547,0.810547,0.810547,0.810547,0.810547,0.810547,0.810547,0.810547,0.810547,0.810547,0.810547,0.810547,0.810547,0.810547,0.810547,0.810547,0.810547,0.810547,0.810547,0.810547,0.810547,0.810547,0.810547,0.810547,0.810547,0.810547,0.810547,0.810547,0.810547,0.810547,0.810547,0.810547,0.810547,0.810547,0.810547,0.810547,0.810547,0.810547,0.810547,0.810547,0.810547,0.810547,0.810547,0.810547,0.810547,0.810547,0.810547,0.810547,0.810547,0.810547,0.810547,0.810547,0.810547,0.810547,0.810547,0.810547,0.810547,0.810547,0.810547,0.810547,0.810547,0.810547,0.810547,0.810547,0.810547,0.810547,0.810547,0.810547,0.810547,0.810547,0.810547,0.810547,0.810547,
0.816833,0.838318,0.854218,0.855103,0.855530,0.858215,0.858276,0.858307,0.858551,0.858551,0.858673,0.858673,0.858673,0.858673,0.858673,0.858673,0.858673,0.858673,0.858673,0.858673,0.858673,0.885620,0.885620,0.885651,0.910095,0.913757,0.913818,0.914062,0.914062,0.914062,0.915100,0.915100,0.915100,0.915100,0.915100,0.915100,0.915100,0.915100,0.915100,0.915100,0.915100,0.915100,0.915100,0.915100,0.915100,0.915100,0.915161,0.915161,0.915161,0.915161,0.915161,0.915161,0.915161,0.915161,0.915161,0.915161,0.915161,0.915161,0.915161,0.915283,0.915283,0.915283,0.915283,0.915283,0.915283,0.915283,0.915283,0.915283,0.915283,0.915283,0.915283,0.915283,0.915283,0.915283,0.915283,0.915283,0.915283,0.915283,0.915283,0.915283,0.915283,0.915405,0.915405,0.915405,0.915405,0.915405,0.915405,0.915405,0.915405,0.915405,0.915405,0.915405,0.915405,0.915405,0.915405,0.915405,0.915405,0.915405,0.915405,0.915405,0.915405,0.915405,0.915405,0.915405,0.915405,0.915405,0.915405,0.915405,0.915405,0.915405,0.915405,0.915405,0.915405,0.915405,0.915405,0.915405,0.915405,0.915405,0.915405,0.915405,0.915405,0.915405,0.915405,0.915405,0.915405,0.915405,0.915405,0.915405,0.915405,0.915405,0.915405,0.915405,0.915405,0.915405,0.915405,0.915405,0.915405,0.915405,0.915405,0.915405,0.915405,0.915405,0.915405,0.915405,0.915466,0.915466,0.915466,0.915466,0.915466,0.915466,0.915466,0.915466,0.915466,0.915466,0.915466,0.915466,0.915466,0.915466,0.915466,0.915466,0.915466,0.915466,0.915466,0.915466,0.915466,0.915466,0.915466,0.915466,0.915466,0.915466,0.915466,0.915466,0.915466,0.915466,0.915466,0.915466,0.915466,0.915466,0.915466,0.915466,0.915466,0.915466,0.915466,0.915466,0.915466,0.915466,0.915466,0.915466,0.915466,0.915466,0.915466,0.915466,0.915466,0.915466,0.915466,0.915466,0.915466,0.915466,0.915466,0.915466,0.915466,0.915466,0.915466,0.915466,0.915466,0.915466,0.915466,0.915466,0.915466,0.915466,0.915466,0.915466,0.915466,0.915466,0.915466,0.915466,0.915466,0.915466,0.915466,0.915466,0.915466,0.915466,0.915466,0.915466,0.915466,0.915466,0.915466,0.915466,0.915466,0.915466,0.915466,0.915466,0.915466,0.915466,0.915466,0.915466,0.915466,0.915466,0.915466,0.915466,0.915466,0.915466,0.915466,0.915466,0.915466,0.915466,0.915466,0.915466,0.915466,0.915466,0.915466,0.915466,0.915466,0.915466,0.915466,0.915466,0.915466,0.915466,0.915466,0.915466,0.917419,0.917419,0.917419,0.917419,0.917419,0.917419,0.917419,0.917419,0.917419,0.917419,0.917419,0.917419,0.917419,0.917419,0.917419,0.917419,0.917419,0.917419,0.917419,0.917419,0.917419,0.917419,0.917419,0.917419,0.917419,0.917419,0.917419,0.917419,0.917419,0.917419,0.917419,0.917419,0.917419,0.917419,0.917419,0.917419,0.917419,0.917419,0.917419,0.917419,0.917419,0.917419,0.917419,0.917419,0.917419,0.917419,0.917419,0.917419,0.917419,0.917419,0.917419,0.917419,0.917419,0.917419,0.917419,0.917419,0.917419,0.917419,0.917419,0.917419,0.917419,0.917419,0.917786,0.917786,0.917786,0.917786,0.917786,0.917786,0.917786,0.917786,0.917786,0.917786,0.917786,0.917786,0.917786,0.917786,0.917786,0.917786,0.917786,0.917786,0.917786,0.917786,0.917786,0.917786,0.917786,0.917786,0.917786,0.917786,0.917786,0.917786,0.917786,0.917786,0.917786,0.917786,0.917786,0.917786,0.917786,0.917786,0.917786,0.917786,0.917786,0.917786,0.917786,0.917786,0.917786,0.917786,0.917786,0.917786,0.917786,0.917786,0.917786,0.917786,0.917786,0.917786,0.917786,0.917786,0.917786,0.917786,0.917786,0.917786,0.917786,0.917786,0.917786,0.917786,0.917786,0.917786,0.917786,0.917786,0.917786,0.917786,0.917786,0.917786,0.917786,0.917786,0.917786,0.917786,0.917786,0.917786,0.917786,0.917786,0.917786,0.917786,0.917786,0.917786,0.917786,0.917786,0.917786,0.917786,0.917786,0.917786,0.917786,0.917786,0.917786,0.917786,0.917786,0.917786,0.917786,0.917786,0.917786,0.917786,0.917786,0.917786,0.917786,0.917786,0.917786,0.917786,0.917786,0.917786,0.917786,0.917786,0.917786,0.917786,0.917786,0.917786,0.917786,0.917786,0.917786,0.917786,0.917786,0.917786,0.917786,0.917786,0.917786,0.917786,0.917786,0.917786,0.917786,0.917786,0.917786,0.917786,0.917786,0.917786,0.917786,0.917786,0.917786,0.917786,0.917786,0.917786,0.917786,0.917786,0.917786,0.917786,0.917786,0.917786,0.917786,0.917786,0.917786,0.917786,0.917786,0.917786,0.917786,0.917786,0.917786,0.917786,0.917786,0.917786,0.917786,0.917786,0.917786,0.917786,0.917786,0.917786,0.917786,0.917786,0.917786,0.917786,0.917786,0.917786,0.917786,0.917786,0.917786,0.917786,0.917786,0.917786,0.917786,0.917786,0.917786,0.917786,0.917786,0.917786,0.917786,
