kBasicLog: 1
kBreedEdges: 1
kBreedGates: 1
kBreedSample: 4
kBreedType: 0
kChildren: 100
kEvaluations: 50000
kGens: 100
kLegalGateTypes: 1
kLog: 1
kLogIter: 0
kMaxGenStagnation: 300
kMessUp: 0
kMutatePercent: 8
kMutationMode: 1
kMutations: 16
kPruneOrphans: 1
kSaveDotGraphs: 1
kSeed: 0
kThreads: 4
kThreshold: 1000
kTruthWeight: 1
columns: 13
rows: 5,5,5,5,5,5,5,5,5,5,5,5,4
goal_correct_count: 256
goal_total_count: 2048
goal_total_weighted_count: 65536
~
gates_used: 39
total_count: 1662
total_weighted_count: 0
percent: 0.811523
weighted_percent: 0.000000
evaluations: 50100
~
1506,1512,1528,1554,1557,1561,1561,1568,1570,1570,1570,1582,1582,1582,1588,1588,1588,1588,1588,1588,1588,1588,1588,1588,1588,1588,1588,1588,1588,1588,1588,1588,1588,1588,1588,1588,1588,1588,1588,1588,1588,1588,1588,1588,1588,1588,1588,1588,1588,1588,1588,1588,1588,1588,1588,1588,1588,1588,1588,1588,1588,1588,1588,1588,1588,1588,1588,1588,1588,1588,1588,1588,1588,1588,1588,1588,1588,1588,1588,1588,1588,1590,1592,1592,1604,1604,1604,1604,1604,1604,1604,1604,1604,1604,1604,1604,1604,1604,1604,1604,1604,1606,1606,1606,1606,1610,1610,1610,1610,1610,1610,1610,1610,1610,1610,1610,1610,1610,1610,1610,1610,1610,1610,1610,1610,1610,1610,1610,1610,1610,1610,1610,1610,1610,1610,1614,1614,1614,1614,1616,1620,1620,1620,1620,1624,1624,1628,1628,1628,1628,1628,1628,1628,1628,1628,1630,1630,1630,1630,1630,1630,1630,1632,1632,1632,1632,1632,1632,1632,1632,1632,1632,1632,1636,1636,1636,1636,1636,1636,1636,1636,1636,1636,1636,1636,1636,1636,1636,1636,1636,1636,1636,1636,1636,1636,1636,1636,1636,1636,1636,1636,1646,1646,1646,1646,1646,1646,1646,1646,1646,1646,1646,1646,1646,1646,1646,1646,1646,1646,1646,1646,1646,1646,1646,1646,1646,1646,1646,1646,1646,1646,1646,1650,1650,1650,1650,1650,1650,1650,1650,1650,1650,1650,1650,1650,1650,1650,1650,1650,1650,1650,1650,1650,1650,1650,1650,1650,1650,1650,1650,1650,1650,1650,1650,1650,1650,1650,1650,1650,1650,1650,1650,1650,1650,1650,1650,1650,1650,1650,1650,1650,1650,1650,1650,1650,1650,1650,1650,1650,1650,1650,1650,1650,1650,1650,1650,1650,1650,1650,1650,1650,1650,1650,1650,1650,1650,1650,1650,1650,1650,1650,1650,1650,1650,1650,1650,1650,1650,1650,1650,1650,1650,1650,1650,1650,1650,1650,1650,1650,1650,1650,1650,1650,1650,1650,1650,1650,1650,1650,1650,1654,1654,1654,1654,1654,1654,1654,1654,1654,1654,1654,1654,1654,1654,1654,1654,1654,1654,1654,1654,1654,1654,1654,1654,1654,1654,1654,1654,1654,1654,1654,1654,1654,1654,1654,1654,1654,1654,1654,1654,1654,1654,1654,1654,1654,1654,1654,1654,1654,1654,1654,1654,1654,1654,1654,1654,1654,1660,1660,1660,1660,1660,1660,1660,1660,1660,1660,1660,1660,1660,1660,1660,1660,1660,1660,1660,1660,1660,1660,1660,1660,1660,1660,1660,1660,1660,1660,1660,1660,1660,1660,1660,1660,1660,1660,1660,1660,1660,1660,1660,1660,1660,1660,1660,1660,1660,1660,1660,1660,1660,1660,1660,1660,1660,1662,1662,1662,1662,1662,1662,1662,1662,1662,1662,1662,1662,1662,1662,1662,1662,1662,1662,1662,1662,1662,1662,1662,1662,1662,1662,1662,1662,1662,1662,1662,1662,1662,1662,1662,1662,1662,1662,1662,1662,1662,1662,1662,1662,1662,1662,1662,
55436,55380,55764,56540,56549,56557,56557,56684,56712,56712,56712,57728,57728,57728,57740,57740,57740,57740,57740,57740,57740,57740,57740,57740,57740,57740,57740,57740,57740,57740,57740,57740,57740,57740,57740,57740,57740,57740,57740,57740,57740,57740,57740,57740,57740,57740,57740,57740,57740,57740,57740,57740,57740,57740,57740,57740,57740,57740,57740,57740,57740,57740,57740,57740,57740,57740,57740,57740,57740,57740,57740,57740,57740,57740,57740,57740,57740,57740,57740,57740,57740,57756,58716,58716,58740,58740,58740,58740,58740,58740,58740,58740,58740,58740,58740,58740,58740,58740,58740,58740,58740,58756,58756,58756,58756,58800,58800,58800,58800,58800,58800,58800,58800,58800,58800,58800,58800,58800,58800,58800,58800,58800,58800,58800,58800,58800,58800,58800,58800,58800,58800,58800,58800,58800,58800,59802,59802,59802,59802,59804,59812,59812,59812,59812,60764,60764,60772,60772,60772,60772,60772,60772,60772,60772,60772,60788,60788,60788,60788,60788,60788,60788,60828,60828,60828,60828,60828,60828,60828,60828,60828,60828,60828,60836,60836,60836,60836,60836,60836,60836,60836,60836,60836,60836,60836,60836,60836,60836,60836,60836,60836,60836,60836,60836,60836,60836,60836,60836,60836,60836,60836,60856,60856,60856,60856,60856,60856,60856,60856,60856,60856,60856,60856,60856,60856,60856,60856,60856,60856,60856,60856,60856,60856,60856,60856,60856,60856,60856,60856,60856,60856,60856,60874,60874,60874,60874,60874,60874,60874,60874,60874,60874,60874,60874,60874,60874,60874,60874,60874,60874,60874,60874,60874,60874,60874,60874,60874,60874,60874,60874,60874,60874,60874,60874,60874,60874,60874,60874,60874,60874,60874,60874,60874,60874,60874,60874,60874,60874,60874,60874,60874,60874,60874,60874,60874,60874,60874,60874,60874,60874,60874,60874,60874,60874,60874,60874,60874,60874,60874,60874,60874,60874,60874,60874,60874,60874,60874,60874,60874,60874,60874,60874,60874,60874,60874,60874,60874,60874,60874,60874,60874,60874,60874,60874,60874,60874,60874,60874,60874,60874,60874,60874,60874,60874,60874,60874,60874,60874,60874,60874,60884,60884,60884,60884,60884,60884,60884,60884,60884,60884,60884,60884,60884,60884,60884,60884,60884,60884,60884,60884,60884,60884,60884,60884,60884,60884,60884,60884,60884,60884,60884,60884,60884,60884,60884,60884,60884,60884,60884,60884,60884,60884,60884,60884,60884,60884,60884,60884,60884,60884,60884,60884,60884,60884,60884,60884,60884,60950,60950,60950,60950,60950,60950,60950,60950,60950,60950,60950,60950,60950,60950,60950,60950,60950,60950,60950,60950,60950,60950,60950,60950,60950,60950,60950,60950,60950,60950,60950,60950,60950,60950,60950,60950,60950,60950,60950,60950,60950,60950,60950,60950,60950,60950,60950,60950,60950,60950,60950,60950,60950,60950,60950,60950,60950,60952,60952,60952,60952,60952,60952,60952,60952,60952,60952,60952,60952,60952,60952,60952,60952,60952,60952,60952,60952,60952,60952,60952,60952,60952,60952,60952,60952,60952,60952,60952,60952,60952,60952,60952,60952,60952,60952,60952,60952,60952,60952,60952,60952,60952,60952,60952,
0.735352,0.738281,0.746094,0.758789,0.760254,0.762207,0.762207,0.765625,0.766602,0.766602,0.766602,0.772461,0.772461,0.772461,0.775391,0.775391,0.775391,0.775391,0.775391,0.775391,0.775391,0.775391,0.775391,0.775391,0.775391,0.775391,0.775391,0.775391,0.775391,0.775391,0.775391,0.775391,0.775391,0.775391,0.775391,0.775391,0.775391,0.775391,0.775391,0.775391,0.775391,0.775391,0.775391,0.775391,0.775391,0.775391,0.775391,0.775391,0.775391,0.775391,0.775391,0.775391,0.775391,0.775391,0.775391,0.775391,0.775391,0.775391,0.775391,0.775391,0.775391,0.775391,0.775391,0.775391,0.775391,0.775391,0.775391,0.775391,0.775391,0.775391,0.775391,0.775391,0.775391,0.775391,0.775391,0.775391,0.775391,0.775391,0.775391,0.775391,0.775391,0.776367,0.777344,0.777344,0.783203,0.783203,0.783203,0.783203,0.783203,0.783203,0.783203,0.783203,0.783203,0.783203,0.783203,0.783203,0.783203,0.783203,0.783203,0.783203,0.783203,0.784180,0.784180,0.784180,0.784180,0.786133,0.786133,0.786133,0.786133,0.786133,0.786133,0.786133,0.786133,0.786133,0.786133,0.786133,0.786133,0.786133,0.786133,0.786133,0.786133,0.786133,0.786133,0.786133,0.786133,0.786133,0.786133,0.786133,0.786133,0.786133,0.786133,0.786133,0.786133,0.786133,0.786133,0.788086,0.788086,0.788086,0.788086,0.789062,0.791016,0.791016,0.791016,0.791016,0.792969,0.792969,0.794922,0.794922,0.794922,0.794922,0.794922,0.794922,0.794922,0.794922,0.794922,0.795898,0.795898,0.795898,0.795898,0.795898,0.795898,0.795898,0.796875,0.796875,0.796875,0.796875,0.796875,0.796875,0.796875,0.796875,0.796875,0.796875,0.796875,0.798828,0.798828,0.798828,0.798828,0.798828,0.798828,0.798828,0.798828,0.798828,0.798828,0.798828,0.798828,0.798828,0.798828,0.798828,0.798828,0.798828,0.798828,0.798828,0.798828,0.798828,0.798828,0.798828,0.798828,0.798828,0.798828,0.798828,0.798828,0.803711,0.803711,0.803711,0.803711,0.803711,0.803711,0.803711,0.803711,0.803711,0.803711,0.803711,0.803711,0.803711,0.803711,0.803711,0.803711,0.803711,0.803711,0.803711,0.803711,0.803711,0.803711,0.803711,0.803711,0.803711,0.803711,0.803711,0.803711,0.803711,0.803711,0.803711,0.805664,0.805664,0.805664,0.805664,0.805664,0.805664,0.805664,0.805664,0.805664,0.805664,0.805664,0.805664,0.805664,0.805664,0.805664,0.805664,0.805664,0.805664,0.805664,0.805664,0.805664,0.805664,0.805664,0.805664,0.805664,0.805664,0.805664,0.805664,0.805664,0.805664,0.805664,0.805664,0.805664,0.805664,0.805664,0.805664,0.805664,0.805664,0.805664,0.805664,0.805664,0.805664,0.805664,0.805664,0.805664,0.805664,0.805664,0.805664,0.805664,0.805664,0.805664,0.805664,0.805664,0.805664,0.805664,0.805664,0.805664,0.805664,0.805664,0.805664,0.805664,0.805664,0.805664,0.805664,0.805664,0.805664,0.805664,0.805664,0.805664,0.805664,0.805664,0.805664,0.805664,0.805664,0.805664,0.805664,0.805664,0.805664,0.805664,0.805664,0.805664,0.805664,0.805664,0.805664,0.805664,0.805664,0.805664,0.805664,0.805664,0.805664,0.805664,0.805664,0.805664,0.805664,0.805664,0.805664,0.805664,0.805664,0.805664,0.805664,0.805664,0.805664,0.805664,0.805664,0.805664,0.805664,0.805664,0.805664,0.807617,0.807617,0.807617,0.807617,0.807617,0.807617,0.807617,0.807617,0.807617,0.807617,0.807617,0.807617,0.807617,0.807617,0.807617,0.807617,0.807617,0.807617,0.807617,0.807617,0.807617,0.807617,0.807617,0.807617,0.807617,0.807617,0.807617,0.807617,0.807617,0.807617,0.807617,0.807617,0.807617,0.807617,0.807617,0.807617,0.807617,0.807617,0.807617,0.807617,0.807617,0.807617,0.807617,0.807617,0.807617,0.807617,0.807617,0.807617,0.807617,0.807617,0.807617,0.807617,0.807617,0.807617,0.807617,0.807617,0.807617,0.810547,0.810547,0.810547,0.810547,0.810547,0.810547,0.810547,0.810547,0.810547,0.810547,0.810547,0.810547,0.810547,0.810547,0.810547,0.810547,0.810547,0.810547,0.810547,0.810547,0.810547,0.810547,0.810547,0.810547,0.810547,0.810547,0.810547,0.810547,0.810547,0.810547,0.810547,0.810547,0.810547,0.810547,0.810547,0.810547,0.810547,0.810547,0.810547,0.810547,0.810547,0.810547,0.810547,0.810547,0.810547,0.810547,0.810547,0.810547,0.810547,0.810547,0.810547,0.810547,0.810547,0.810547,0.810547,0.810547,0.810547,0.811523,0.811523,0.811523,0.811523,0.811523,0.811523,0.811523,0.811523,0.811523,0.811523,0.811523,0.811523,0.811523,0.811523,0.811523,0.811523,0.811523,0.811523,0.811523,0.811523,0.811523,0.811523,0.811523,0.811523,0.811523,0.811523,0.811523,0.811523,0.811523,0.811523,0.811523,0.811523,0.811523,0.811523,0.811523,0.811523,0.811523,0.811523,0.811523,0.811523,0.811523,0.811523,0.811523,0.811523,0.811523,0.811523,0.811523,
0.845886,0.845032,0.850891,0.862732,0.862869,0.862991,0.862991,0.864929,0.865356,0.865356,0.865356,0.880859,0.880859,0.880859,0.881042,0.881042,0.881042,0.881042,0.881042,0.881042,0.881042,0.881042,0.881042,0.881042,0.881042,0.881042,0.881042,0.881042,0.881042,0.881042,0.881042,0.881042,0.881042,0.881042,0.881042,0.881042,0.881042,0.881042,0.881042,0.881042,0.881042,0.881042,0.881042,0.881042,0.881042,0.881042,0.881042,0.881042,0.881042,0.881042,0.881042,0.881042,0.881042,0.881042,0.881042,0.881042,0.881042,0.881042,0.881042,0.881042,0.881042,0.881042,0.881042,0.881042,0.881042,0.881042,0.881042,0.881042,0.881042,0.881042,0.881042,0.881042,0.881042,0.881042,0.881042,0.881042,0.881042,0.881042,0.881042,0.881042,0.881042,0.881287,0.895935,0.895935,0.896301,0.896301,0.896301,0.896301,0.896301,0.896301,0.896301,0.896301,0.896301,0.896301,0.896301,0.896301,0.896301,0.896301,0.896301,0.896301,0.896301,0.896545,0.896545,0.896545,0.896545,0.897217,0.897217,0.897217,0.897217,0.897217,0.897217,0.897217,0.897217,0.897217,0.897217,0.897217,0.897217,0.897217,0.897217,0.897217,0.897217,0.897217,0.897217,0.897217,0.897217,0.897217,0.897217,0.897217,0.897217,0.897217,0.897217,0.897217,0.897217,0.897217,0.897217,0.912506,0.912506,0.912506,0.912506,0.912537,0.912659,0.912659,0.912659,0.912659,0.927185,0.927185,0.927307,0.927307,0.927307,0.927307,0.927307,0.927307,0.927307,0.927307,0.927307,0.927551,0.927551,0.927551,0.927551,0.927551,0.927551,0.927551,0.928162,0.928162,0.928162,0.928162,0.928162,0.928162,0.928162,0.928162,0.928162,0.928162,0.928162,0.928284,0.928284,0.928284,0.928284,0.928284,0.928284,0.928284,0.928284,0.928284,0.928284,0.928284,0.928284,0.928284,0.928284,0.928284,0.928284,0.928284,0.928284,0.928284,0.928284,0.928284,0.928284,0.928284,0.928284,0.928284,0.928284,0.928284,0.928284,0.928589,0.928589,0.928589,0.928589,0.928589,0.928589,0.928589,0.928589,0.928589,0.928589,0.928589,0.928589,0.928589,0.928589,0.928589,0.928589,0.928589,0.928589,0.928589,0.928589,0.928589,0.928589,0.928589,0.928589,0.928589,0.928589,0.928589,0.928589,0.928589,0.928589,0.928589,0.928864,0.928864,0.928864,0.928864,0.928864,0.928864,0.928864,0.928864,0.928864,0.928864,0.928864,0.928864,0.928864,0.928864,0.928864,0.928864,0.928864,0.928864,0.928864,0.928864,0.928864,0.928864,0.928864,0.928864,0.928864,0.928864,0.928864,0.928864,0.928864,0.928864,0.928864,0.928864,0.928864,0.928864,0.928864,0.928864,0.928864,0.928864,0.928864,0.928864,0.928864,0.928864,0.928864,0.928864,0.928864,0.928864,0.928864,0.928864,0.928864,0.928864,0.928864,0.928864,0.928864,0.928864,0.928864,0.928864,0.928864,0.928864,0.928864,0.928864,0.928864,0.928864,0.928864,0.928864,0.928864,0.928864,0.928864,0.928864,0.928864,0.928864,0.928864,0.928864,0.928864,0.928864,0.928864,0.928864,0.928864,0.928864,0.928864,0.928864,0.928864,0.928864,0.928864,0.928864,0.928864,0.928864,0.928864,0.928864,0.928864,0.928864,0.928864,0.928864,0.928864,0.928864,0.928864,0.928864,0.928864,0.928864,0.928864,0.928864,0.928864,0.928864,0.928864,0.928864,0.928864,0.928864,0.928864,0.928864,0.929016,0.929016,0.929016,0.929016,0.929016,0.929016,0.929016,0.929016,0.929016,0.929016,0.929016,0.929016,0.929016,0.929016,0.929016,0.929016,0.929016,0.929016,0.929016,0.929016,0.929016,0.929016,0.929016,0.929016,0.929016,0.929016,0.929016,0.929016,0.929016,0.929016,0.929016,0.929016,0.929016,0.929016,0.929016,0.929016,0.929016,0.929016,0.929016,0.929016,0.929016,0.929016,0.929016,0.929016,0.929016,0.929016,0.929016,0.929016,0.929016,0.929016,0.929016,0.929016,0.929016,0.929016,0.929016,0.929016,0.929016,0.930023,0.930023,0.930023,0.930023,0.930023,0.930023,0.930023,0.930023,0.930023,0.930023,0.930023,0.930023,0.930023,0.930023,0.930023,0.930023,0.930023,0.930023,0.930023,0.930023,0.930023,0.930023,0.930023,0.930023,0.930023,0.930023,0.930023,0.930023,0.930023,0.930023,0.930023,0.930023,0.930023,0.930023,0.930023,0.930023,0.930023,0.930023,0.930023,0.930023,0.930023,0.930023,0.930023,0.930023,0.930023,0.930023,0.930023,0.930023,0.930023,0.930023,0.930023,0.930023,0.930023,0.930023,0.930023,0.930023,0.930023,0.930054,0.930054,0.930054,0.930054,0.930054,0.930054,0.930054,0.930054,0.930054,0.930054,0.930054,0.930054,0.930054,0.930054,0.930054,0.930054,0.930054,0.930054,0.930054,0.930054,0.930054,0.930054,0.930054,0.930054,0.930054,0.930054,0.930054,0.930054,0.930054,0.930054,0.930054,0.930054,0.930054,0.930054,0.930054,0.930054,0.930054,0.930054,0.930054,0.930054,0.930054,0.930054,0.930054,0.930054,0.930054,0.930054,0.930054,
