kBasicLog: 1
kBreedEdges: 1
kBreedGates: 1
kBreedSample: 2
kBreedType: 0
kChildren: 100
kEvaluations: 20000
kGens: 100
kLegalGateTypes: 1
kLog: 1
kLogIter: 1
kMaxGenStagnation: 300
kMessUp: 0
kMutatePercent: 1
kMutationMode: 1
kMutations: 6
kPruneOrphans: 1
kSaveDotGraphs: 1
kSeed: 0
kThreads: 4
kThreshold: 1000
kTruthWeight: 1
columns: 13
rows: 5,5,5,5,5,5,5,5,5,5,5,5,4
goal_correct_count: 256
goal_total_count: 2048
goal_total_weighted_count: 65536
~
gates_used: 25
total_count: 1606
total_weighted_count: 0
percent: 0.784180
weighted_percent: 0.000000
evaluations: 20100
~
1454,1466,1482,1506,1522,1522,1532,1536,1536,1538,1540,1550,1558,1558,1560,1560,1560,1572,1574,1580,1580,1580,1580,1580,1580,1580,1580,1580,1580,1580,1580,1580,1580,1580,1580,1580,1580,1580,1580,1580,1580,1580,1580,1580,1580,1580,1580,1580,1580,1580,1580,1580,1580,1580,1580,1580,1580,1580,1580,1580,1580,1580,1580,1580,1580,1580,1580,1584,1584,1584,1584,1584,1584,1584,1584,1584,1584,1584,1584,1584,1584,1584,1584,1584,1584,1584,1584,1584,1584,1584,1584,1584,1584,1584,1584,1584,1584,1584,1584,1584,1584,1584,1584,1584,1588,1588,1588,1588,1588,1588,1588,1588,1588,1588,1588,1588,1588,1588,1596,1596,1596,1596,1596,1598,1598,1598,1598,1598,1598,1598,1598,1598,1598,1598,1598,1598,1598,1598,1598,1598,1598,1598,1598,1598,1598,1598,1598,1598,1598,1598,1598,1598,1598,1598,1598,1598,1598,1598,1602,1602,1602,1602,1602,1602,1602,1602,1602,1602,1602,1602,1602,1602,1606,1606,1606,1606,1606,1606,1606,1606,1606,1606,1606,1606,1606,1606,1606,1606,1606,1606,1606,1606,1606,1606,1606,1606,1606,1606,1606,1606,1606,
49268,49352,51400,55368,55880,55880,56012,56016,56016,56024,56020,56060,56188,56188,56192,56192,56192,56216,56218,56224,56224,56224,56224,56224,56224,56224,56224,56224,56224,56224,56224,56224,56224,56224,56224,56224,56224,56224,56224,56224,56224,56224,56224,56224,56224,56224,56224,56224,56224,56224,56224,56224,56224,56224,56224,56224,56224,56224,56224,56224,56224,56224,56224,56224,56224,56224,56224,56256,56256,56256,56256,56256,56256,56256,56256,56256,56256,56256,56256,56256,56256,56256,56256,56256,56256,56256,56256,56256,56256,56256,56256,56256,56256,56256,56256,56256,56256,56256,56256,56256,56256,56256,56256,56256,56352,56352,56352,56352,56352,56352,56352,56352,56352,56352,56352,56352,56352,56352,56800,56800,56800,56800,56800,56808,56808,56808,56808,56808,56808,56808,56808,56808,56808,56808,56808,56808,56808,56808,56808,56808,56808,56808,56808,56808,56808,56808,56808,56808,56808,56808,56808,56808,56808,56808,56808,56808,56808,56808,56840,56840,56840,56840,56840,56840,56840,56840,56840,56840,56840,56840,56840,56840,56872,56872,56872,56872,56872,56872,56872,56872,56872,56872,56872,56872,56872,56872,56872,56872,56872,56872,56872,56872,56872,56872,56872,56872,56872,56872,56872,56872,56872,
0.709961,0.715820,0.723633,0.735352,0.743164,0.743164,0.748047,0.750000,0.750000,0.750977,0.751953,0.756836,0.760742,0.760742,0.761719,0.761719,0.761719,0.767578,0.768555,0.771484,0.771484,0.771484,0.771484,0.771484,0.771484,0.771484,0.771484,0.771484,0.771484,0.771484,0.771484,0.771484,0.771484,0.771484,0.771484,0.771484,0.771484,0.771484,0.771484,0.771484,0.771484,0.771484,0.771484,0.771484,0.771484,0.771484,0.771484,0.771484,0.771484,0.771484,0.771484,0.771484,0.771484,0.771484,0.771484,0.771484,0.771484,0.771484,0.771484,0.771484,0.771484,0.771484,0.771484,0.771484,0.771484,0.771484,0.771484,0.773438,0.773438,0.773438,0.773438,0.773438,0.773438,0.773438,0.773438,0.773438,0.773438,0.773438,0.773438,0.773438,0.773438,0.773438,0.773438,0.773438,0.773438,0.773438,0.773438,0.773438,0.773438,0.773438,0.773438,0.773438,0.773438,0.773438,0.773438,0.773438,0.773438,0.773438,0.773438,0.773438,0.773438,0.773438,0.773438,0.773438,0.775391,0.775391,0.775391,0.775391,0.775391,0.775391,0.775391,0.775391,0.775391,0.775391,0.775391,0.775391,0.775391,0.775391,0.779297,0.779297,0.779297,0.779297,0.779297,0.780273,0.780273,0.780273,0.780273,0.780273,0.780273,0.780273,0.780273,0.780273,0.780273,0.780273,0.780273,0.780273,0.780273,0.780273,0.780273,0.780273,0.780273,0.780273,0.780273,0.780273,0.780273,0.780273,0.780273,0.780273,0.780273,0.780273,0.780273,0.780273,0.780273,0.780273,0.780273,0.780273,0.780273,0.780273,0.782227,0.782227,0.782227,0.782227,0.782227,0.782227,0.782227,0.782227,0.782227,0.782227,0.782227,0.782227,0.782227,0.782227,0.784180,0.784180,0.784180,0.784180,0.784180,0.784180,0.784180,0.784180,0.784180,0.784180,0.784180,0.784180,0.784180,0.784180,0.784180,0.784180,0.784180,0.784180,0.784180,0.784180,0.784180,0.784180,0.784180,0.784180,0.784180,0.784180,0.784180,0.784180,0.784180,
0.751770,0.753052,0.784302,0.844849,0.852661,0.852661,0.854675,0.854736,0.854736,0.854858,0.854797,0.855408,0.857361,0.857361,0.857422,0.857422,0.857422,0.857788,0.857819,0.857910,0.857910,0.857910,0.857910,0.857910,0.857910,0.857910,0.857910,0.857910,0.857910,0.857910,0.857910,0.857910,0.857910,0.857910,0.857910,0.857910,0.857910,0.857910,0.857910,0.857910,0.857910,0.857910,0.857910,0.857910,0.857910,0.857910,0.857910,0.857910,0.857910,0.857910,0.857910,0.857910,0.857910,0.857910,0.857910,0.857910,0.857910,0.857910,0.857910,0.857910,0.857910,0.857910,0.857910,0.857910,0.857910,0.857910,0.857910,0.858398,0.858398,0.858398,0.858398,0.858398,0.858398,0.858398,0.858398,0.858398,0.858398,0.858398,0.858398,0.858398,0.858398,0.858398,0.858398,0.858398,0.858398,0.858398,0.858398,0.858398,0.858398,0.858398,0.858398,0.858398,0.858398,0.858398,0.858398,0.858398,0.858398,0.858398,0.858398,0.858398,0.858398,0.858398,0.858398,0.858398,0.859863,0.859863,0.859863,0.859863,0.859863,0.859863,0.859863,0.859863,0.859863,0.859863,0.859863,0.859863,0.859863,0.859863,0.866699,0.866699,0.866699,0.866699,0.866699,0.866821,0.866821,0.866821,0.866821,0.866821,0.866821,0.866821,0.866821,0.866821,0.866821,0.866821,0.866821,0.866821,0.866821,0.866821,0.866821,0.866821,0.866821,0.866821,0.866821,0.866821,0.866821,0.866821,0.866821,0.866821,0.866821,0.866821,0.866821,0.866821,0.866821,0.866821,0.866821,0.866821,0.866821,0.866821,0.867310,0.867310,0.867310,0.867310,0.867310,0.867310,0.867310,0.867310,0.867310,0.867310,0.867310,0.867310,0.867310,0.867310,0.867798,0.867798,0.867798,0.867798,0.867798,0.867798,0.867798,0.867798,0.867798,0.867798,0.867798,0.867798,0.867798,0.867798,0.867798,0.867798,0.867798,0.867798,0.867798,0.867798,0.867798,0.867798,0.867798,0.867798,0.867798,0.867798,0.867798,0.867798,0.867798,
