kBasicLog: 1
kBreedEdges: 1
kBreedGates: 1
kBreedSample: 2
kBreedType: 0
kChildren: 100
kEvaluations: 20000
kGens: 100
kLegalGateTypes: 1
kLog: 1
kLogIter: 0
kMaxGenStagnation: 300
kMessUp: 0
kMutatePercent: 1
kMutationMode: 1
kMutations: 6
kPruneOrphans: 1
kSaveDotGraphs: 1
kSeed: 0
kThreads: 4
kThreshold: 1000
kTruthWeight: 1
columns: 13
rows: 5,5,5,5,5,5,5,5,5,5,5,5,4
goal_correct_count: 256
goal_total_count: 2048
goal_total_weighted_count: 65536
~
gates_used: 32
total_count: 1650
total_weighted_count: 0
percent: 0.805664
weighted_percent: 0.000000
evaluations: 20100
~
1436,1450,1506,1514,1522,1524,1526,1534,1538,1548,1550,1552,1552,1556,1558,1558,1558,1558,1558,1560,1560,1560,1560,1560,1560,1560,1560,1560,1560,1560,1560,1560,1562,1562,1562,1562,1564,1572,1572,1572,1572,1572,1572,1572,1572,1572,1572,1572,1572,1572,1572,1572,1580,1580,1580,1580,1580,1580,1580,1580,1580,1580,1580,1580,1580,1580,1580,1580,1580,1580,1580,1580,1580,1580,1580,1580,1580,1580,1580,1580,1580,1580,1580,1580,1580,1580,1580,1580,1580,1580,1580,1580,1580,1580,1582,1582,1584,1584,1584,1584,1584,1584,1584,1584,1584,1584,1584,1584,1584,1584,1584,1584,1584,1584,1594,1594,1594,1600,1600,1616,1616,1616,1616,1616,1616,1616,1616,1616,1618,1618,1618,1620,1620,1620,1620,1620,1620,1624,1624,1624,1624,1632,1632,1632,1632,1638,1638,1638,1638,1638,1638,1638,1638,1638,1640,1642,1642,1642,1644,1644,1644,1644,1644,1644,1644,1644,1646,1646,1646,1646,1646,1646,1646,1646,1646,1646,1646,1646,1646,1648,1648,1648,1648,1648,1650,1650,1650,1650,1650,1650,1650,1650,1650,1650,1650,1650,1650,1650,1650,1650,1650,
47660,48744,55416,55548,55804,55812,55816,56328,56360,56888,56904,56912,56912,56944,56960,56960,56960,56960,56960,56976,56976,56976,56976,56976,56976,56976,56976,56976,56976,56976,56976,56976,57708,57708,57708,57708,57724,57980,57980,57980,57980,57980,57980,57980,57980,57980,57980,57980,57980,57980,57980,57980,58236,58236,58236,58236,58236,58236,58236,58236,58236,58236,58236,58236,58236,58236,58236,58236,58236,58236,58236,58236,58236,58236,58236,58236,58236,58236,58236,58236,58236,58236,58236,58236,58236,58236,58236,58236,58236,58236,58236,58236,58236,58236,58244,58244,58252,58252,58252,58252,58252,58252,58252,58252,58252,58252,58252,58252,58252,58252,58252,58252,58252,58252,58262,58262,58262,58382,58382,58894,58894,58894,58894,58894,58894,58894,58894,58894,58898,58898,58898,58902,58902,58902,58902,58902,58902,58910,58910,58910,58910,59166,59166,59166,59166,59650,59650,59650,59650,59650,59650,59650,59650,59650,59654,59662,59662,59662,59664,59664,59664,59664,59664,59664,59664,59664,59674,59674,59674,59674,59674,59674,59674,59674,59674,59674,59674,59674,59674,59676,59676,59676,59676,59676,59678,59678,59678,59678,59678,59678,59678,59678,59678,59678,59678,59678,59678,59678,59678,59678,59678,
0.701172,0.708008,0.735352,0.739258,0.743164,0.744141,0.745117,0.749023,0.750977,0.755859,0.756836,0.757812,0.757812,0.759766,0.760742,0.760742,0.760742,0.760742,0.760742,0.761719,0.761719,0.761719,0.761719,0.761719,0.761719,0.761719,0.761719,0.761719,0.761719,0.761719,0.761719,0.761719,0.762695,0.762695,0.762695,0.762695,0.763672,0.767578,0.767578,0.767578,0.767578,0.767578,0.767578,0.767578,0.767578,0.767578,0.767578,0.767578,0.767578,0.767578,0.767578,0.767578,0.771484,0.771484,0.771484,0.771484,0.771484,0.771484,0.771484,0.771484,0.771484,0.771484,0.771484,0.771484,0.771484,0.771484,0.771484,0.771484,0.771484,0.771484,0.771484,0.771484,0.771484,0.771484,0.771484,0.771484,0.771484,0.771484,0.771484,0.771484,0.771484,0.771484,0.771484,0.771484,0.771484,0.771484,0.771484,0.771484,0.771484,0.771484,0.771484,0.771484,0.771484,0.771484,0.772461,0.772461,0.773438,0.773438,0.773438,0.773438,0.773438,0.773438,0.773438,0.773438,0.773438,0.773438,0.773438,0.773438,0.773438,0.773438,0.773438,0.773438,0.773438,0.773438,0.778320,0.778320,0.778320,0.781250,0.781250,0.789062,0.789062,0.789062,0.789062,0.789062,0.789062,0.789062,0.789062,0.789062,0.790039,0.790039,0.790039,0.791016,0.791016,0.791016,0.791016,0.791016,0.791016,0.792969,0.792969,0.792969,0.792969,0.796875,0.796875,0.796875,0.796875,0.799805,0.799805,0.799805,0.799805,0.799805,0.799805,0.799805,0.799805,0.799805,0.800781,0.801758,0.801758,0.801758,0.802734,0.802734,0.802734,0.802734,0.802734,0.802734,0.802734,0.802734,0.803711,0.803711,0.803711,0.803711,0.803711,0.803711,0.803711,0.803711,0.803711,0.803711,0.803711,0.803711,0.803711,0.804688,0.804688,0.804688,0.804688,0.804688,0.805664,0.805664,0.805664,0.805664,0.805664,0.805664,0.805664,0.805664,0.805664,0.805664,0.805664,0.805664,0.805664,0.805664,0.805664,0.805664,0.805664,
0.727234,0.743774,0.845581,0.847595,0.851501,0.851624,0.851685,0.859497,0.859985,0.868042,0.868286,0.868408,0.868408,0.868896,0.869141,0.869141,0.869141,0.869141,0.869141,0.869385,0.869385,0.869385,0.869385,0.869385,0.869385,0.869385,0.869385,0.869385,0.869385,0.869385,0.869385,0.869385,0.880554,0.880554,0.880554,0.880554,0.880798,0.884705,0.884705,0.884705,0.884705,0.884705,0.884705,0.884705,0.884705,0.884705,0.884705,0.884705,0.884705,0.884705,0.884705,0.884705,0.888611,0.888611,0.888611,0.888611,0.888611,0.888611,0.888611,0.888611,0.888611,0.888611,0.888611,0.888611,0.888611,0.888611,0.888611,0.888611,0.888611,0.888611,0.888611,0.888611,0.888611,0.888611,0.888611,0.888611,0.888611,0.888611,0.888611,0.888611,0.888611,0.888611,0.888611,0.888611,0.888611,0.888611,0.888611,0.888611,0.888611,0.888611,0.888611,0.888611,0.888611,0.888611,0.888733,0.888733,0.888855,0.888855,0.888855,0.888855,0.888855,0.888855,0.888855,0.888855,0.888855,0.888855,0.888855,0.888855,0.888855,0.888855,0.888855,0.888855,0.888855,0.888855,0.889008,0.889008,0.889008,0.890839,0.890839,0.898651,0.898651,0.898651,0.898651,0.898651,0.898651,0.898651,0.898651,0.898651,0.898712,0.898712,0.898712,0.898773,0.898773,0.898773,0.898773,0.898773,0.898773,0.898895,0.898895,0.898895,0.898895,0.902802,0.902802,0.902802,0.902802,0.910187,0.910187,0.910187,0.910187,0.910187,0.910187,0.910187,0.910187,0.910187,0.910248,0.910370,0.910370,0.910370,0.910400,0.910400,0.910400,0.910400,0.910400,0.910400,0.910400,0.910400,0.910553,0.910553,0.910553,0.910553,0.910553,0.910553,0.910553,0.910553,0.910553,0.910553,0.910553,0.910553,0.910553,0.910583,0.910583,0.910583,0.910583,0.910583,0.910614,0.910614,0.910614,0.910614,0.910614,0.910614,0.910614,0.910614,0.910614,0.910614,0.910614,0.910614,0.910614,0.910614,0.910614,0.910614,0.910614,
