kBasicLog: 1
kBreedEdges: 1
kBreedGates: 1
kBreedSample: 2
kBreedType: 0
kChildren: 100
kEvaluations: 20000
kGens: 100
kLegalGateTypes: 1
kLog: 1
kLogIter: 5
kMaxGenStagnation: 300
kMessUp: 0
kMutatePercent: 1
kMutationMode: 1
kMutations: 6
kPruneOrphans: 1
kSaveDotGraphs: 1
kSeed: 0
kThreads: 4
kThreshold: 1000
kTruthWeight: 1
columns: 13
rows: 5,5,5,5,5,5,5,5,5,5,5,5,4
goal_correct_count: 256
goal_total_count: 2048
goal_total_weighted_count: 65536
~
gates_used: 32
total_count: 1606
total_weighted_count: 0
percent: 0.784180
weighted_percent: 0.000000
evaluations: 20100
~
1420,1442,1458,1464,1480,1494,1508,1524,1526,1534,1536,1536,1536,1540,1540,1542,1542,1542,1578,1578,1578,1578,1578,1578,1578,1578,1578,1578,1578,1578,1578,1578,1578,1578,1578,1578,1578,1578,1580,1584,1584,1584,1584,1584,1584,1584,1584,1584,1586,1592,1592,1592,1592,1592,1592,1592,1596,1596,1596,1596,1596,1596,1596,1596,1596,1596,1596,1596,1596,1596,1596,1596,1596,1596,1596,1596,1596,1596,1596,1596,1596,1596,1596,1596,1596,1596,1596,1596,1596,1596,1596,1596,1596,1596,1596,1596,1596,1596,1596,1596,1596,1596,1596,1596,1596,1596,1596,1596,1596,1596,1596,1596,1596,1596,1596,1596,1596,1596,1596,1596,1596,1596,1596,1596,1596,1596,1598,1598,1598,1598,1598,1598,1600,1600,1600,1600,1600,1600,1600,1600,1600,1602,1602,1604,1604,1604,1604,1604,1604,1604,1604,1604,1604,1604,1604,1604,1604,1604,1604,1604,1604,1604,1604,1604,1604,1604,1604,1604,1604,1604,1604,1604,1604,1604,1604,1604,1604,1604,1604,1604,1604,1604,1604,1604,1604,1604,1606,1606,1606,1606,1606,1606,1606,1606,1606,1606,1606,1606,1606,1606,1606,
48876,49400,49468,50472,51496,51524,51596,51612,51644,51900,51932,51932,51932,51996,51996,52000,52000,52000,56128,56128,56128,56128,56128,56128,56128,56128,56128,56128,56128,56128,56128,56128,56128,56128,56128,56128,56128,56128,56136,56158,56158,56158,56158,56158,56158,56158,56158,56158,56160,56166,56166,56166,56166,56166,56166,56166,56198,56198,56198,56198,56198,56198,56198,56198,56198,56198,56198,56198,56198,56198,56198,56198,56198,56198,56198,56198,56198,56198,56198,56198,56198,56198,56198,56198,56198,56198,56198,56198,56198,56198,56198,56198,56198,56198,56198,56198,56198,56198,56198,56198,56198,56198,56198,56198,56198,56198,56198,56198,56198,56198,56198,56198,56198,56198,56198,56198,56198,56198,56198,56198,56198,56198,56198,56198,56198,56198,56214,56214,56214,56214,56214,56214,56680,56680,56680,56680,56680,56680,56680,56680,56680,56684,56684,56688,56688,56688,56688,56688,56688,56688,56688,56688,56688,56688,56688,56688,56688,56688,56688,56688,56688,56688,56688,56688,56688,56688,56688,56688,56688,56688,56688,56688,56688,56688,56688,56688,56688,56688,56688,56688,56688,56688,56688,56688,56688,56688,56696,56696,56696,56696,56696,56696,56696,56696,56696,56696,56696,56696,56696,56696,56696,
0.693359,0.704102,0.711914,0.714844,0.722656,0.729492,0.736328,0.744141,0.745117,0.749023,0.750000,0.750000,0.750000,0.751953,0.751953,0.752930,0.752930,0.752930,0.770508,0.770508,0.770508,0.770508,0.770508,0.770508,0.770508,0.770508,0.770508,0.770508,0.770508,0.770508,0.770508,0.770508,0.770508,0.770508,0.770508,0.770508,0.770508,0.770508,0.771484,0.773438,0.773438,0.773438,0.773438,0.773438,0.773438,0.773438,0.773438,0.773438,0.774414,0.777344,0.777344,0.777344,0.777344,0.777344,0.777344,0.777344,0.779297,0.779297,0.779297,0.779297,0.779297,0.779297,0.779297,0.779297,0.779297,0.779297,0.779297,0.779297,0.779297,0.779297,0.779297,0.779297,0.779297,0.779297,0.779297,0.779297,0.779297,0.779297,0.779297,0.779297,0.779297,0.779297,0.779297,0.779297,0.779297,0.779297,0.779297,0.779297,0.779297,0.779297,0.779297,0.779297,0.779297,0.779297,0.779297,0.779297,0.779297,0.779297,0.779297,0.779297,0.779297,0.779297,0.779297,0.779297,0.779297,0.779297,0.779297,0.779297,0.779297,0.779297,0.779297,0.779297,0.779297,0.779297,0.779297,0.779297,0.779297,0.779297,0.779297,0.779297,0.779297,0.779297,0.779297,0.779297,0.779297,0.779297,0.780273,0.780273,0.780273,0.780273,0.780273,0.780273,0.781250,0.781250,0.781250,0.781250,0.781250,0.781250,0.781250,0.781250,0.781250,0.782227,0.782227,0.783203,0.783203,0.783203,0.783203,0.783203,0.783203,0.783203,0.783203,0.783203,0.783203,0.783203,0.783203,0.783203,0.783203,0.783203,0.783203,0.783203,0.783203,0.783203,0.783203,0.783203,0.783203,0.783203,0.783203,0.783203,0.783203,0.783203,0.783203,0.783203,0.783203,0.783203,0.783203,0.783203,0.783203,0.783203,0.783203,0.783203,0.783203,0.783203,0.783203,0.783203,0.783203,0.783203,0.784180,0.784180,0.784180,0.784180,0.784180,0.784180,0.784180,0.784180,0.784180,0.784180,0.784180,0.784180,0.784180,0.784180,0.784180,
0.745789,0.753784,0.754822,0.770142,0.785767,0.786194,0.787292,0.787537,0.788025,0.791931,0.792419,0.792419,0.792419,0.793396,0.793396,0.793457,0.793457,0.793457,0.856445,0.856445,0.856445,0.856445,0.856445,0.856445,0.856445,0.856445,0.856445,0.856445,0.856445,0.856445,0.856445,0.856445,0.856445,0.856445,0.856445,0.856445,0.856445,0.856445,0.856567,0.856903,0.856903,0.856903,0.856903,0.856903,0.856903,0.856903,0.856903,0.856903,0.856934,0.857025,0.857025,0.857025,0.857025,0.857025,0.857025,0.857025,0.857513,0.857513,0.857513,0.857513,0.857513,0.857513,0.857513,0.857513,0.857513,0.857513,0.857513,0.857513,0.857513,0.857513,0.857513,0.857513,0.857513,0.857513,0.857513,0.857513,0.857513,0.857513,0.857513,0.857513,0.857513,0.857513,0.857513,0.857513,0.857513,0.857513,0.857513,0.857513,0.857513,0.857513,0.857513,0.857513,0.857513,0.857513,0.857513,0.857513,0.857513,0.857513,0.857513,0.857513,0.857513,0.857513,0.857513,0.857513,0.857513,0.857513,0.857513,0.857513,0.857513,0.857513,0.857513,0.857513,0.857513,0.857513,0.857513,0.857513,0.857513,0.857513,0.857513,0.857513,0.857513,0.857513,0.857513,0.857513,0.857513,0.857513,0.857758,0.857758,0.857758,0.857758,0.857758,0.857758,0.864868,0.864868,0.864868,0.864868,0.864868,0.864868,0.864868,0.864868,0.864868,0.864929,0.864929,0.864990,0.864990,0.864990,0.864990,0.864990,0.864990,0.864990,0.864990,0.864990,0.864990,0.864990,0.864990,0.864990,0.864990,0.864990,0.864990,0.864990,0.864990,0.864990,0.864990,0.864990,0.864990,0.864990,0.864990,0.864990,0.864990,0.864990,0.864990,0.864990,0.864990,0.864990,0.864990,0.864990,0.864990,0.864990,0.864990,0.864990,0.864990,0.864990,0.864990,0.864990,0.864990,0.864990,0.865112,0.865112,0.865112,0.865112,0.865112,0.865112,0.865112,0.865112,0.865112,0.865112,0.865112,0.865112,0.865112,0.865112,0.865112,
