kBasicLog: 1
kBreedEdges: 1
kBreedGates: 1
kBreedSample: 2
kBreedType: 0
kChildren: 100
kEvaluations: 20000
kGens: 100
kLegalGateTypes: 1
kLog: 1
kLogIter: 3
kMaxGenStagnation: 300
kMessUp: 0
kMutatePercent: 1
kMutationMode: 1
kMutations: 6
kPruneOrphans: 1
kSaveDotGraphs: 1
kSeed: 0
kThreads: 4
kThreshold: 1000
kTruthWeight: 1
columns: 13
rows: 5,5,5,5,5,5,5,5,5,5,5,5,4
goal_correct_count: 256
goal_total_count: 2048
goal_total_weighted_count: 65536
~
gates_used: 30
total_count: 1613
total_weighted_count: 0
percent: 0.787598
weighted_percent: 0.000000
evaluations: 20100
~
1460,1466,1474,1486,1506,1510,1516,1524,1524,1524,1524,1524,1528,1528,1530,1530,1530,1530,1530,1530,1530,1534,1534,1536,1536,1536,1536,1536,1536,1536,1536,1536,1536,1538,1546,1546,1554,1562,1566,1570,1572,1572,1572,1574,1574,1574,1576,1576,1576,1576,1576,1576,1576,1576,1576,1576,1576,1576,1576,1576,1576,1576,1576,1576,1576,1576,1576,1576,1576,1576,1580,1580,1580,1580,1580,1580,1580,1586,1586,1586,1586,1586,1586,1586,1586,1586,1586,1586,1586,1586,1586,1586,1586,1586,1586,1586,1586,1586,1586,1586,1586,1586,1586,1586,1586,1586,1586,1586,1586,1586,1586,1586,1586,1586,1586,1586,1586,1586,1586,1586,1586,1586,1586,1586,1586,1586,1586,1586,1586,1586,1586,1590,1590,1590,1590,1590,1590,1590,1590,1590,1590,1590,1590,1590,1590,1590,1590,1596,1596,1596,1596,1598,1598,1598,1598,1598,1598,1598,1598,1598,1598,1602,1602,1604,1604,1604,1604,1606,1606,1606,1606,1606,1606,1606,1606,1606,1610,1610,1610,1610,1610,1610,1610,1610,1610,1610,1612,1612,1613,1613,1613,1613,1613,1613,1613,1613,1613,1613,1613,1613,1613,
51172,51420,51500,51692,55596,55660,55672,55928,55928,55928,55928,55928,55960,55960,55968,55968,55968,55968,55968,55968,55968,56000,56000,56016,56016,56016,56016,56016,56016,56016,56016,56016,56016,56516,57028,57028,57040,57936,58000,58064,58068,58068,58068,58072,58072,58072,58088,58088,58088,58088,58088,58088,58088,58088,58088,58088,58088,58088,58088,58088,58088,58088,58088,58088,58088,58088,58088,58088,58088,58088,58090,58090,58090,58090,58090,58090,58090,58102,58102,58102,58102,58102,58102,58102,58102,58102,58102,58102,58102,58102,58102,58102,58102,58102,58102,58102,58102,58102,58102,58102,58102,58102,58102,58102,58102,58102,58102,58102,58102,58102,58102,58102,58102,58102,58102,58102,58102,58102,58102,58102,58102,58102,58102,58102,58102,58102,58102,58102,58102,58102,58102,58134,58134,58134,58134,58134,58134,58134,58134,58134,58134,58134,58134,58134,58134,58134,58134,58140,58140,58140,58140,58148,58148,58148,58148,58148,58148,58148,58148,58148,58148,58164,58164,58172,58172,58172,58172,58180,58180,58180,58180,58180,58180,58180,58180,58180,58244,58244,58244,58244,58244,58244,58244,58244,58244,58244,58252,58252,58256,58256,58256,58256,58256,58256,58256,58256,58256,58256,58256,58256,58256,
0.712891,0.715820,0.719727,0.725586,0.735352,0.737305,0.740234,0.744141,0.744141,0.744141,0.744141,0.744141,0.746094,0.746094,0.747070,0.747070,0.747070,0.747070,0.747070,0.747070,0.747070,0.749023,0.749023,0.750000,0.750000,0.750000,0.750000,0.750000,0.750000,0.750000,0.750000,0.750000,0.750000,0.750977,0.754883,0.754883,0.758789,0.762695,0.764648,0.766602,0.767578,0.767578,0.767578,0.768555,0.768555,0.768555,0.769531,0.769531,0.769531,0.769531,0.769531,0.769531,0.769531,0.769531,0.769531,0.769531,0.769531,0.769531,0.769531,0.769531,0.769531,0.769531,0.769531,0.769531,0.769531,0.769531,0.769531,0.769531,0.769531,0.769531,0.771484,0.771484,0.771484,0.771484,0.771484,0.771484,0.771484,0.774414,0.774414,0.774414,0.774414,0.774414,0.774414,0.774414,0.774414,0.774414,0.774414,0.774414,0.774414,0.774414,0.774414,0.774414,0.774414,0.774414,0.774414,0.774414,0.774414,0.774414,0.774414,0.774414,0.774414,0.774414,0.774414,0.774414,0.774414,0.774414,0.774414,0.774414,0.774414,0.774414,0.774414,0.774414,0.774414,0.774414,0.774414,0.774414,0.774414,0.774414,0.774414,0.774414,0.774414,0.774414,0.774414,0.774414,0.774414,0.774414,0.774414,0.774414,0.774414,0.774414,0.774414,0.776367,0.776367,0.776367,0.776367,0.776367,0.776367,0.776367,0.776367,0.776367,0.776367,0.776367,0.776367,0.776367,0.776367,0.776367,0.776367,0.779297,0.779297,0.779297,0.779297,0.780273,0.780273,0.780273,0.780273,0.780273,0.780273,0.780273,0.780273,0.780273,0.780273,0.782227,0.782227,0.783203,0.783203,0.783203,0.783203,0.784180,0.784180,0.784180,0.784180,0.784180,0.784180,0.784180,0.784180,0.784180,0.786133,0.786133,0.786133,0.786133,0.786133,0.786133,0.786133,0.786133,0.786133,0.786133,0.787109,0.787109,0.787598,0.787598,0.787598,0.787598,0.787598,0.787598,0.787598,0.787598,0.787598,0.787598,0.787598,0.787598,0.787598,
0.780823,0.784607,0.785828,0.788757,0.848328,0.849304,0.849487,0.853394,0.853394,0.853394,0.853394,0.853394,0.853882,0.853882,0.854004,0.854004,0.854004,0.854004,0.854004,0.854004,0.854004,0.854492,0.854492,0.854736,0.854736,0.854736,0.854736,0.854736,0.854736,0.854736,0.854736,0.854736,0.854736,0.862366,0.870178,0.870178,0.870361,0.884033,0.885010,0.885986,0.886047,0.886047,0.886047,0.886108,0.886108,0.886108,0.886353,0.886353,0.886353,0.886353,0.886353,0.886353,0.886353,0.886353,0.886353,0.886353,0.886353,0.886353,0.886353,0.886353,0.886353,0.886353,0.886353,0.886353,0.886353,0.886353,0.886353,0.886353,0.886353,0.886353,0.886383,0.886383,0.886383,0.886383,0.886383,0.886383,0.886383,0.886566,0.886566,0.886566,0.886566,0.886566,0.886566,0.886566,0.886566,0.886566,0.886566,0.886566,0.886566,0.886566,0.886566,0.886566,0.886566,0.886566,0.886566,0.886566,0.886566,0.886566,0.886566,0.886566,0.886566,0.886566,0.886566,0.886566,0.886566,0.886566,0.886566,0.886566,0.886566,0.886566,0.886566,0.886566,0.886566,0.886566,0.886566,0.886566,0.886566,0.886566,0.886566,0.886566,0.886566,0.886566,0.886566,0.886566,0.886566,0.886566,0.886566,0.886566,0.886566,0.886566,0.886566,0.887054,0.887054,0.887054,0.887054,0.887054,0.887054,0.887054,0.887054,0.887054,0.887054,0.887054,0.887054,0.887054,0.887054,0.887054,0.887054,0.887146,0.887146,0.887146,0.887146,0.887268,0.887268,0.887268,0.887268,0.887268,0.887268,0.887268,0.887268,0.887268,0.887268,0.887512,0.887512,0.887634,0.887634,0.887634,0.887634,0.887756,0.887756,0.887756,0.887756,0.887756,0.887756,0.887756,0.887756,0.887756,0.888733,0.888733,0.888733,0.888733,0.888733,0.888733,0.888733,0.888733,0.888733,0.888733,0.888855,0.888855,0.888916,0.888916,0.888916,0.888916,0.888916,0.888916,0.888916,0.888916,0.888916,0.888916,0.888916,0.888916,0.888916,
