kBasicLog: 1
kBreedEdges: 1
kBreedGates: 1
kBreedSample: 2
kBreedType: 0
kChildren: 100
kEvaluations: 20000
kGens: 100
kLegalGateTypes: 1
kLog: 1
kLogIter: 6
kMaxGenStagnation: 300
kMessUp: 0
kMutatePercent: 1
kMutationMode: 1
kMutations: 6
kPruneOrphans: 1
kSaveDotGraphs: 1
kSeed: 0
kThreads: 4
kThreshold: 1000
kTruthWeight: 1
columns: 13
rows: 5,5,5,5,5,5,5,5,5,5,5,5,4
goal_correct_count: 256
goal_total_count: 2048
goal_total_weighted_count: 65536
~
gates_used: 29
total_count: 1600
total_weighted_count: 0
percent: 0.781250
weighted_percent: 0.000000
evaluations: 20100
~
1478,1478,1494,1498,1520,1524,1546,1556,1560,1562,1564,1564,1564,1568,1568,1568,1568,1570,1570,1570,1570,1570,1570,1570,1570,1570,1570,1570,1570,1570,1570,1570,1570,1570,1572,1572,1572,1572,1572,1574,1574,1574,1574,1574,1574,1574,1574,1574,1574,1574,1574,1574,1574,1574,1574,1574,1574,1574,1578,1578,1578,1578,1578,1578,1578,1578,1578,1578,1580,1580,1580,1580,1580,1580,1580,1582,1582,1582,1582,1582,1582,1582,1582,1582,1582,1582,1582,1582,1582,1582,1582,1582,1582,1588,1588,1588,1588,1588,1588,1588,1588,1588,1588,1588,1588,1588,1588,1588,1588,1588,1588,1588,1588,1588,1588,1588,1588,1588,1588,1588,1588,1588,1588,1588,1588,1588,1588,1588,1588,1588,1588,1588,1588,1588,1588,1588,1588,1588,1588,1588,1588,1588,1588,1588,1588,1588,1588,1588,1588,1588,1588,1588,1588,1588,1588,1588,1588,1588,1588,1588,1588,1588,1588,1588,1588,1588,1588,1588,1588,1588,1588,1588,1588,1588,1588,1588,1588,1588,1593,1593,1593,1593,1593,1593,1593,1593,1593,1593,1593,1593,1593,1593,1596,1596,1596,1596,1596,1596,1600,1600,1600,
52876,52876,54996,55060,55098,55226,55754,55764,55828,55860,55892,55892,55892,55956,55956,55956,55956,55964,55964,55964,55964,55964,55964,55964,55964,55964,55964,55964,55964,55964,55964,55964,55964,55964,55972,55972,55972,55972,55972,55980,55980,55980,55980,55980,55980,55980,55980,55980,55980,55980,55980,55980,55980,55980,55980,55980,55980,55980,56012,56012,56012,56012,56012,56012,56012,56012,56012,56012,56028,56028,56028,56028,56028,56028,56028,56044,56044,56044,56044,56044,56044,56044,56044,56044,56044,56044,56044,56044,56044,56044,56044,56044,56044,56140,56140,56140,56140,56140,56140,56140,56140,56140,56140,56140,56140,56140,56140,56140,56140,56140,56140,56140,56140,56140,56140,56140,56140,56140,56140,56140,56140,56140,56140,56140,56140,56140,56140,56140,56140,56140,56140,56140,56140,56140,56140,56140,56140,56140,56140,56140,56140,56140,56140,56140,56140,56140,56140,56140,56140,56140,56140,56140,56140,56140,56140,56140,56140,56140,56140,56140,56140,56140,56140,56140,56140,56140,56140,56140,56140,56140,56140,56140,56140,56140,56140,56140,56140,56140,56145,56145,56145,56145,56145,56145,56145,56145,56145,56145,56145,56145,56145,56145,56151,56151,56151,56151,56151,56151,56159,56159,56159,
0.721680,0.721680,0.729492,0.731445,0.742188,0.744141,0.754883,0.759766,0.761719,0.762695,0.763672,0.763672,0.763672,0.765625,0.765625,0.765625,0.765625,0.766602,0.766602,0.766602,0.766602,0.766602,0.766602,0.766602,0.766602,0.766602,0.766602,0.766602,0.766602,0.766602,0.766602,0.766602,0.766602,0.766602,0.767578,0.767578,0.767578,0.767578,0.767578,0.768555,0.768555,0.768555,0.768555,0.768555,0.768555,0.768555,0.768555,0.768555,0.768555,0.768555,0.768555,0.768555,0.768555,0.768555,0.768555,0.768555,0.768555,0.768555,0.770508,0.770508,0.770508,0.770508,0.770508,0.770508,0.770508,0.770508,0.770508,0.770508,0.771484,0.771484,0.771484,0.771484,0.771484,0.771484,0.771484,0.772461,0.772461,0.772461,0.772461,0.772461,0.772461,0.772461,0.772461,0.772461,0.772461,0.772461,0.772461,0.772461,0.772461,0.772461,0.772461,0.772461,0.772461,0.775391,0.775391,0.775391,0.775391,0.775391,0.775391,0.775391,0.775391,0.775391,0.775391,0.775391,0.775391,0.775391,0.775391,0.775391,0.775391,0.775391,0.775391,0.775391,0.775391,0.775391,0.775391,0.775391,0.775391,0.775391,0.775391,0.775391,0.775391,0.775391,0.775391,0.775391,0.775391,0.775391,0.775391,0.775391,0.775391,0.775391,0.775391,0.775391,0.775391,0.775391,0.775391,0.775391,0.775391,0.775391,0.775391,0.775391,0.775391,0.775391,0.775391,0.775391,0.775391,0.775391,0.775391,0.775391,0.775391,0.775391,0.775391,0.775391,0.775391,0.775391,0.775391,0.775391,0.775391,0.775391,0.775391,0.775391,0.775391,0.775391,0.775391,0.775391,0.775391,0.775391,0.775391,0.775391,0.775391,0.775391,0.775391,0.775391,0.775391,0.775391,0.775391,0.775391,0.775391,0.775391,0.777832,0.777832,0.777832,0.777832,0.777832,0.777832,0.777832,0.777832,0.777832,0.777832,0.777832,0.777832,0.777832,0.777832,0.779297,0.779297,0.779297,0.779297,0.779297,0.779297,0.781250,0.781250,0.781250,
0.806824,0.806824,0.839172,0.840149,0.840729,0.842682,0.850739,0.850891,0.851868,0.852356,0.852844,0.852844,0.852844,0.853821,0.853821,0.853821,0.853821,0.853943,0.853943,0.853943,0.853943,0.853943,0.853943,0.853943,0.853943,0.853943,0.853943,0.853943,0.853943,0.853943,0.853943,0.853943,0.853943,0.853943,0.854065,0.854065,0.854065,0.854065,0.854065,0.854187,0.854187,0.854187,0.854187,0.854187,0.854187,0.854187,0.854187,0.854187,0.854187,0.854187,0.854187,0.854187,0.854187,0.854187,0.854187,0.854187,0.854187,0.854187,0.854675,0.854675,0.854675,0.854675,0.854675,0.854675,0.854675,0.854675,0.854675,0.854675,0.854919,0.854919,0.854919,0.854919,0.854919,0.854919,0.854919,0.855164,0.855164,0.855164,0.855164,0.855164,0.855164,0.855164,0.855164,0.855164,0.855164,0.855164,0.855164,0.855164,0.855164,0.855164,0.855164,0.855164,0.855164,0.856628,0.856628,0.856628,0.856628,0.856628,0.856628,0.856628,0.856628,0.856628,0.856628,0.856628,0.856628,0.856628,0.856628,0.856628,0.856628,0.856628,0.856628,0.856628,0.856628,0.856628,0.856628,0.856628,0.856628,0.856628,0.856628,0.856628,0.856628,0.856628,0.856628,0.856628,0.856628,0.856628,0.856628,0.856628,0.856628,0.856628,0.856628,0.856628,0.856628,0.856628,0.856628,0.856628,0.856628,0.856628,0.856628,0.856628,0.856628,0.856628,0.856628,0.856628,0.856628,0.856628,0.856628,0.856628,0.856628,0.856628,0.856628,0.856628,0.856628,0.856628,0.856628,0.856628,0.856628,0.856628,0.856628,0.856628,0.856628,0.856628,0.856628,0.856628,0.856628,0.856628,0.856628,0.856628,0.856628,0.856628,0.856628,0.856628,0.856628,0.856628,0.856628,0.856628,0.856628,0.856628,0.856705,0.856705,0.856705,0.856705,0.856705,0.856705,0.856705,0.856705,0.856705,0.856705,0.856705,0.856705,0.856705,0.856705,0.856796,0.856796,0.856796,0.856796,0.856796,0.856796,0.856918,0.856918,0.856918,
