kBasicLog: 1
kBreedEdges: 1
kBreedGates: 1
kBreedSample: 2
kBreedType: 0
kChildren: 100
kEvaluations: 20000
kGens: 100
kLegalGateTypes: 1
kLog: 1
kLogIter: 7
kMaxGenStagnation: 300
kMessUp: 0
kMutatePercent: 1
kMutationMode: 1
kMutations: 6
kPruneOrphans: 1
kSaveDotGraphs: 1
kSeed: 0
kThreads: 4
kThreshold: 1000
kTruthWeight: 1
columns: 13
rows: 5,5,5,5,5,5,5,5,5,5,5,5,4
goal_correct_count: 256
goal_total_count: 2048
goal_total_weighted_count: 65536
~
gates_used: 43
total_count: 1677
total_weighted_count: 0
percent: 0.818848
weighted_percent: 0.000000
evaluations: 20100
~
1492,1500,1532,1548,1564,1568,1574,1574,1582,1582,1584,1584,1584,1584,1586,1586,1586,1586,1586,1588,1592,1596,1600,1602,1632,1639,1639,1641,1641,1641,1641,1641,1647,1647,1647,1647,1647,1647,1647,1647,1647,1647,1647,1647,1647,1647,1647,1649,1651,1651,1651,1651,1651,1651,1651,1651,1651,1651,1651,1651,1651,1651,1651,1651,1651,1651,1651,1651,1651,1651,1651,1651,1651,1651,1651,1651,1651,1651,1651,1651,1651,1651,1651,1651,1651,1651,1651,1651,1651,1651,1651,1651,1651,1651,1651,1651,1651,1651,1651,1651,1651,1651,1651,1651,1651,1651,1651,1651,1651,1651,1651,1651,1651,1651,1659,1659,1662,1662,1662,1662,1662,1662,1662,1662,1662,1662,1662,1662,1662,1662,1662,1662,1662,1662,1662,1662,1662,1662,1662,1663,1664,1664,1664,1664,1664,1664,1664,1664,1664,1664,1664,1664,1664,1666,1666,1666,1666,1666,1666,1668,1668,1668,1668,1668,1668,1668,1668,1668,1668,1668,1668,1668,1668,1668,1668,1668,1668,1668,1668,1668,1668,1668,1670,1670,1670,1670,1674,1674,1674,1674,1674,1674,1674,1674,1674,1674,1675,1675,1676,1676,1677,
53164,53292,57388,58412,59436,59468,59492,59492,59524,59524,59532,59532,59532,59532,59540,59540,59540,59540,59540,59772,59788,59852,59916,60148,61164,61178,61178,61182,61182,61182,61182,61182,61206,61206,61206,61206,61206,61206,61206,61206,61206,61206,61206,61206,61206,61206,61206,61238,61270,61270,61270,61270,61270,61270,61270,61270,61270,61270,61270,61270,61270,61270,61270,61270,61270,61270,61270,61270,61270,61270,61270,61270,61270,61270,61270,61270,61270,61270,61270,61270,61270,61270,61270,61270,61270,61270,61270,61270,61270,61270,61270,61270,61270,61270,61270,61270,61270,61270,61270,61270,61270,61270,61270,61270,61270,61270,61270,61270,61270,61270,61270,61270,61270,61270,61398,61398,61404,61404,61404,61404,61404,61404,61404,61404,61404,61404,61404,61404,61404,61404,61404,61404,61404,61404,61404,61404,61404,61404,61404,61405,61406,61406,61406,61406,61406,61406,61406,61406,61406,61406,61406,61406,61406,61408,61408,61408,61408,61408,61408,61456,61456,61456,61456,61456,61456,61456,61456,61456,61456,61456,61456,61456,61456,61456,61456,61456,61456,61456,61456,61456,61456,61456,61458,61458,61458,61458,61474,61474,61474,61474,61474,61474,61474,61474,61474,61474,61482,61482,61490,61490,61498,
0.728516,0.732422,0.748047,0.755859,0.763672,0.765625,0.768555,0.768555,0.772461,0.772461,0.773438,0.773438,0.773438,0.773438,0.774414,0.774414,0.774414,0.774414,0.774414,0.775391,0.777344,0.779297,0.781250,0.782227,0.796875,0.800293,0.800293,0.801270,0.801270,0.801270,0.801270,0.801270,0.804199,0.804199,0.804199,0.804199,0.804199,0.804199,0.804199,0.804199,0.804199,0.804199,0.804199,0.804199,0.804199,0.804199,0.804199,0.805176,0.806152,0.806152,0.806152,0.806152,0.806152,0.806152,0.806152,0.806152,0.806152,0.806152,0.806152,0.806152,0.806152,0.806152,0.806152,0.806152,0.806152,0.806152,0.806152,0.806152,0.806152,0.806152,0.806152,0.806152,0.806152,0.806152,0.806152,0.806152,0.806152,0.806152,0.806152,0.806152,0.806152,0.806152,0.806152,0.806152,0.806152,0.806152,0.806152,0.806152,0.806152,0.806152,0.806152,0.806152,0.806152,0.806152,0.806152,0.806152,0.806152,0.806152,0.806152,0.806152,0.806152,0.806152,0.806152,0.806152,0.806152,0.806152,0.806152,0.806152,0.806152,0.806152,0.806152,0.806152,0.806152,0.806152,0.810059,0.810059,0.811523,0.811523,0.811523,0.811523,0.811523,0.811523,0.811523,0.811523,0.811523,0.811523,0.811523,0.811523,0.811523,0.811523,0.811523,0.811523,0.811523,0.811523,0.811523,0.811523,0.811523,0.811523,0.811523,0.812012,0.812500,0.812500,0.812500,0.812500,0.812500,0.812500,0.812500,0.812500,0.812500,0.812500,0.812500,0.812500,0.812500,0.813477,0.813477,0.813477,0.813477,0.813477,0.813477,0.814453,0.814453,0.814453,0.814453,0.814453,0.814453,0.814453,0.814453,0.814453,0.814453,0.814453,0.814453,0.814453,0.814453,0.814453,0.814453,0.814453,0.814453,0.814453,0.814453,0.814453,0.814453,0.814453,0.815430,0.815430,0.815430,0.815430,0.817383,0.817383,0.817383,0.817383,0.817383,0.817383,0.817383,0.817383,0.817383,0.817383,0.817871,0.817871,0.818359,0.818359,0.818848,
0.811218,0.813171,0.875671,0.891296,0.906921,0.907410,0.907776,0.907776,0.908264,0.908264,0.908386,0.908386,0.908386,0.908386,0.908508,0.908508,0.908508,0.908508,0.908508,0.912048,0.912292,0.913269,0.914246,0.917786,0.933289,0.933502,0.933502,0.933563,0.933563,0.933563,0.933563,0.933563,0.933929,0.933929,0.933929,0.933929,0.933929,0.933929,0.933929,0.933929,0.933929,0.933929,0.933929,0.933929,0.933929,0.933929,0.933929,0.934418,0.934906,0.934906,0.934906,0.934906,0.934906,0.934906,0.934906,0.934906,0.934906,0.934906,0.934906,0.934906,0.934906,0.934906,0.934906,0.934906,0.934906,0.934906,0.934906,0.934906,0.934906,0.934906,0.934906,0.934906,0.934906,0.934906,0.934906,0.934906,0.934906,0.934906,0.934906,0.934906,0.934906,0.934906,0.934906,0.934906,0.934906,0.934906,0.934906,0.934906,0.934906,0.934906,0.934906,0.934906,0.934906,0.934906,0.934906,0.934906,0.934906,0.934906,0.934906,0.934906,0.934906,0.934906,0.934906,0.934906,0.934906,0.934906,0.934906,0.934906,0.934906,0.934906,0.934906,0.934906,0.934906,0.934906,0.936859,0.936859,0.936951,0.936951,0.936951,0.936951,0.936951,0.936951,0.936951,0.936951,0.936951,0.936951,0.936951,0.936951,0.936951,0.936951,0.936951,0.936951,0.936951,0.936951,0.936951,0.936951,0.936951,0.936951,0.936951,0.936966,0.936981,0.936981,0.936981,0.936981,0.936981,0.936981,0.936981,0.936981,0.936981,0.936981,0.936981,0.936981,0.936981,0.937012,0.937012,0.937012,0.937012,0.937012,0.937012,0.937744,0.937744,0.937744,0.937744,0.937744,0.937744,0.937744,0.937744,0.937744,0.937744,0.937744,0.937744,0.937744,0.937744,0.937744,0.937744,0.937744,0.937744,0.937744,0.937744,0.937744,0.937744,0.937744,0.937775,0.937775,0.937775,0.937775,0.938019,0.938019,0.938019,0.938019,0.938019,0.938019,0.938019,0.938019,0.938019,0.938019,0.938141,0.938141,0.938263,0.938263,0.938385,
