kBasicLog: 1
kBreedEdges: 1
kBreedGates: 1
kBreedSample: 2
kBreedType: 0
kChildren: 100
kEvaluations: 20000
kGens: 100
kLegalGateTypes: 1
kLog: 1
kLogIter: 4
kMaxGenStagnation: 300
kMessUp: 0
kMutatePercent: 1
kMutationMode: 1
kMutations: 6
kPruneOrphans: 1
kSaveDotGraphs: 1
kSeed: 0
kThreads: 4
kThreshold: 1000
kTruthWeight: 1
columns: 13
rows: 5,5,5,5,5,5,5,5,5,5,5,5,4
goal_correct_count: 256
goal_total_count: 2048
goal_total_weighted_count: 65536
~
gates_used: 32
total_count: 1636
total_weighted_count: 0
percent: 0.798828
weighted_percent: 0.000000
evaluations: 20100
~
1430,1462,1470,1478,1478,1478,1482,1482,1490,1490,1492,1496,1498,1504,1508,1540,1546,1548,1550,1550,1550,1550,1550,1550,1550,1552,1556,1556,1556,1570,1570,1570,1570,1572,1572,1574,1574,1576,1576,1578,1580,1580,1580,1580,1580,1580,1580,1580,1580,1580,1580,1580,1588,1588,1588,1588,1590,1598,1598,1598,1610,1610,1616,1622,1622,1622,1622,1622,1622,1622,1622,1622,1622,1622,1622,1622,1622,1622,1622,1622,1622,1622,1622,1622,1622,1622,1622,1622,1622,1622,1622,1622,1622,1622,1622,1622,1622,1622,1622,1622,1622,1622,1628,1630,1630,1630,1630,1630,1630,1630,1630,1630,1630,1630,1630,1630,1630,1630,1630,1630,1632,1636,1636,1636,1636,1636,1636,1636,1636,1636,1636,1636,1636,1636,1636,1636,1636,1636,1636,1636,1636,1636,1636,1636,1636,1636,1636,1636,1636,1636,1636,1636,1636,1636,1636,1636,1636,1636,1636,1636,1636,1636,1636,1636,1636,1636,1636,1636,1636,1636,1636,1636,1636,1636,1636,1636,1636,1636,1636,1636,1636,1636,1636,1636,1636,1636,1636,1636,1636,1636,1636,1636,1636,1636,1636,1636,1636,1636,1636,1636,1636,
46136,50232,51000,51256,51256,51256,51320,51320,51576,51576,51578,51594,51602,51976,51988,56084,56090,56094,56096,56096,56096,56096,56096,56096,56096,56104,56120,56120,56120,57376,57376,57376,57376,57624,57624,57632,57632,57664,57664,57672,57680,57680,57680,57680,57680,57680,57680,57680,57680,57680,57680,57680,58192,58192,58192,58192,58196,58204,58204,58204,58228,58228,58240,58336,58336,58336,58336,58336,58336,58336,58336,58336,58336,58336,58336,58336,58336,58336,58336,58336,58336,58336,58336,58336,58336,58336,58336,58336,58336,58336,58336,58336,58336,58336,58336,58336,58336,58336,58336,58336,58336,58336,58360,58392,58392,58392,58392,58392,58392,58392,58392,58392,58392,58392,58392,58392,58392,58392,58392,58392,58424,58456,58456,58456,58456,58456,58456,58456,58456,58456,58456,58456,58456,58456,58456,58456,58456,58456,58456,58456,58456,58456,58456,58456,58456,58456,58456,58456,58456,58456,58456,58456,58456,58456,58456,58456,58456,58456,58456,58456,58456,58456,58456,58456,58456,58456,58456,58456,58456,58456,58456,58456,58456,58456,58456,58456,58456,58456,58456,58456,58456,58456,58456,58456,58456,58456,58456,58456,58456,58456,58456,58456,58456,58456,58456,58456,58456,58456,58456,58456,58456,
0.698242,0.713867,0.717773,0.721680,0.721680,0.721680,0.723633,0.723633,0.727539,0.727539,0.728516,0.730469,0.731445,0.734375,0.736328,0.751953,0.754883,0.755859,0.756836,0.756836,0.756836,0.756836,0.756836,0.756836,0.756836,0.757812,0.759766,0.759766,0.759766,0.766602,0.766602,0.766602,0.766602,0.767578,0.767578,0.768555,0.768555,0.769531,0.769531,0.770508,0.771484,0.771484,0.771484,0.771484,0.771484,0.771484,0.771484,0.771484,0.771484,0.771484,0.771484,0.771484,0.775391,0.775391,0.775391,0.775391,0.776367,0.780273,0.780273,0.780273,0.786133,0.786133,0.789062,0.791992,0.791992,0.791992,0.791992,0.791992,0.791992,0.791992,0.791992,0.791992,0.791992,0.791992,0.791992,0.791992,0.791992,0.791992,0.791992,0.791992,0.791992,0.791992,0.791992,0.791992,0.791992,0.791992,0.791992,0.791992,0.791992,0.791992,0.791992,0.791992,0.791992,0.791992,0.791992,0.791992,0.791992,0.791992,0.791992,0.791992,0.791992,0.791992,0.794922,0.795898,0.795898,0.795898,0.795898,0.795898,0.795898,0.795898,0.795898,0.795898,0.795898,0.795898,0.795898,0.795898,0.795898,0.795898,0.795898,0.795898,0.796875,0.798828,0.798828,0.798828,0.798828,0.798828,0.798828,0.798828,0.798828,0.798828,0.798828,0.798828,0.798828,0.798828,0.798828,0.798828,0.798828,0.798828,0.798828,0.798828,0.798828,0.798828,0.798828,0.798828,0.798828,0.798828,0.798828,0.798828,0.798828,0.798828,0.798828,0.798828,0.798828,0.798828,0.798828,0.798828,0.798828,0.798828,0.798828,0.798828,0.798828,0.798828,0.798828,0.798828,0.798828,0.798828,0.798828,0.798828,0.798828,0.798828,0.798828,0.798828,0.798828,0.798828,0.798828,0.798828,0.798828,0.798828,0.798828,0.798828,0.798828,0.798828,0.798828,0.798828,0.798828,0.798828,0.798828,0.798828,0.798828,0.798828,0.798828,0.798828,0.798828,0.798828,0.798828,0.798828,0.798828,0.798828,0.798828,0.798828,0.798828,
0.703979,0.766479,0.778198,0.782104,0.782104,0.782104,0.783081,0.783081,0.786987,0.786987,0.787018,0.787262,0.787384,0.793091,0.793274,0.855774,0.855865,0.855927,0.855957,0.855957,0.855957,0.855957,0.855957,0.855957,0.855957,0.856079,0.856323,0.856323,0.856323,0.875488,0.875488,0.875488,0.875488,0.879272,0.879272,0.879395,0.879395,0.879883,0.879883,0.880005,0.880127,0.880127,0.880127,0.880127,0.880127,0.880127,0.880127,0.880127,0.880127,0.880127,0.880127,0.880127,0.887939,0.887939,0.887939,0.887939,0.888000,0.888123,0.888123,0.888123,0.888489,0.888489,0.888672,0.890137,0.890137,0.890137,0.890137,0.890137,0.890137,0.890137,0.890137,0.890137,0.890137,0.890137,0.890137,0.890137,0.890137,0.890137,0.890137,0.890137,0.890137,0.890137,0.890137,0.890137,0.890137,0.890137,0.890137,0.890137,0.890137,0.890137,0.890137,0.890137,0.890137,0.890137,0.890137,0.890137,0.890137,0.890137,0.890137,0.890137,0.890137,0.890137,0.890503,0.890991,0.890991,0.890991,0.890991,0.890991,0.890991,0.890991,0.890991,0.890991,0.890991,0.890991,0.890991,0.890991,0.890991,0.890991,0.890991,0.890991,0.891479,0.891968,0.891968,0.891968,0.891968,0.891968,0.891968,0.891968,0.891968,0.891968,0.891968,0.891968,0.891968,0.891968,0.891968,0.891968,0.891968,0.891968,0.891968,0.891968,0.891968,0.891968,0.891968,0.891968,0.891968,0.891968,0.891968,0.891968,0.891968,0.891968,0.891968,0.891968,0.891968,0.891968,0.891968,0.891968,0.891968,0.891968,0.891968,0.891968,0.891968,0.891968,0.891968,0.891968,0.891968,0.891968,0.891968,0.891968,0.891968,0.891968,0.891968,0.891968,0.891968,0.891968,0.891968,0.891968,0.891968,0.891968,0.891968,0.891968,0.891968,0.891968,0.891968,0.891968,0.891968,0.891968,0.891968,0.891968,0.891968,0.891968,0.891968,0.891968,0.891968,0.891968,0.891968,0.891968,0.891968,0.891968,0.891968,0.891968,0.891968,
