kBasicLog: 1
kBreedEdges: 1
kBreedGates: 1
kBreedSample: 2
kBreedType: 0
kChildren: 100
kEvaluations: 20000
kGens: 100
kLegalGateTypes: 1
kLog: 1
kLogIter: 8
kMaxGenStagnation: 300
kMessUp: 0
kMutatePercent: 1
kMutationMode: 1
kMutations: 6
kPruneOrphans: 1
kSaveDotGraphs: 1
kSeed: 0
kThreads: 4
kThreshold: 1000
kTruthWeight: 1
columns: 13
rows: 5,5,5,5,5,5,5,5,5,5,5,5,4
goal_correct_count: 256
goal_total_count: 2048
goal_total_weighted_count: 65536
~
gates_used: 34
total_count: 1658
total_weighted_count: 0
percent: 0.809570
weighted_percent: 0.000000
evaluations: 20100
~
1446,1472,1492,1500,1508,1512,1516,1518,1520,1524,1528,1528,1532,1532,1532,1536,1536,1538,1540,1540,1540,1542,1542,1542,1542,1542,1542,1542,1550,1558,1558,1558,1558,1560,1560,1560,1560,1561,1561,1561,1562,1563,1564,1564,1564,1564,1564,1564,1564,1564,1564,1564,1564,1564,1564,1564,1564,1564,1564,1564,1564,1564,1564,1564,1564,1564,1564,1564,1564,1564,1564,1564,1564,1564,1564,1564,1564,1564,1564,1564,1564,1564,1564,1564,1564,1564,1564,1564,1564,1564,1564,1564,1564,1564,1564,1564,1564,1564,1564,1564,1564,1564,1564,1564,1564,1564,1564,1584,1592,1592,1592,1592,1604,1604,1604,1608,1608,1608,1608,1608,1608,1608,1608,1608,1608,1610,1610,1612,1612,1612,1612,1612,1616,1620,1620,1620,1620,1620,1620,1620,1620,1620,1620,1620,1620,1620,1620,1620,1620,1620,1620,1620,1620,1636,1636,1636,1636,1636,1636,1640,1642,1642,1642,1642,1642,1642,1642,1642,1642,1642,1642,1642,1642,1642,1642,1642,1642,1642,1642,1642,1642,1642,1642,1642,1642,1642,1642,1642,1656,1656,1656,1656,1656,1658,1658,1658,1658,1658,1658,1658,1658,
50998,51148,53324,53340,53852,53884,54364,54380,54396,55412,55420,55420,55612,55612,55612,55676,55676,55680,55696,55696,55696,55704,55704,55704,55704,55704,55704,55704,55768,56024,56024,56024,56024,56028,56028,56028,56028,56029,56029,56029,56037,56045,56046,56046,56046,56046,56046,56046,56046,56046,56046,56046,56046,56046,56046,56046,56046,56046,56046,56046,56046,56046,56046,56046,56046,56046,56046,56046,56046,56046,56046,56046,56046,56046,56046,56046,56046,56046,56046,56046,56046,56046,56046,56046,56046,56046,56046,56046,56046,56046,56046,56046,56046,56046,56046,56046,56046,56046,56046,56046,56046,56046,56046,56046,56046,56046,56046,57576,58280,58280,58280,58280,59048,59048,59048,59080,59080,59080,59080,59080,59080,59080,59080,59080,59080,59112,59112,59144,59144,59144,59144,59144,59208,59216,59216,59216,59216,59216,59216,59216,59216,59216,59216,59216,59216,59216,59216,59216,59216,59216,59216,59216,59216,60240,60240,60240,60240,60240,60240,60304,60336,60336,60336,60336,60336,60336,60336,60336,60336,60336,60336,60336,60336,60336,60336,60336,60336,60336,60336,60336,60336,60336,60336,60336,60336,60336,60336,60336,60840,60840,60840,60840,60840,60848,60848,60848,60848,60848,60848,60848,60848,
0.706055,0.718750,0.728516,0.732422,0.736328,0.738281,0.740234,0.741211,0.742188,0.744141,0.746094,0.746094,0.748047,0.748047,0.748047,0.750000,0.750000,0.750977,0.751953,0.751953,0.751953,0.752930,0.752930,0.752930,0.752930,0.752930,0.752930,0.752930,0.756836,0.760742,0.760742,0.760742,0.760742,0.761719,0.761719,0.761719,0.761719,0.762207,0.762207,0.762207,0.762695,0.763184,0.763672,0.763672,0.763672,0.763672,0.763672,0.763672,0.763672,0.763672,0.763672,0.763672,0.763672,0.763672,0.763672,0.763672,0.763672,0.763672,0.763672,0.763672,0.763672,0.763672,0.763672,0.763672,0.763672,0.763672,0.763672,0.763672,0.763672,0.763672,0.763672,0.763672,0.763672,0.763672,0.763672,0.763672,0.763672,0.763672,0.763672,0.763672,0.763672,0.763672,0.763672,0.763672,0.763672,0.763672,0.763672,0.763672,0.763672,0.763672,0.763672,0.763672,0.763672,0.763672,0.763672,0.763672,0.763672,0.763672,0.763672,0.763672,0.763672,0.763672,0.763672,0.763672,0.763672,0.763672,0.763672,0.773438,0.777344,0.777344,0.777344,0.777344,0.783203,0.783203,0.783203,0.785156,0.785156,0.785156,0.785156,0.785156,0.785156,0.785156,0.785156,0.785156,0.785156,0.786133,0.786133,0.787109,0.787109,0.787109,0.787109,0.787109,0.789062,0.791016,0.791016,0.791016,0.791016,0.791016,0.791016,0.791016,0.791016,0.791016,0.791016,0.791016,0.791016,0.791016,0.791016,0.791016,0.791016,0.791016,0.791016,0.791016,0.791016,0.798828,0.798828,0.798828,0.798828,0.798828,0.798828,0.800781,0.801758,0.801758,0.801758,0.801758,0.801758,0.801758,0.801758,0.801758,0.801758,0.801758,0.801758,0.801758,0.801758,0.801758,0.801758,0.801758,0.801758,0.801758,0.801758,0.801758,0.801758,0.801758,0.801758,0.801758,0.801758,0.801758,0.801758,0.801758,0.808594,0.808594,0.808594,0.808594,0.808594,0.809570,0.809570,0.809570,0.809570,0.809570,0.809570,0.809570,0.809570,
0.778168,0.780457,0.813660,0.813904,0.821716,0.822205,0.829529,0.829773,0.830017,0.845520,0.845642,0.845642,0.848572,0.848572,0.848572,0.849548,0.849548,0.849609,0.849854,0.849854,0.849854,0.849976,0.849976,0.849976,0.849976,0.849976,0.849976,0.849976,0.850952,0.854858,0.854858,0.854858,0.854858,0.854919,0.854919,0.854919,0.854919,0.854935,0.854935,0.854935,0.855057,0.855179,0.855194,0.855194,0.855194,0.855194,0.855194,0.855194,0.855194,0.855194,0.855194,0.855194,0.855194,0.855194,0.855194,0.855194,0.855194,0.855194,0.855194,0.855194,0.855194,0.855194,0.855194,0.855194,0.855194,0.855194,0.855194,0.855194,0.855194,0.855194,0.855194,0.855194,0.855194,0.855194,0.855194,0.855194,0.855194,0.855194,0.855194,0.855194,0.855194,0.855194,0.855194,0.855194,0.855194,0.855194,0.855194,0.855194,0.855194,0.855194,0.855194,0.855194,0.855194,0.855194,0.855194,0.855194,0.855194,0.855194,0.855194,0.855194,0.855194,0.855194,0.855194,0.855194,0.855194,0.855194,0.855194,0.878540,0.889282,0.889282,0.889282,0.889282,0.901001,0.901001,0.901001,0.901489,0.901489,0.901489,0.901489,0.901489,0.901489,0.901489,0.901489,0.901489,0.901489,0.901978,0.901978,0.902466,0.902466,0.902466,0.902466,0.902466,0.903442,0.903564,0.903564,0.903564,0.903564,0.903564,0.903564,0.903564,0.903564,0.903564,0.903564,0.903564,0.903564,0.903564,0.903564,0.903564,0.903564,0.903564,0.903564,0.903564,0.903564,0.919189,0.919189,0.919189,0.919189,0.919189,0.919189,0.920166,0.920654,0.920654,0.920654,0.920654,0.920654,0.920654,0.920654,0.920654,0.920654,0.920654,0.920654,0.920654,0.920654,0.920654,0.920654,0.920654,0.920654,0.920654,0.920654,0.920654,0.920654,0.920654,0.920654,0.920654,0.920654,0.920654,0.920654,0.920654,0.928345,0.928345,0.928345,0.928345,0.928345,0.928467,0.928467,0.928467,0.928467,0.928467,0.928467,0.928467,0.928467,
