kBasicLog: 1
kBreedEdges: 1
kBreedGates: 1
kBreedSample: 2
kBreedType: 0
kChildren: 100
kEvaluations: 20000
kGens: 100
kLegalGateTypes: 1
kLog: 1
kLogIter: 9
kMaxGenStagnation: 300
kMessUp: 0
kMutatePercent: 1
kMutationMode: 1
kMutations: 6
kPruneOrphans: 1
kSaveDotGraphs: 1
kSeed: 0
kThreads: 4
kThreshold: 1000
kTruthWeight: 1
columns: 13
rows: 5,5,5,5,5,5,5,5,5,5,5,5,4
goal_correct_count: 256
goal_total_count: 2048
goal_total_weighted_count: 65536
~
gates_used: 34
total_count: 1616
total_weighted_count: 0
percent: 0.789062
weighted_percent: 0.000000
evaluations: 20100
~
1436,1488,1504,1526,1532,1546,1550,1550,1552,1552,1560,1560,1564,1564,1564,1564,1564,1564,1564,1572,1574,1574,1582,1582,1582,1584,1592,1598,1598,1598,1598,1598,1598,1598,1598,1598,1602,1602,1602,1602,1602,1602,1602,1602,1602,1602,1604,1604,1604,1604,1604,1604,1604,1604,1604,1604,1606,1606,1606,1608,1608,1608,1608,1608,1608,1608,1608,1608,1608,1608,1608,1608,1608,1608,1608,1608,1608,1608,1608,1608,1608,1608,1608,1608,1608,1608,1608,1608,1608,1608,1614,1614,1614,1614,1614,1614,1614,1614,1614,1614,1614,1614,1614,1614,1614,1614,1614,1614,1614,1614,1614,1614,1614,1614,1614,1614,1614,1614,1614,1614,1614,1614,1614,1614,1614,1616,1616,1616,1616,1616,1616,1616,1616,1616,1616,1616,1616,1616,1616,1616,1616,1616,1616,1616,1616,1616,1616,1616,1616,1616,1616,1616,1616,1616,1616,1616,1616,1616,1616,1616,1616,1616,1616,1616,1616,1616,1616,1616,1616,1616,1616,1616,1616,1616,1616,1616,1616,1616,1616,1616,1616,1616,1616,1616,1616,1616,1616,1616,1616,1616,1616,1616,1616,1616,1616,1616,1616,1616,1616,1616,1616,
45828,53824,54848,54892,54988,55132,55148,55148,55156,55156,55412,55412,55428,55428,55428,55428,55428,55428,55428,55940,55942,55942,55950,55950,55950,55958,56422,56428,56428,56428,56428,56428,56428,56428,56428,56428,56492,56492,56492,56492,56492,56492,56492,56492,56492,56492,56608,56608,56608,56608,56608,56608,56608,56608,56608,56608,56624,56624,56624,56640,56640,56640,56640,56640,56640,56640,56640,56640,56640,56640,56640,56640,56640,56640,56640,56640,56640,56640,56640,56640,56640,56640,56640,56640,56640,56640,56640,56640,56640,56640,56652,56652,56652,56652,56652,56652,56652,56652,56652,56652,56652,56652,56652,56652,56652,56652,56652,56652,56652,56652,56652,56652,56652,56652,56652,56652,56652,56652,56652,56652,56652,56652,56652,56652,56652,56668,56668,56668,56668,56668,56668,56668,56668,56668,56668,56668,56668,56668,56668,56668,56668,56668,56668,56668,56668,56668,56668,56668,56668,56668,56668,56668,56668,56668,56668,56668,56668,56668,56668,56668,56668,56668,56668,56668,56668,56668,56668,56668,56668,56668,56668,56668,56668,56668,56668,56668,56668,56668,56668,56668,56668,56668,56668,56668,56668,56668,56668,56668,56668,56668,56668,56668,56668,56668,56668,56668,56668,56668,56668,56668,56668,
0.701172,0.726562,0.734375,0.745117,0.748047,0.754883,0.756836,0.756836,0.757812,0.757812,0.761719,0.761719,0.763672,0.763672,0.763672,0.763672,0.763672,0.763672,0.763672,0.767578,0.768555,0.768555,0.772461,0.772461,0.772461,0.773438,0.777344,0.780273,0.780273,0.780273,0.780273,0.780273,0.780273,0.780273,0.780273,0.780273,0.782227,0.782227,0.782227,0.782227,0.782227,0.782227,0.782227,0.782227,0.782227,0.782227,0.783203,0.783203,0.783203,0.783203,0.783203,0.783203,0.783203,0.783203,0.783203,0.783203,0.784180,0.784180,0.784180,0.785156,0.785156,0.785156,0.785156,0.785156,0.785156,0.785156,0.785156,0.785156,0.785156,0.785156,0.785156,0.785156,0.785156,0.785156,0.785156,0.785156,0.785156,0.785156,0.785156,0.785156,0.785156,0.785156,0.785156,0.785156,0.785156,0.785156,0.785156,0.785156,0.785156,0.785156,0.788086,0.788086,0.788086,0.788086,0.788086,0.788086,0.788086,0.788086,0.788086,0.788086,0.788086,0.788086,0.788086,0.788086,0.788086,0.788086,0.788086,0.788086,0.788086,0.788086,0.788086,0.788086,0.788086,0.788086,0.788086,0.788086,0.788086,0.788086,0.788086,0.788086,0.788086,0.788086,0.788086,0.788086,0.788086,0.789062,0.789062,0.789062,0.789062,0.789062,0.789062,0.789062,0.789062,0.789062,0.789062,0.789062,0.789062,0.789062,0.789062,0.789062,0.789062,0.789062,0.789062,0.789062,0.789062,0.789062,0.789062,0.789062,0.789062,0.789062,0.789062,0.789062,0.789062,0.789062,0.789062,0.789062,0.789062,0.789062,0.789062,0.789062,0.789062,0.789062,0.789062,0.789062,0.789062,0.789062,0.789062,0.789062,0.789062,0.789062,0.789062,0.789062,0.789062,0.789062,0.789062,0.789062,0.789062,0.789062,0.789062,0.789062,0.789062,0.789062,0.789062,0.789062,0.789062,0.789062,0.789062,0.789062,0.789062,0.789062,0.789062,0.789062,0.789062,0.789062,0.789062,0.789062,0.789062,0.789062,0.789062,0.789062,0.789062,
0.699280,0.821289,0.836914,0.837585,0.839050,0.841248,0.841492,0.841492,0.841614,0.841614,0.845520,0.845520,0.845764,0.845764,0.845764,0.845764,0.845764,0.845764,0.845764,0.853577,0.853607,0.853607,0.853729,0.853729,0.853729,0.853851,0.860931,0.861023,0.861023,0.861023,0.861023,0.861023,0.861023,0.861023,0.861023,0.861023,0.862000,0.862000,0.862000,0.862000,0.862000,0.862000,0.862000,0.862000,0.862000,0.862000,0.863770,0.863770,0.863770,0.863770,0.863770,0.863770,0.863770,0.863770,0.863770,0.863770,0.864014,0.864014,0.864014,0.864258,0.864258,0.864258,0.864258,0.864258,0.864258,0.864258,0.864258,0.864258,0.864258,0.864258,0.864258,0.864258,0.864258,0.864258,0.864258,0.864258,0.864258,0.864258,0.864258,0.864258,0.864258,0.864258,0.864258,0.864258,0.864258,0.864258,0.864258,0.864258,0.864258,0.864258,0.864441,0.864441,0.864441,0.864441,0.864441,0.864441,0.864441,0.864441,0.864441,0.864441,0.864441,0.864441,0.864441,0.864441,0.864441,0.864441,0.864441,0.864441,0.864441,0.864441,0.864441,0.864441,0.864441,0.864441,0.864441,0.864441,0.864441,0.864441,0.864441,0.864441,0.864441,0.864441,0.864441,0.864441,0.864441,0.864685,0.864685,0.864685,0.864685,0.864685,0.864685,0.864685,0.864685,0.864685,0.864685,0.864685,0.864685,0.864685,0.864685,0.864685,0.864685,0.864685,0.864685,0.864685,0.864685,0.864685,0.864685,0.864685,0.864685,0.864685,0.864685,0.864685,0.864685,0.864685,0.864685,0.864685,0.864685,0.864685,0.864685,0.864685,0.864685,0.864685,0.864685,0.864685,0.864685,0.864685,0.864685,0.864685,0.864685,0.864685,0.864685,0.864685,0.864685,0.864685,0.864685,0.864685,0.864685,0.864685,0.864685,0.864685,0.864685,0.864685,0.864685,0.864685,0.864685,0.864685,0.864685,0.864685,0.864685,0.864685,0.864685,0.864685,0.864685,0.864685,0.864685,0.864685,0.864685,0.864685,0.864685,0.864685,0.864685,
