kBasicLog: 1
kBreedEdges: 1
kBreedGates: 1
kBreedSample: 2
kBreedType: 0
kChildren: 100
kEvaluations: 20000
kGens: 100
kLegalGateTypes: 1
kLog: 1
kLogIter: 2
kMaxGenStagnation: 300
kMessUp: 0
kMutatePercent: 1
kMutationMode: 1
kMutations: 6
kPruneOrphans: 1
kSaveDotGraphs: 1
kSeed: 0
kThreads: 4
kThreshold: 1000
kTruthWeight: 1
columns: 13
rows: 5,5,5,5,5,5,5,5,5,5,5,5,4
goal_correct_count: 256
goal_total_count: 2048
goal_total_weighted_count: 65536
~
gates_used: 29
total_count: 1577
total_weighted_count: 0
percent: 0.770020
weighted_percent: 0.000000
evaluations: 20100
~
1426,1446,1462,1478,1494,1526,1536,1536,1536,1536,1536,1536,1536,1544,1544,1544,1544,1552,1560,1568,1568,1568,1568,1568,1568,1568,1568,1568,1568,1568,1568,1568,1570,1570,1570,1570,1572,1572,1572,1572,1572,1572,1572,1572,1572,1572,1572,1572,1572,1577,1577,1577,1577,1577,1577,1577,1577,1577,1577,1577,1577,1577,1577,1577,1577,1577,1577,1577,1577,1577,1577,1577,1577,1577,1577,1577,1577,1577,1577,1577,1577,1577,1577,1577,1577,1577,1577,1577,1577,1577,1577,1577,1577,1577,1577,1577,1577,1577,1577,1577,1577,1577,1577,1577,1577,1577,1577,1577,1577,1577,1577,1577,1577,1577,1577,1577,1577,1577,1577,1577,1577,1577,1577,1577,1577,1577,1577,1577,1577,1577,1577,1577,1577,1577,1577,1577,1577,1577,1577,1577,1577,1577,1577,1577,1577,1577,1577,1577,1577,1577,1577,1577,1577,1577,1577,1577,1577,1577,1577,1577,1577,1577,1577,1577,1577,1577,1577,1577,1577,1577,1577,1577,1577,1577,1577,1577,1577,1577,1577,1577,1577,1577,1577,1577,1577,1577,1577,1577,1577,1577,1577,1577,1577,1577,1577,1577,1577,1577,1577,1577,1577,
46652,47292,49340,49852,51900,55996,56032,56032,56032,56032,56032,56032,56032,56044,56044,56044,56044,56208,56468,56724,56724,56724,56724,56724,56724,56724,56724,56724,56724,56724,56724,56724,56756,56756,56756,56756,56760,56760,56760,56760,56760,56760,56760,56760,56760,56760,56760,56760,56760,56770,56770,56770,56770,56770,56770,56770,56770,56770,56770,56770,56770,56770,56770,56770,56770,56770,56770,56770,56770,56770,56770,56770,56770,56770,56770,56770,56770,56770,56770,56770,56770,56770,56770,56770,56770,56770,56770,56770,56770,56770,56770,56770,56770,56770,56770,56770,56770,56770,56770,56770,56770,56770,56770,56770,56770,56770,56770,56770,56770,56770,56770,56770,56770,56770,56770,56770,56770,56770,56770,56770,56770,56770,56770,56770,56770,56770,56770,56770,56770,56770,56770,56770,56770,56770,56770,56770,56770,56770,56770,56770,56770,56770,56770,56770,56770,56770,56770,56770,56770,56770,56770,56770,56770,56770,56770,56770,56770,56770,56770,56770,56770,56770,56770,56770,56770,56770,56770,56770,56770,56770,56770,56770,56770,56770,56770,56770,56770,56770,56770,56770,56770,56770,56770,56770,56770,56770,56770,56770,56770,56770,56770,56770,56770,56770,56770,56770,56770,56770,56770,56770,56770,
0.696289,0.706055,0.713867,0.721680,0.729492,0.745117,0.750000,0.750000,0.750000,0.750000,0.750000,0.750000,0.750000,0.753906,0.753906,0.753906,0.753906,0.757812,0.761719,0.765625,0.765625,0.765625,0.765625,0.765625,0.765625,0.765625,0.765625,0.765625,0.765625,0.765625,0.765625,0.765625,0.766602,0.766602,0.766602,0.766602,0.767578,0.767578,0.767578,0.767578,0.767578,0.767578,0.767578,0.767578,0.767578,0.767578,0.767578,0.767578,0.767578,0.770020,0.770020,0.770020,0.770020,0.770020,0.770020,0.770020,0.770020,0.770020,0.770020,0.770020,0.770020,0.770020,0.770020,0.770020,0.770020,0.770020,0.770020,0.770020,0.770020,0.770020,0.770020,0.770020,0.770020,0.770020,0.770020,0.770020,0.770020,0.770020,0.770020,0.770020,0.770020,0.770020,0.770020,0.770020,0.770020,0.770020,0.770020,0.770020,0.770020,0.770020,0.770020,0.770020,0.770020,0.770020,0.770020,0.770020,0.770020,0.770020,0.770020,0.770020,0.770020,0.770020,0.770020,0.770020,0.770020,0.770020,0.770020,0.770020,0.770020,0.770020,0.770020,0.770020,0.770020,0.770020,0.770020,0.770020,0.770020,0.770020,0.770020,0.770020,0.770020,0.770020,0.770020,0.770020,0.770020,0.770020,0.770020,0.770020,0.770020,0.770020,0.770020,0.770020,0.770020,0.770020,0.770020,0.770020,0.770020,0.770020,0.770020,0.770020,0.770020,0.770020,0.770020,0.770020,0.770020,0.770020,0.770020,0.770020,0.770020,0.770020,0.770020,0.770020,0.770020,0.770020,0.770020,0.770020,0.770020,0.770020,0.770020,0.770020,0.770020,0.770020,0.770020,0.770020,0.770020,0.770020,0.770020,0.770020,0.770020,0.770020,0.770020,0.770020,0.770020,0.770020,0.770020,0.770020,0.770020,0.770020,0.770020,0.770020,0.770020,0.770020,0.770020,0.770020,0.770020,0.770020,0.770020,0.770020,0.770020,0.770020,0.770020,0.770020,0.770020,0.770020,0.770020,0.770020,0.770020,0.770020,0.770020,0.770020,0.770020,
0.711853,0.721619,0.752869,0.760681,0.791931,0.854431,0.854980,0.854980,0.854980,0.854980,0.854980,0.854980,0.854980,0.855164,0.855164,0.855164,0.855164,0.857666,0.861633,0.865540,0.865540,0.865540,0.865540,0.865540,0.865540,0.865540,0.865540,0.865540,0.865540,0.865540,0.865540,0.865540,0.866028,0.866028,0.866028,0.866028,0.866089,0.866089,0.866089,0.866089,0.866089,0.866089,0.866089,0.866089,0.866089,0.866089,0.866089,0.866089,0.866089,0.866241,0.866241,0.866241,0.866241,0.866241,0.866241,0.866241,0.866241,0.866241,0.866241,0.866241,0.866241,0.866241,0.866241,0.866241,0.866241,0.866241,0.866241,0.866241,0.866241,0.866241,0.866241,0.866241,0.866241,0.866241,0.866241,0.866241,0.866241,0.866241,0.866241,0.866241,0.866241,0.866241,0.866241,0.866241,0.866241,0.866241,0.866241,0.866241,0.866241,0.866241,0.866241,0.866241,0.866241,0.866241,0.866241,0.866241,0.866241,0.866241,0.866241,0.866241,0.866241,0.866241,0.866241,0.866241,0.866241,0.866241,0.866241,0.866241,0.866241,0.866241,0.866241,0.866241,0.866241,0.866241,0.866241,0.866241,0.866241,0.866241,0.866241,0.866241,0.866241,0.866241,0.866241,0.866241,0.866241,0.866241,0.866241,0.866241,0.866241,0.866241,0.866241,0.866241,0.866241,0.866241,0.866241,0.866241,0.866241,0.866241,0.866241,0.866241,0.866241,0.866241,0.866241,0.866241,0.866241,0.866241,0.866241,0.866241,0.866241,0.866241,0.866241,0.866241,0.866241,0.866241,0.866241,0.866241,0.866241,0.866241,0.866241,0.866241,0.866241,0.866241,0.866241,0.866241,0.866241,0.866241,0.866241,0.866241,0.866241,0.866241,0.866241,0.866241,0.866241,0.866241,0.866241,0.866241,0.866241,0.866241,0.866241,0.866241,0.866241,0.866241,0.866241,0.866241,0.866241,0.866241,0.866241,0.866241,0.866241,0.866241,0.866241,0.866241,0.866241,0.866241,0.866241,0.866241,0.866241,0.866241,0.866241,0.866241,0.866241,
