kBasicLog: 1
kBreedEdges: 1
kBreedGates: 1
kBreedSample: 2
kBreedType: 0
kChildren: 100
kEvaluations: 20000
kGens: 100
kLegalGateTypes: 1
kLog: 1
kLogIter: 8
kMaxGenStagnation: 300
kMessUp: 0
kMutatePercent: 1
kMutationMode: 1
kMutations: 6
kPruneOrphans: 1
kSaveDotGraphs: 1
kSeed: 0
kThreads: 4
kThreshold: 1000
kTruthWeight: 1
columns: 13
rows: 5,5,5,5,5,5,5,5,5,5,5,5,4
goal_correct_count: 256
goal_total_count: 2048
goal_total_weighted_count: 65536
~
gates_used: 33
total_count: 1642
total_weighted_count: 0
percent: 0.801758
weighted_percent: 0.000000
evaluations: 20100
~
1492,1492,1504,1514,1522,1530,1530,1532,1540,1542,1550,1554,1554,1554,1554,1554,1558,1562,1590,1592,1592,1592,1592,1592,1592,1592,1596,1598,1598,1598,1598,1598,1602,1602,1604,1604,1606,1606,1606,1608,1608,1608,1608,1612,1612,1612,1614,1614,1614,1616,1616,1616,1616,1616,1616,1616,1616,1616,1616,1616,1616,1616,1616,1616,1618,1618,1618,1618,1618,1618,1618,1618,1618,1618,1618,1618,1618,1618,1622,1626,1626,1626,1626,1626,1630,1630,1632,1632,1632,1632,1632,1632,1632,1632,1632,1632,1632,1632,1632,1632,1632,1632,1632,1632,1632,1632,1632,1632,1632,1632,1632,1632,1632,1632,1632,1632,1632,1632,1632,1632,1632,1632,1636,1636,1636,1636,1636,1636,1636,1636,1636,1636,1636,1636,1636,1636,1636,1636,1636,1636,1636,1636,1636,1636,1636,1636,1636,1636,1636,1636,1636,1636,1636,1636,1636,1636,1636,1636,1636,1636,1636,1636,1636,1636,1636,1636,1636,1636,1636,1636,1636,1636,1636,1636,1636,1636,1636,1636,1636,1636,1636,1636,1636,1636,1636,1636,1636,1636,1636,1636,1642,1642,1642,1642,1642,1642,1642,1642,1642,1642,1642,
54796,54796,55306,55362,55440,55448,55448,55474,55730,55762,55770,55778,55778,55778,55778,55778,55842,56194,56994,56998,56998,56998,56998,56998,56998,56998,57062,57078,57078,57078,57078,57078,57122,57122,57126,57126,57154,57154,57154,57162,57162,57162,57162,57226,57226,57226,57242,57242,57242,57258,57258,57258,57258,57258,57258,57258,57258,57258,57258,57258,57258,57258,57258,57258,57274,57274,57274,57274,57274,57274,57274,57274,57274,57274,57274,57274,57274,57274,57282,57290,57290,57290,57290,57290,57354,57354,57386,57386,57386,57386,57386,57386,57386,57386,57386,57386,57386,57386,57386,57386,57386,57386,57386,57386,57386,57386,57386,57386,57386,57386,57386,57386,57386,57386,57386,57386,57386,57386,57386,57386,57386,57386,57418,57418,57418,57418,57418,57418,57418,57418,57418,57418,57418,57418,57418,57418,57418,57418,57418,57418,57418,57418,57418,57418,57418,57418,57418,57418,57418,57418,57418,57418,57418,57418,57418,57418,57418,57418,57418,57418,57418,57418,57418,57418,57418,57418,57418,57418,57418,57418,57418,57418,57418,57418,57418,57418,57418,57418,57418,57418,57418,57418,57418,57418,57418,57418,57418,57418,57418,57418,57430,57430,57430,57430,57430,57430,57430,57430,57430,57430,57430,
0.728516,0.728516,0.734375,0.739258,0.743164,0.747070,0.747070,0.748047,0.751953,0.752930,0.756836,0.758789,0.758789,0.758789,0.758789,0.758789,0.760742,0.762695,0.776367,0.777344,0.777344,0.777344,0.777344,0.777344,0.777344,0.777344,0.779297,0.780273,0.780273,0.780273,0.780273,0.780273,0.782227,0.782227,0.783203,0.783203,0.784180,0.784180,0.784180,0.785156,0.785156,0.785156,0.785156,0.787109,0.787109,0.787109,0.788086,0.788086,0.788086,0.789062,0.789062,0.789062,0.789062,0.789062,0.789062,0.789062,0.789062,0.789062,0.789062,0.789062,0.789062,0.789062,0.789062,0.789062,0.790039,0.790039,0.790039,0.790039,0.790039,0.790039,0.790039,0.790039,0.790039,0.790039,0.790039,0.790039,0.790039,0.790039,0.791992,0.793945,0.793945,0.793945,0.793945,0.793945,0.795898,0.795898,0.796875,0.796875,0.796875,0.796875,0.796875,0.796875,0.796875,0.796875,0.796875,0.796875,0.796875,0.796875,0.796875,0.796875,0.796875,0.796875,0.796875,0.796875,0.796875,0.796875,0.796875,0.796875,0.796875,0.796875,0.796875,0.796875,0.796875,0.796875,0.796875,0.796875,0.796875,0.796875,0.796875,0.796875,0.796875,0.796875,0.798828,0.798828,0.798828,0.798828,0.798828,0.798828,0.798828,0.798828,0.798828,0.798828,0.798828,0.798828,0.798828,0.798828,0.798828,0.798828,0.798828,0.798828,0.798828,0.798828,0.798828,0.798828,0.798828,0.798828,0.798828,0.798828,0.798828,0.798828,0.798828,0.798828,0.798828,0.798828,0.798828,0.798828,0.798828,0.798828,0.798828,0.798828,0.798828,0.798828,0.798828,0.798828,0.798828,0.798828,0.798828,0.798828,0.798828,0.798828,0.798828,0.798828,0.798828,0.798828,0.798828,0.798828,0.798828,0.798828,0.798828,0.798828,0.798828,0.798828,0.798828,0.798828,0.798828,0.798828,0.798828,0.798828,0.798828,0.798828,0.801758,0.801758,0.801758,0.801758,0.801758,0.801758,0.801758,0.801758,0.801758,0.801758,0.801758,
0.836121,0.836121,0.843903,0.844757,0.845947,0.846069,0.846069,0.846466,0.850372,0.850861,0.850983,0.851105,0.851105,0.851105,0.851105,0.851105,0.852081,0.857452,0.869659,0.869720,0.869720,0.869720,0.869720,0.869720,0.869720,0.869720,0.870697,0.870941,0.870941,0.870941,0.870941,0.870941,0.871613,0.871613,0.871674,0.871674,0.872101,0.872101,0.872101,0.872223,0.872223,0.872223,0.872223,0.873199,0.873199,0.873199,0.873444,0.873444,0.873444,0.873688,0.873688,0.873688,0.873688,0.873688,0.873688,0.873688,0.873688,0.873688,0.873688,0.873688,0.873688,0.873688,0.873688,0.873688,0.873932,0.873932,0.873932,0.873932,0.873932,0.873932,0.873932,0.873932,0.873932,0.873932,0.873932,0.873932,0.873932,0.873932,0.874054,0.874176,0.874176,0.874176,0.874176,0.874176,0.875153,0.875153,0.875641,0.875641,0.875641,0.875641,0.875641,0.875641,0.875641,0.875641,0.875641,0.875641,0.875641,0.875641,0.875641,0.875641,0.875641,0.875641,0.875641,0.875641,0.875641,0.875641,0.875641,0.875641,0.875641,0.875641,0.875641,0.875641,0.875641,0.875641,0.875641,0.875641,0.875641,0.875641,0.875641,0.875641,0.875641,0.875641,0.876129,0.876129,0.876129,0.876129,0.876129,0.876129,0.876129,0.876129,0.876129,0.876129,0.876129,0.876129,0.876129,0.876129,0.876129,0.876129,0.876129,0.876129,0.876129,0.876129,0.876129,0.876129,0.876129,0.876129,0.876129,0.876129,0.876129,0.876129,0.876129,0.876129,0.876129,0.876129,0.876129,0.876129,0.876129,0.876129,0.876129,0.876129,0.876129,0.876129,0.876129,0.876129,0.876129,0.876129,0.876129,0.876129,0.876129,0.876129,0.876129,0.876129,0.876129,0.876129,0.876129,0.876129,0.876129,0.876129,0.876129,0.876129,0.876129,0.876129,0.876129,0.876129,0.876129,0.876129,0.876129,0.876129,0.876129,0.876129,0.876312,0.876312,0.876312,0.876312,0.876312,0.876312,0.876312,0.876312,0.876312,0.876312,0.876312,
