kBasicLog: 1
kBreedEdges: 1
kBreedGates: 1
kBreedSample: 2
kBreedType: 0
kChildren: 100
kEvaluations: 20000
kGens: 100
kLegalGateTypes: 1
kLog: 1
kLogIter: 3
kMaxGenStagnation: 300
kMessUp: 0
kMutatePercent: 1
kMutationMode: 1
kMutations: 6
kPruneOrphans: 1
kSaveDotGraphs: 1
kSeed: 0
kThreads: 4
kThreshold: 1000
kTruthWeight: 1
columns: 13
rows: 5,5,5,5,5,5,5,5,5,5,5,5,4
goal_correct_count: 256
goal_total_count: 2048
goal_total_weighted_count: 65536
~
gates_used: 39
total_count: 1656
total_weighted_count: 0
percent: 0.808594
weighted_percent: 0.000000
evaluations: 20100
~
1478,1486,1494,1508,1512,1522,1522,1538,1540,1540,1540,1540,1540,1544,1544,1546,1548,1552,1552,1552,1552,1552,1552,1552,1552,1552,1552,1552,1552,1552,1552,1552,1552,1556,1556,1556,1556,1558,1558,1562,1570,1572,1580,1580,1580,1580,1580,1588,1588,1588,1588,1588,1588,1590,1594,1594,1594,1594,1594,1594,1594,1594,1594,1594,1594,1594,1594,1594,1594,1594,1594,1594,1597,1597,1597,1597,1597,1597,1597,1597,1597,1597,1597,1597,1597,1597,1597,1597,1597,1597,1597,1597,1597,1597,1597,1597,1597,1597,1597,1597,1597,1597,1599,1599,1599,1615,1615,1615,1615,1616,1622,1626,1628,1630,1632,1632,1634,1634,1634,1634,1634,1634,1634,1636,1636,1640,1640,1640,1640,1644,1644,1644,1646,1646,1646,1646,1646,1646,1646,1646,1646,1646,1646,1646,1646,1646,1646,1646,1646,1646,1646,1646,1646,1646,1646,1646,1646,1646,1654,1654,1654,1654,1654,1654,1654,1654,1654,1654,1654,1654,1654,1654,1654,1656,1656,1656,1656,1656,1656,1656,1656,1656,1656,1656,1656,1656,1656,1656,1656,1656,1656,1656,1656,1656,1656,1656,1656,1656,1656,1656,1656,
54268,55036,55292,55436,55486,55504,55504,55520,55528,55528,55528,55528,55764,55780,55780,55812,55816,55880,55880,55880,55880,55880,55880,55880,55880,55880,55880,55880,55880,55880,55880,55880,55880,55944,55944,55944,55944,55948,55948,56012,56268,56408,56920,56920,56920,56920,56920,57432,57432,57432,57432,57432,57432,57436,57444,57444,57444,57444,57444,57444,57444,57444,57444,57444,57444,57444,57444,57444,57444,57444,57444,57444,57450,57450,57450,57450,57450,57450,57450,57450,57450,57450,57450,57450,57450,57450,57450,57450,57450,57450,57450,57450,57450,57450,57450,57450,57450,57450,57450,57450,57450,57450,58706,58706,58706,59730,59730,59730,59730,60008,60200,60496,60512,60528,60536,60536,60552,60552,60552,60552,60552,60552,60552,60584,60584,60712,60712,60712,60712,60744,60744,60744,60760,60760,60760,60760,60760,60760,60760,60760,60760,60760,60760,60760,60760,60760,60760,60760,60760,60760,60760,60760,60760,60760,60760,60760,60760,60760,61016,61016,61016,61016,61016,61016,61016,61016,61016,61016,61016,61016,61016,61016,61016,61024,61024,61024,61024,61024,61024,61024,61024,61024,61024,61024,61024,61024,61024,61024,61024,61024,61024,61024,61024,61024,61024,61024,61024,61024,61024,61024,61024,
0.721680,0.725586,0.729492,0.736328,0.738281,0.743164,0.743164,0.750977,0.751953,0.751953,0.751953,0.751953,0.751953,0.753906,0.753906,0.754883,0.755859,0.757812,0.757812,0.757812,0.757812,0.757812,0.757812,0.757812,0.757812,0.757812,0.757812,0.757812,0.757812,0.757812,0.757812,0.757812,0.757812,0.759766,0.759766,0.759766,0.759766,0.760742,0.760742,0.762695,0.766602,0.767578,0.771484,0.771484,0.771484,0.771484,0.771484,0.775391,0.775391,0.775391,0.775391,0.775391,0.775391,0.776367,0.778320,0.778320,0.778320,0.778320,0.778320,0.778320,0.778320,0.778320,0.778320,0.778320,0.778320,0.778320,0.778320,0.778320,0.778320,0.778320,0.778320,0.778320,0.779785,0.779785,0.779785,0.779785,0.779785,0.779785,0.779785,0.779785,0.779785,0.779785,0.779785,0.779785,0.779785,0.779785,0.779785,0.779785,0.779785,0.779785,0.779785,0.779785,0.779785,0.779785,0.779785,0.779785,0.779785,0.779785,0.779785,0.779785,0.779785,0.779785,0.780762,0.780762,0.780762,0.788574,0.788574,0.788574,0.788574,0.789062,0.791992,0.793945,0.794922,0.795898,0.796875,0.796875,0.797852,0.797852,0.797852,0.797852,0.797852,0.797852,0.797852,0.798828,0.798828,0.800781,0.800781,0.800781,0.800781,0.802734,0.802734,0.802734,0.803711,0.803711,0.803711,0.803711,0.803711,0.803711,0.803711,0.803711,0.803711,0.803711,0.803711,0.803711,0.803711,0.803711,0.803711,0.803711,0.803711,0.803711,0.803711,0.803711,0.803711,0.803711,0.803711,0.803711,0.803711,0.803711,0.807617,0.807617,0.807617,0.807617,0.807617,0.807617,0.807617,0.807617,0.807617,0.807617,0.807617,0.807617,0.807617,0.807617,0.807617,0.808594,0.808594,0.808594,0.808594,0.808594,0.808594,0.808594,0.808594,0.808594,0.808594,0.808594,0.808594,0.808594,0.808594,0.808594,0.808594,0.808594,0.808594,0.808594,0.808594,0.808594,0.808594,0.808594,0.808594,0.808594,0.808594,0.808594,0.808594,
0.828064,0.839783,0.843689,0.845886,0.846649,0.846924,0.846924,0.847168,0.847290,0.847290,0.847290,0.847290,0.850891,0.851135,0.851135,0.851624,0.851685,0.852661,0.852661,0.852661,0.852661,0.852661,0.852661,0.852661,0.852661,0.852661,0.852661,0.852661,0.852661,0.852661,0.852661,0.852661,0.852661,0.853638,0.853638,0.853638,0.853638,0.853699,0.853699,0.854675,0.858582,0.860718,0.868530,0.868530,0.868530,0.868530,0.868530,0.876343,0.876343,0.876343,0.876343,0.876343,0.876343,0.876404,0.876526,0.876526,0.876526,0.876526,0.876526,0.876526,0.876526,0.876526,0.876526,0.876526,0.876526,0.876526,0.876526,0.876526,0.876526,0.876526,0.876526,0.876526,0.876617,0.876617,0.876617,0.876617,0.876617,0.876617,0.876617,0.876617,0.876617,0.876617,0.876617,0.876617,0.876617,0.876617,0.876617,0.876617,0.876617,0.876617,0.876617,0.876617,0.876617,0.876617,0.876617,0.876617,0.876617,0.876617,0.876617,0.876617,0.876617,0.876617,0.895782,0.895782,0.895782,0.911407,0.911407,0.911407,0.911407,0.915649,0.918579,0.923096,0.923340,0.923584,0.923706,0.923706,0.923950,0.923950,0.923950,0.923950,0.923950,0.923950,0.923950,0.924438,0.924438,0.926392,0.926392,0.926392,0.926392,0.926880,0.926880,0.926880,0.927124,0.927124,0.927124,0.927124,0.927124,0.927124,0.927124,0.927124,0.927124,0.927124,0.927124,0.927124,0.927124,0.927124,0.927124,0.927124,0.927124,0.927124,0.927124,0.927124,0.927124,0.927124,0.927124,0.927124,0.927124,0.927124,0.931030,0.931030,0.931030,0.931030,0.931030,0.931030,0.931030,0.931030,0.931030,0.931030,0.931030,0.931030,0.931030,0.931030,0.931030,0.931152,0.931152,0.931152,0.931152,0.931152,0.931152,0.931152,0.931152,0.931152,0.931152,0.931152,0.931152,0.931152,0.931152,0.931152,0.931152,0.931152,0.931152,0.931152,0.931152,0.931152,0.931152,0.931152,0.931152,0.931152,0.931152,0.931152,0.931152,
