kBasicLog: 1
kBreedEdges: 1
kBreedGates: 1
kBreedSample: 2
kBreedType: 0
kChildren: 100
kEvaluations: 20000
kGens: 100
kLegalGateTypes: 1
kLog: 1
kLogIter: 7
kMaxGenStagnation: 300
kMessUp: 0
kMutatePercent: 1
kMutationMode: 1
kMutations: 6
kPruneOrphans: 1
kSaveDotGraphs: 1
kSeed: 0
kThreads: 4
kThreshold: 1000
kTruthWeight: 1
columns: 13
rows: 5,5,5,5,5,5,5,5,5,5,5,5,4
goal_correct_count: 256
goal_total_count: 2048
goal_total_weighted_count: 65536
~
gates_used: 34
total_count: 1646
total_weighted_count: 0
percent: 0.803711
weighted_percent: 0.000000
evaluations: 20100
~
1474,1500,1518,1532,1538,1542,1552,1556,1564,1566,1566,1566,1566,1566,1570,1570,1570,1570,1570,1570,1570,1570,1570,1570,1570,1570,1574,1574,1574,1574,1574,1574,1574,1574,1574,1574,1574,1574,1574,1574,1574,1574,1574,1574,1574,1574,1574,1574,1574,1574,1584,1588,1592,1596,1600,1600,1600,1602,1602,1604,1604,1604,1604,1604,1604,1604,1604,1604,1604,1604,1604,1604,1604,1604,1606,1606,1614,1622,1622,1622,1622,1628,1632,1632,1632,1634,1634,1634,1634,1634,1634,1634,1634,1634,1634,1634,1634,1636,1636,1638,1638,1638,1638,1638,1638,1638,1640,1640,1640,1642,1642,1642,1642,1642,1642,1642,1642,1642,1642,1642,1642,1644,1644,1644,1644,1644,1644,1644,1644,1644,1644,1644,1644,1644,1644,1644,1644,1644,1644,1644,1644,1644,1644,1644,1644,1644,1644,1646,1646,1646,1646,1646,1646,1646,1646,1646,1646,1646,1646,1646,1646,1646,1646,1646,1646,1646,1646,1646,1646,1646,1646,1646,1646,1646,1646,1646,1646,1646,1646,1646,1646,1646,1646,1646,1646,1646,1646,1646,1646,1646,1646,1646,1646,1646,1646,1646,1646,1646,1646,1646,1646,
53252,54104,54872,55864,55888,55952,56072,56104,56360,56368,56368,56368,56368,56368,56624,56624,56624,56624,56624,56624,56624,56624,56624,56624,56624,56624,56880,56880,56880,56880,56880,56880,56880,56880,56880,56880,56880,56880,56880,56880,56880,56880,56880,56880,56880,56880,56880,56880,56880,56880,58216,58304,58368,58432,58436,58436,58436,58438,58438,58440,58440,58440,58440,58440,58440,58440,58440,58440,58440,58440,58440,58440,58440,58440,58442,58442,59962,60218,60218,60218,60218,60240,60244,60244,60244,60260,60260,60260,60260,60260,60260,60260,60260,60260,60260,60260,60260,60276,60276,60284,60284,60284,60284,60284,60284,60284,60286,60286,60286,60288,60288,60288,60288,60288,60288,60288,60288,60288,60288,60288,60288,60296,60296,60296,60296,60296,60296,60296,60296,60296,60296,60296,60296,60296,60296,60296,60296,60296,60296,60296,60296,60296,60296,60296,60296,60296,60296,60312,60312,60312,60312,60312,60312,60312,60312,60312,60312,60312,60312,60312,60312,60312,60312,60312,60312,60312,60312,60312,60312,60312,60312,60312,60312,60312,60312,60312,60312,60312,60312,60312,60312,60312,60312,60312,60312,60312,60312,60312,60312,60312,60312,60312,60312,60312,60312,60312,60312,60312,60312,60312,60312,
0.719727,0.732422,0.741211,0.748047,0.750977,0.752930,0.757812,0.759766,0.763672,0.764648,0.764648,0.764648,0.764648,0.764648,0.766602,0.766602,0.766602,0.766602,0.766602,0.766602,0.766602,0.766602,0.766602,0.766602,0.766602,0.766602,0.768555,0.768555,0.768555,0.768555,0.768555,0.768555,0.768555,0.768555,0.768555,0.768555,0.768555,0.768555,0.768555,0.768555,0.768555,0.768555,0.768555,0.768555,0.768555,0.768555,0.768555,0.768555,0.768555,0.768555,0.773438,0.775391,0.777344,0.779297,0.781250,0.781250,0.781250,0.782227,0.782227,0.783203,0.783203,0.783203,0.783203,0.783203,0.783203,0.783203,0.783203,0.783203,0.783203,0.783203,0.783203,0.783203,0.783203,0.783203,0.784180,0.784180,0.788086,0.791992,0.791992,0.791992,0.791992,0.794922,0.796875,0.796875,0.796875,0.797852,0.797852,0.797852,0.797852,0.797852,0.797852,0.797852,0.797852,0.797852,0.797852,0.797852,0.797852,0.798828,0.798828,0.799805,0.799805,0.799805,0.799805,0.799805,0.799805,0.799805,0.800781,0.800781,0.800781,0.801758,0.801758,0.801758,0.801758,0.801758,0.801758,0.801758,0.801758,0.801758,0.801758,0.801758,0.801758,0.802734,0.802734,0.802734,0.802734,0.802734,0.802734,0.802734,0.802734,0.802734,0.802734,0.802734,0.802734,0.802734,0.802734,0.802734,0.802734,0.802734,0.802734,0.802734,0.802734,0.802734,0.802734,0.802734,0.802734,0.802734,0.802734,0.803711,0.803711,0.803711,0.803711,0.803711,0.803711,0.803711,0.803711,0.803711,0.803711,0.803711,0.803711,0.803711,0.803711,0.803711,0.803711,0.803711,0.803711,0.803711,0.803711,0.803711,0.803711,0.803711,0.803711,0.803711,0.803711,0.803711,0.803711,0.803711,0.803711,0.803711,0.803711,0.803711,0.803711,0.803711,0.803711,0.803711,0.803711,0.803711,0.803711,0.803711,0.803711,0.803711,0.803711,0.803711,0.803711,0.803711,0.803711,0.803711,0.803711,0.803711,0.803711,0.803711,0.803711,
0.812561,0.825562,0.837280,0.852417,0.852783,0.853760,0.855591,0.856079,0.859985,0.860107,0.860107,0.860107,0.860107,0.860107,0.864014,0.864014,0.864014,0.864014,0.864014,0.864014,0.864014,0.864014,0.864014,0.864014,0.864014,0.864014,0.867920,0.867920,0.867920,0.867920,0.867920,0.867920,0.867920,0.867920,0.867920,0.867920,0.867920,0.867920,0.867920,0.867920,0.867920,0.867920,0.867920,0.867920,0.867920,0.867920,0.867920,0.867920,0.867920,0.867920,0.888306,0.889648,0.890625,0.891602,0.891663,0.891663,0.891663,0.891693,0.891693,0.891724,0.891724,0.891724,0.891724,0.891724,0.891724,0.891724,0.891724,0.891724,0.891724,0.891724,0.891724,0.891724,0.891724,0.891724,0.891754,0.891754,0.914948,0.918854,0.918854,0.918854,0.918854,0.919189,0.919250,0.919250,0.919250,0.919495,0.919495,0.919495,0.919495,0.919495,0.919495,0.919495,0.919495,0.919495,0.919495,0.919495,0.919495,0.919739,0.919739,0.919861,0.919861,0.919861,0.919861,0.919861,0.919861,0.919861,0.919891,0.919891,0.919891,0.919922,0.919922,0.919922,0.919922,0.919922,0.919922,0.919922,0.919922,0.919922,0.919922,0.919922,0.919922,0.920044,0.920044,0.920044,0.920044,0.920044,0.920044,0.920044,0.920044,0.920044,0.920044,0.920044,0.920044,0.920044,0.920044,0.920044,0.920044,0.920044,0.920044,0.920044,0.920044,0.920044,0.920044,0.920044,0.920044,0.920044,0.920044,0.920288,0.920288,0.920288,0.920288,0.920288,0.920288,0.920288,0.920288,0.920288,0.920288,0.920288,0.920288,0.920288,0.920288,0.920288,0.920288,0.920288,0.920288,0.920288,0.920288,0.920288,0.920288,0.920288,0.920288,0.920288,0.920288,0.920288,0.920288,0.920288,0.920288,0.920288,0.920288,0.920288,0.920288,0.920288,0.920288,0.920288,0.920288,0.920288,0.920288,0.920288,0.920288,0.920288,0.920288,0.920288,0.920288,0.920288,0.920288,0.920288,0.920288,0.920288,0.920288,0.920288,0.920288,
