kBasicLog: 1
kBreedEdges: 1
kBreedGates: 1
kBreedSample: 2
kBreedType: 0
kChildren: 100
kEvaluations: 20000
kGens: 100
kLegalGateTypes: 1
kLog: 1
kLogIter: 2
kMaxGenStagnation: 300
kMessUp: 0
kMutatePercent: 1
kMutationMode: 1
kMutations: 6
kPruneOrphans: 1
kSaveDotGraphs: 1
kSeed: 0
kThreads: 4
kThreshold: 1000
kTruthWeight: 1
columns: 13
rows: 5,5,5,5,5,5,5,5,5,5,5,5,4
goal_correct_count: 256
goal_total_count: 2048
goal_total_weighted_count: 65536
~
gates_used: 34
total_count: 1612
total_weighted_count: 0
percent: 0.787109
weighted_percent: 0.000000
evaluations: 20100
~
1500,1508,1524,1532,1544,1550,1550,1550,1550,1550,1550,1550,1550,1550,1550,1550,1550,1550,1550,1550,1550,1556,1560,1568,1568,1570,1574,1576,1584,1584,1584,1584,1586,1586,1586,1586,1586,1586,1586,1586,1586,1586,1590,1590,1590,1590,1590,1590,1590,1590,1590,1590,1590,1590,1590,1590,1590,1590,1590,1590,1590,1590,1590,1590,1590,1590,1590,1590,1590,1590,1590,1590,1590,1590,1594,1598,1598,1598,1598,1598,1598,1598,1598,1598,1598,1598,1598,1598,1598,1604,1604,1604,1604,1604,1604,1604,1604,1604,1604,1604,1604,1604,1604,1604,1604,1604,1604,1608,1608,1608,1608,1608,1608,1608,1608,1608,1608,1608,1608,1608,1608,1608,1612,1612,1612,1612,1612,1612,1612,1612,1612,1612,1612,1612,1612,1612,1612,1612,1612,1612,1612,1612,1612,1612,1612,1612,1612,1612,1612,1612,1612,1612,1612,1612,1612,1612,1612,1612,1612,1612,1612,1612,1612,1612,1612,1612,1612,1612,1612,1612,1612,1612,1612,1612,1612,1612,1612,1612,1612,1612,1612,1612,1612,1612,1612,1612,1612,1612,1612,1612,1612,1612,1612,1612,1612,1612,1612,1612,1612,1612,1612,
54456,54464,54976,55016,55400,55460,55460,55460,55460,55460,55460,55460,55460,55460,55460,55460,55460,55460,55460,55460,55460,56530,56534,56566,56566,56574,56578,56580,56596,56596,56596,56596,56598,56598,56598,56598,56598,56598,56598,56598,56598,56598,56662,56662,56662,56662,56662,56662,56662,56662,56662,56662,56662,56662,56662,56662,56662,56662,56662,56662,56662,56662,56662,56662,56662,56662,56662,56662,56662,56662,56662,56662,56662,56662,56902,56918,56918,56918,56918,56918,56918,56918,56918,56918,56918,56918,56918,56918,56918,57044,57044,57044,57044,57044,57044,57044,57044,57044,57044,57044,57044,57044,57044,57044,57044,57044,57044,57060,57060,57060,57060,57060,57060,57060,57060,57060,57060,57060,57060,57060,57060,57060,57108,57108,57108,57108,57108,57108,57108,57108,57108,57108,57108,57108,57108,57108,57108,57108,57108,57108,57108,57108,57108,57108,57108,57108,57108,57108,57108,57108,57108,57108,57108,57108,57108,57108,57108,57108,57108,57108,57108,57108,57108,57108,57108,57108,57108,57108,57108,57108,57108,57108,57108,57108,57108,57108,57108,57108,57108,57108,57108,57108,57108,57108,57108,57108,57108,57108,57108,57108,57108,57108,57108,57108,57108,57108,57108,57108,57108,57108,57108,
0.732422,0.736328,0.744141,0.748047,0.753906,0.756836,0.756836,0.756836,0.756836,0.756836,0.756836,0.756836,0.756836,0.756836,0.756836,0.756836,0.756836,0.756836,0.756836,0.756836,0.756836,0.759766,0.761719,0.765625,0.765625,0.766602,0.768555,0.769531,0.773438,0.773438,0.773438,0.773438,0.774414,0.774414,0.774414,0.774414,0.774414,0.774414,0.774414,0.774414,0.774414,0.774414,0.776367,0.776367,0.776367,0.776367,0.776367,0.776367,0.776367,0.776367,0.776367,0.776367,0.776367,0.776367,0.776367,0.776367,0.776367,0.776367,0.776367,0.776367,0.776367,0.776367,0.776367,0.776367,0.776367,0.776367,0.776367,0.776367,0.776367,0.776367,0.776367,0.776367,0.776367,0.776367,0.778320,0.780273,0.780273,0.780273,0.780273,0.780273,0.780273,0.780273,0.780273,0.780273,0.780273,0.780273,0.780273,0.780273,0.780273,0.783203,0.783203,0.783203,0.783203,0.783203,0.783203,0.783203,0.783203,0.783203,0.783203,0.783203,0.783203,0.783203,0.783203,0.783203,0.783203,0.783203,0.783203,0.785156,0.785156,0.785156,0.785156,0.785156,0.785156,0.785156,0.785156,0.785156,0.785156,0.785156,0.785156,0.785156,0.785156,0.785156,0.787109,0.787109,0.787109,0.787109,0.787109,0.787109,0.787109,0.787109,0.787109,0.787109,0.787109,0.787109,0.787109,0.787109,0.787109,0.787109,0.787109,0.787109,0.787109,0.787109,0.787109,0.787109,0.787109,0.787109,0.787109,0.787109,0.787109,0.787109,0.787109,0.787109,0.787109,0.787109,0.787109,0.787109,0.787109,0.787109,0.787109,0.787109,0.787109,0.787109,0.787109,0.787109,0.787109,0.787109,0.787109,0.787109,0.787109,0.787109,0.787109,0.787109,0.787109,0.787109,0.787109,0.787109,0.787109,0.787109,0.787109,0.787109,0.787109,0.787109,0.787109,0.787109,0.787109,0.787109,0.787109,0.787109,0.787109,0.787109,0.787109,0.787109,0.787109,0.787109,0.787109,0.787109,0.787109,0.787109,0.787109,0.787109,0.787109,
0.830933,0.831055,0.838867,0.839478,0.845337,0.846252,0.846252,0.846252,0.846252,0.846252,0.846252,0.846252,0.846252,0.846252,0.846252,0.846252,0.846252,0.846252,0.846252,0.846252,0.846252,0.862579,0.862640,0.863129,0.863129,0.863251,0.863312,0.863342,0.863586,0.863586,0.863586,0.863586,0.863617,0.863617,0.863617,0.863617,0.863617,0.863617,0.863617,0.863617,0.863617,0.863617,0.864594,0.864594,0.864594,0.864594,0.864594,0.864594,0.864594,0.864594,0.864594,0.864594,0.864594,0.864594,0.864594,0.864594,0.864594,0.864594,0.864594,0.864594,0.864594,0.864594,0.864594,0.864594,0.864594,0.864594,0.864594,0.864594,0.864594,0.864594,0.864594,0.864594,0.864594,0.864594,0.868256,0.868500,0.868500,0.868500,0.868500,0.868500,0.868500,0.868500,0.868500,0.868500,0.868500,0.868500,0.868500,0.868500,0.868500,0.870422,0.870422,0.870422,0.870422,0.870422,0.870422,0.870422,0.870422,0.870422,0.870422,0.870422,0.870422,0.870422,0.870422,0.870422,0.870422,0.870422,0.870422,0.870667,0.870667,0.870667,0.870667,0.870667,0.870667,0.870667,0.870667,0.870667,0.870667,0.870667,0.870667,0.870667,0.870667,0.870667,0.871399,0.871399,0.871399,0.871399,0.871399,0.871399,0.871399,0.871399,0.871399,0.871399,0.871399,0.871399,0.871399,0.871399,0.871399,0.871399,0.871399,0.871399,0.871399,0.871399,0.871399,0.871399,0.871399,0.871399,0.871399,0.871399,0.871399,0.871399,0.871399,0.871399,0.871399,0.871399,0.871399,0.871399,0.871399,0.871399,0.871399,0.871399,0.871399,0.871399,0.871399,0.871399,0.871399,0.871399,0.871399,0.871399,0.871399,0.871399,0.871399,0.871399,0.871399,0.871399,0.871399,0.871399,0.871399,0.871399,0.871399,0.871399,0.871399,0.871399,0.871399,0.871399,0.871399,0.871399,0.871399,0.871399,0.871399,0.871399,0.871399,0.871399,0.871399,0.871399,0.871399,0.871399,0.871399,0.871399,0.871399,0.871399,0.871399,
