kBasicLog: 1
kBreedEdges: 1
kBreedGates: 1
kBreedSample: 2
kBreedType: 0
kChildren: 100
kEvaluations: 20000
kGens: 100
kLegalGateTypes: 1
kLog: 1
kLogIter: 9
kMaxGenStagnation: 300
kMessUp: 0
kMutatePercent: 1
kMutationMode: 1
kMutations: 6
kPruneOrphans: 1
kSaveDotGraphs: 1
kSeed: 0
kThreads: 4
kThreshold: 1000
kTruthWeight: 1
columns: 13
rows: 5,5,5,5,5,5,5,5,5,5,5,5,4
goal_correct_count: 256
goal_total_count: 2048
goal_total_weighted_count: 65536
~
gates_used: 42
total_count: 1706
total_weighted_count: 0
percent: 0.833008
weighted_percent: 0.000000
evaluations: 20100
~
1452,1468,1478,1488,1492,1498,1520,1544,1548,1556,1568,1576,1576,1580,1580,1580,1580,1580,1584,1586,1586,1586,1590,1590,1590,1590,1590,1591,1591,1591,1591,1591,1599,1599,1599,1599,1599,1599,1599,1599,1599,1599,1599,1599,1599,1627,1627,1631,1631,1631,1631,1631,1631,1631,1633,1641,1641,1641,1641,1645,1645,1657,1657,1657,1657,1661,1661,1662,1664,1666,1672,1672,1672,1672,1672,1672,1676,1676,1676,1676,1676,1676,1678,1680,1680,1682,1682,1682,1682,1682,1682,1682,1682,1682,1682,1682,1682,1682,1682,1682,1682,1682,1682,1682,1682,1682,1682,1682,1682,1682,1682,1682,1682,1682,1682,1682,1682,1682,1682,1682,1682,1682,1682,1682,1682,1682,1682,1682,1682,1682,1682,1682,1682,1682,1682,1682,1682,1682,1682,1683,1683,1683,1683,1683,1683,1683,1683,1683,1683,1683,1683,1683,1683,1683,1683,1683,1683,1683,1683,1683,1683,1683,1683,1683,1683,1683,1683,1683,1683,1683,1684,1686,1686,1686,1686,1686,1686,1692,1692,1692,1692,1692,1694,1696,1696,1696,1698,1698,1698,1698,1700,1700,1700,1700,1700,1700,1700,1704,1704,1706,1706,
49276,51324,51412,51516,53790,53824,55828,57364,57428,57940,58036,58100,58100,58108,58108,58108,58108,58108,58172,58176,58176,58176,58180,58180,58180,58180,58180,58181,58181,58181,58181,58181,58437,58437,58437,58437,58437,58437,58437,58437,58437,58437,58437,58437,58437,60469,60469,60533,60533,60533,60533,60533,60533,60533,60541,60573,60573,60573,60573,60637,60637,60829,60829,60829,60829,60893,60893,60894,60926,60958,60970,60970,60970,60970,60970,60970,60978,60978,60978,60978,60978,60978,60984,60986,60986,60990,60990,60990,60990,60990,60990,60990,60990,60990,60990,60990,60990,60990,60990,60990,60990,60990,60990,60990,60990,60990,60990,60990,60990,60990,60990,60990,60990,60990,60990,60990,60990,60990,60990,60990,60990,60990,60990,60990,60990,60990,60990,60990,60990,60990,60990,60990,60990,60990,60990,60990,60990,60990,60990,60991,60991,60991,60991,60991,60991,60991,60991,60991,60991,60991,60991,60991,60991,60991,60991,60991,60991,60991,60991,60991,60991,60991,60991,60991,60991,60991,60991,60991,60991,60991,61006,61008,61008,61008,61008,61008,61008,61014,61014,61014,61014,61014,61016,61018,61018,61018,61034,61034,61034,61034,61050,61050,61050,61050,61050,61050,61050,61054,61054,61086,61086,
0.708984,0.716797,0.721680,0.726562,0.728516,0.731445,0.742188,0.753906,0.755859,0.759766,0.765625,0.769531,0.769531,0.771484,0.771484,0.771484,0.771484,0.771484,0.773438,0.774414,0.774414,0.774414,0.776367,0.776367,0.776367,0.776367,0.776367,0.776855,0.776855,0.776855,0.776855,0.776855,0.780762,0.780762,0.780762,0.780762,0.780762,0.780762,0.780762,0.780762,0.780762,0.780762,0.780762,0.780762,0.780762,0.794434,0.794434,0.796387,0.796387,0.796387,0.796387,0.796387,0.796387,0.796387,0.797363,0.801270,0.801270,0.801270,0.801270,0.803223,0.803223,0.809082,0.809082,0.809082,0.809082,0.811035,0.811035,0.811523,0.812500,0.813477,0.816406,0.816406,0.816406,0.816406,0.816406,0.816406,0.818359,0.818359,0.818359,0.818359,0.818359,0.818359,0.819336,0.820312,0.820312,0.821289,0.821289,0.821289,0.821289,0.821289,0.821289,0.821289,0.821289,0.821289,0.821289,0.821289,0.821289,0.821289,0.821289,0.821289,0.821289,0.821289,0.821289,0.821289,0.821289,0.821289,0.821289,0.821289,0.821289,0.821289,0.821289,0.821289,0.821289,0.821289,0.821289,0.821289,0.821289,0.821289,0.821289,0.821289,0.821289,0.821289,0.821289,0.821289,0.821289,0.821289,0.821289,0.821289,0.821289,0.821289,0.821289,0.821289,0.821289,0.821289,0.821289,0.821289,0.821289,0.821289,0.821289,0.821777,0.821777,0.821777,0.821777,0.821777,0.821777,0.821777,0.821777,0.821777,0.821777,0.821777,0.821777,0.821777,0.821777,0.821777,0.821777,0.821777,0.821777,0.821777,0.821777,0.821777,0.821777,0.821777,0.821777,0.821777,0.821777,0.821777,0.821777,0.821777,0.821777,0.821777,0.822266,0.823242,0.823242,0.823242,0.823242,0.823242,0.823242,0.826172,0.826172,0.826172,0.826172,0.826172,0.827148,0.828125,0.828125,0.828125,0.829102,0.829102,0.829102,0.829102,0.830078,0.830078,0.830078,0.830078,0.830078,0.830078,0.830078,0.832031,0.832031,0.833008,0.833008,
0.751892,0.783142,0.784485,0.786072,0.820770,0.821289,0.851868,0.875305,0.876282,0.884094,0.885559,0.886536,0.886536,0.886658,0.886658,0.886658,0.886658,0.886658,0.887634,0.887695,0.887695,0.887695,0.887756,0.887756,0.887756,0.887756,0.887756,0.887772,0.887772,0.887772,0.887772,0.887772,0.891678,0.891678,0.891678,0.891678,0.891678,0.891678,0.891678,0.891678,0.891678,0.891678,0.891678,0.891678,0.891678,0.922684,0.922684,0.923660,0.923660,0.923660,0.923660,0.923660,0.923660,0.923660,0.923782,0.924271,0.924271,0.924271,0.924271,0.925247,0.925247,0.928177,0.928177,0.928177,0.928177,0.929153,0.929153,0.929169,0.929657,0.930145,0.930328,0.930328,0.930328,0.930328,0.930328,0.930328,0.930450,0.930450,0.930450,0.930450,0.930450,0.930450,0.930542,0.930573,0.930573,0.930634,0.930634,0.930634,0.930634,0.930634,0.930634,0.930634,0.930634,0.930634,0.930634,0.930634,0.930634,0.930634,0.930634,0.930634,0.930634,0.930634,0.930634,0.930634,0.930634,0.930634,0.930634,0.930634,0.930634,0.930634,0.930634,0.930634,0.930634,0.930634,0.930634,0.930634,0.930634,0.930634,0.930634,0.930634,0.930634,0.930634,0.930634,0.930634,0.930634,0.930634,0.930634,0.930634,0.930634,0.930634,0.930634,0.930634,0.930634,0.930634,0.930634,0.930634,0.930634,0.930634,0.930634,0.930649,0.930649,0.930649,0.930649,0.930649,0.930649,0.930649,0.930649,0.930649,0.930649,0.930649,0.930649,0.930649,0.930649,0.930649,0.930649,0.930649,0.930649,0.930649,0.930649,0.930649,0.930649,0.930649,0.930649,0.930649,0.930649,0.930649,0.930649,0.930649,0.930649,0.930649,0.930878,0.930908,0.930908,0.930908,0.930908,0.930908,0.930908,0.931000,0.931000,0.931000,0.931000,0.931000,0.931030,0.931061,0.931061,0.931061,0.931305,0.931305,0.931305,0.931305,0.931549,0.931549,0.931549,0.931549,0.931549,0.931549,0.931549,0.931610,0.931610,0.932098,0.932098,
