kBasicLog: 1
kBreedEdges: 1
kBreedGates: 1
kBreedSample: 2
kBreedType: 0
kChildren: 100
kEvaluations: 20000
kGens: 100
kLegalGateTypes: 1
kLog: 1
kLogIter: 6
kMaxGenStagnation: 300
kMessUp: 0
kMutatePercent: 1
kMutationMode: 1
kMutations: 6
kPruneOrphans: 1
kSaveDotGraphs: 1
kSeed: 0
kThreads: 4
kThreshold: 1000
kTruthWeight: 1
columns: 13
rows: 5,5,5,5,5,5,5,5,5,5,5,5,4
goal_correct_count: 256
goal_total_count: 2048
goal_total_weighted_count: 65536
~
gates_used: 29
total_count: 1612
total_weighted_count: 0
percent: 0.787109
weighted_percent: 0.000000
evaluations: 20100
~
1476,1484,1500,1502,1502,1510,1516,1532,1538,1538,1546,1548,1550,1552,1552,1552,1552,1556,1556,1568,1568,1568,1568,1568,1570,1570,1570,1574,1574,1582,1582,1584,1588,1588,1588,1588,1588,1588,1588,1588,1588,1588,1588,1588,1588,1588,1588,1588,1588,1588,1588,1588,1588,1588,1588,1588,1588,1588,1588,1588,1588,1590,1590,1590,1590,1590,1590,1596,1596,1596,1596,1596,1596,1596,1596,1596,1596,1596,1596,1596,1596,1596,1596,1596,1596,1596,1596,1596,1596,1596,1596,1596,1598,1602,1602,1602,1602,1602,1602,1602,1602,1602,1602,1602,1602,1602,1602,1610,1610,1610,1610,1610,1610,1610,1610,1610,1610,1610,1610,1610,1610,1610,1610,1610,1610,1610,1610,1610,1610,1610,1610,1610,1610,1610,1610,1610,1610,1610,1610,1610,1610,1610,1610,1610,1610,1610,1610,1610,1610,1610,1610,1610,1610,1610,1610,1610,1610,1610,1610,1610,1610,1610,1610,1610,1610,1610,1610,1610,1610,1612,1612,1612,1612,1612,1612,1612,1612,1612,1612,1612,1612,1612,1612,1612,1612,1612,1612,1612,1612,1612,1612,1612,1612,1612,1612,1612,1612,1612,1612,1612,1612,
54240,54368,54480,54482,54482,54738,54752,55776,55782,55782,56038,56046,56054,56070,56070,56070,56070,56134,56134,56518,56518,56518,56518,56518,56522,56522,56522,56538,56538,56666,56666,56682,56810,56810,56810,56810,56810,56810,56810,56810,56810,56810,56810,56810,56810,56810,56810,56810,56810,56810,56810,56810,56810,56810,56810,56810,56810,56810,56810,56810,56810,56818,56818,56818,56818,56818,56818,56824,56824,56824,56824,56824,56824,56824,56824,56824,56824,56824,56824,56824,56824,56824,56824,56824,56824,56824,56824,56824,56824,56824,56824,56824,56828,56948,56948,56948,56948,56948,56948,56948,56948,56948,56948,56948,56948,56948,56948,57012,57012,57012,57012,57012,57012,57012,57012,57012,57012,57012,57012,57012,57012,57012,57012,57012,57012,57012,57012,57012,57012,57012,57012,57012,57012,57012,57012,57012,57012,57012,57012,57012,57012,57012,57012,57012,57012,57012,57012,57012,57012,57012,57012,57012,57012,57012,57012,57012,57012,57012,57012,57012,57012,57012,57012,57012,57012,57012,57012,57012,57012,57020,57020,57020,57020,57020,57020,57020,57020,57020,57020,57020,57020,57020,57020,57020,57020,57020,57020,57020,57020,57020,57020,57020,57020,57020,57020,57020,57020,57020,57020,57020,57020,
0.720703,0.724609,0.732422,0.733398,0.733398,0.737305,0.740234,0.748047,0.750977,0.750977,0.754883,0.755859,0.756836,0.757812,0.757812,0.757812,0.757812,0.759766,0.759766,0.765625,0.765625,0.765625,0.765625,0.765625,0.766602,0.766602,0.766602,0.768555,0.768555,0.772461,0.772461,0.773438,0.775391,0.775391,0.775391,0.775391,0.775391,0.775391,0.775391,0.775391,0.775391,0.775391,0.775391,0.775391,0.775391,0.775391,0.775391,0.775391,0.775391,0.775391,0.775391,0.775391,0.775391,0.775391,0.775391,0.775391,0.775391,0.775391,0.775391,0.775391,0.775391,0.776367,0.776367,0.776367,0.776367,0.776367,0.776367,0.779297,0.779297,0.779297,0.779297,0.779297,0.779297,0.779297,0.779297,0.779297,0.779297,0.779297,0.779297,0.779297,0.779297,0.779297,0.779297,0.779297,0.779297,0.779297,0.779297,0.779297,0.779297,0.779297,0.779297,0.779297,0.780273,0.782227,0.782227,0.782227,0.782227,0.782227,0.782227,0.782227,0.782227,0.782227,0.782227,0.782227,0.782227,0.782227,0.782227,0.786133,0.786133,0.786133,0.786133,0.786133,0.786133,0.786133,0.786133,0.786133,0.786133,0.786133,0.786133,0.786133,0.786133,0.786133,0.786133,0.786133,0.786133,0.786133,0.786133,0.786133,0.786133,0.786133,0.786133,0.786133,0.786133,0.786133,0.786133,0.786133,0.786133,0.786133,0.786133,0.786133,0.786133,0.786133,0.786133,0.786133,0.786133,0.786133,0.786133,0.786133,0.786133,0.786133,0.786133,0.786133,0.786133,0.786133,0.786133,0.786133,0.786133,0.786133,0.786133,0.786133,0.786133,0.786133,0.786133,0.786133,0.786133,0.786133,0.786133,0.786133,0.786133,0.787109,0.787109,0.787109,0.787109,0.787109,0.787109,0.787109,0.787109,0.787109,0.787109,0.787109,0.787109,0.787109,0.787109,0.787109,0.787109,0.787109,0.787109,0.787109,0.787109,0.787109,0.787109,0.787109,0.787109,0.787109,0.787109,0.787109,0.787109,0.787109,0.787109,0.787109,0.787109,
0.827637,0.829590,0.831299,0.831329,0.831329,0.835236,0.835449,0.851074,0.851166,0.851166,0.855072,0.855194,0.855316,0.855560,0.855560,0.855560,0.855560,0.856537,0.856537,0.862396,0.862396,0.862396,0.862396,0.862396,0.862457,0.862457,0.862457,0.862701,0.862701,0.864655,0.864655,0.864899,0.866852,0.866852,0.866852,0.866852,0.866852,0.866852,0.866852,0.866852,0.866852,0.866852,0.866852,0.866852,0.866852,0.866852,0.866852,0.866852,0.866852,0.866852,0.866852,0.866852,0.866852,0.866852,0.866852,0.866852,0.866852,0.866852,0.866852,0.866852,0.866852,0.866974,0.866974,0.866974,0.866974,0.866974,0.866974,0.867065,0.867065,0.867065,0.867065,0.867065,0.867065,0.867065,0.867065,0.867065,0.867065,0.867065,0.867065,0.867065,0.867065,0.867065,0.867065,0.867065,0.867065,0.867065,0.867065,0.867065,0.867065,0.867065,0.867065,0.867065,0.867126,0.868958,0.868958,0.868958,0.868958,0.868958,0.868958,0.868958,0.868958,0.868958,0.868958,0.868958,0.868958,0.868958,0.868958,0.869934,0.869934,0.869934,0.869934,0.869934,0.869934,0.869934,0.869934,0.869934,0.869934,0.869934,0.869934,0.869934,0.869934,0.869934,0.869934,0.869934,0.869934,0.869934,0.869934,0.869934,0.869934,0.869934,0.869934,0.869934,0.869934,0.869934,0.869934,0.869934,0.869934,0.869934,0.869934,0.869934,0.869934,0.869934,0.869934,0.869934,0.869934,0.869934,0.869934,0.869934,0.869934,0.869934,0.869934,0.869934,0.869934,0.869934,0.869934,0.869934,0.869934,0.869934,0.869934,0.869934,0.869934,0.869934,0.869934,0.869934,0.869934,0.869934,0.869934,0.869934,0.869934,0.870056,0.870056,0.870056,0.870056,0.870056,0.870056,0.870056,0.870056,0.870056,0.870056,0.870056,0.870056,0.870056,0.870056,0.870056,0.870056,0.870056,0.870056,0.870056,0.870056,0.870056,0.870056,0.870056,0.870056,0.870056,0.870056,0.870056,0.870056,0.870056,0.870056,0.870056,0.870056,
