kBasicLog: 1
kBreedEdges: 1
kBreedGates: 1
kBreedSample: 2
kBreedType: 0
kChildren: 100
kEvaluations: 20000
kGens: 100
kLegalGateTypes: 1
kLog: 1
kLogIter: 1
kMaxGenStagnation: 300
kMessUp: 0
kMutatePercent: 1
kMutationMode: 1
kMutations: 6
kPruneOrphans: 1
kSaveDotGraphs: 1
kSeed: 0
kThreads: 4
kThreshold: 1000
kTruthWeight: 1
columns: 13
rows: 5,5,5,5,5,5,5,5,5,5,5,5,4
goal_correct_count: 256
goal_total_count: 2048
goal_total_weighted_count: 65536
~
gates_used: 34
total_count: 1694
total_weighted_count: 0
percent: 0.827148
weighted_percent: 0.000000
evaluations: 20100
~
1442,1456,1464,1474,1482,1494,1524,1532,1560,1566,1574,1592,1596,1608,1608,1624,1628,1634,1634,1634,1634,1634,1634,1634,1636,1640,1648,1648,1648,1648,1648,1648,1648,1648,1648,1656,1662,1662,1662,1662,1662,1662,1662,1662,1662,1662,1662,1662,1662,1662,1662,1662,1662,1662,1662,1662,1662,1662,1662,1662,1662,1662,1662,1662,1662,1662,1662,1662,1662,1662,1662,1668,1668,1672,1672,1676,1676,1676,1676,1676,1676,1676,1676,1676,1676,1676,1676,1676,1680,1680,1680,1680,1684,1684,1684,1684,1684,1684,1684,1684,1684,1688,1688,1688,1688,1688,1688,1688,1688,1688,1688,1688,1688,1688,1688,1688,1688,1688,1688,1688,1688,1688,1688,1688,1688,1688,1688,1688,1688,1688,1688,1688,1688,1688,1688,1688,1688,1688,1688,1688,1688,1688,1688,1688,1688,1688,1690,1690,1690,1690,1690,1690,1690,1690,1690,1690,1690,1690,1690,1690,1690,1690,1690,1690,1690,1690,1690,1690,1690,1690,1690,1690,1690,1690,1690,1690,1690,1690,1690,1690,1692,1692,1692,1692,1692,1692,1694,1694,1694,1694,1694,1694,1694,1694,1694,1694,1694,1694,1694,1694,1694,
47452,47596,48620,49676,49932,49956,50948,52868,54884,54932,55860,55884,55900,56908,56908,58956,58972,58996,58996,58996,58996,58996,58996,58996,59004,59036,59100,59100,59100,59100,59100,59100,59100,59100,59100,61084,61204,61204,61204,61204,61204,61204,61204,61204,61204,61204,61204,61204,61204,61204,61204,61204,61204,61204,61204,61204,61204,61204,61204,61204,61204,61204,61204,61204,61204,61204,61204,61204,61204,61204,61204,61216,61216,61224,61224,61288,61288,61288,61288,61288,61288,61288,61288,61288,61288,61288,61288,61288,61304,61304,61304,61304,61312,61312,61312,61312,61312,61312,61312,61312,61312,61376,61376,61376,61376,61376,61376,61376,61376,61376,61376,61376,61376,61376,61376,61376,61376,61376,61376,61376,61376,61376,61376,61376,61376,61376,61376,61376,61376,61376,61376,61376,61376,61376,61376,61376,61376,61376,61376,61376,61376,61376,61376,61376,61376,61376,61408,61408,61408,61408,61408,61408,61408,61408,61408,61408,61408,61408,61408,61408,61408,61408,61408,61408,61408,61408,61408,61408,61408,61408,61408,61408,61408,61408,61408,61408,61408,61408,61408,61408,61424,61424,61424,61424,61424,61424,61440,61440,61440,61440,61440,61440,61440,61440,61440,61440,61440,61440,61440,61440,61440,
0.704102,0.710938,0.714844,0.719727,0.723633,0.729492,0.744141,0.748047,0.761719,0.764648,0.768555,0.777344,0.779297,0.785156,0.785156,0.792969,0.794922,0.797852,0.797852,0.797852,0.797852,0.797852,0.797852,0.797852,0.798828,0.800781,0.804688,0.804688,0.804688,0.804688,0.804688,0.804688,0.804688,0.804688,0.804688,0.808594,0.811523,0.811523,0.811523,0.811523,0.811523,0.811523,0.811523,0.811523,0.811523,0.811523,0.811523,0.811523,0.811523,0.811523,0.811523,0.811523,0.811523,0.811523,0.811523,0.811523,0.811523,0.811523,0.811523,0.811523,0.811523,0.811523,0.811523,0.811523,0.811523,0.811523,0.811523,0.811523,0.811523,0.811523,0.811523,0.814453,0.814453,0.816406,0.816406,0.818359,0.818359,0.818359,0.818359,0.818359,0.818359,0.818359,0.818359,0.818359,0.818359,0.818359,0.818359,0.818359,0.820312,0.820312,0.820312,0.820312,0.822266,0.822266,0.822266,0.822266,0.822266,0.822266,0.822266,0.822266,0.822266,0.824219,0.824219,0.824219,0.824219,0.824219,0.824219,0.824219,0.824219,0.824219,0.824219,0.824219,0.824219,0.824219,0.824219,0.824219,0.824219,0.824219,0.824219,0.824219,0.824219,0.824219,0.824219,0.824219,0.824219,0.824219,0.824219,0.824219,0.824219,0.824219,0.824219,0.824219,0.824219,0.824219,0.824219,0.824219,0.824219,0.824219,0.824219,0.824219,0.824219,0.824219,0.824219,0.824219,0.824219,0.824219,0.825195,0.825195,0.825195,0.825195,0.825195,0.825195,0.825195,0.825195,0.825195,0.825195,0.825195,0.825195,0.825195,0.825195,0.825195,0.825195,0.825195,0.825195,0.825195,0.825195,0.825195,0.825195,0.825195,0.825195,0.825195,0.825195,0.825195,0.825195,0.825195,0.825195,0.825195,0.825195,0.825195,0.825195,0.826172,0.826172,0.826172,0.826172,0.826172,0.826172,0.827148,0.827148,0.827148,0.827148,0.827148,0.827148,0.827148,0.827148,0.827148,0.827148,0.827148,0.827148,0.827148,0.827148,0.827148,
0.724060,0.726257,0.741882,0.757996,0.761902,0.762268,0.777405,0.806702,0.837463,0.838196,0.852356,0.852722,0.852966,0.868347,0.868347,0.899597,0.899841,0.900208,0.900208,0.900208,0.900208,0.900208,0.900208,0.900208,0.900330,0.900818,0.901794,0.901794,0.901794,0.901794,0.901794,0.901794,0.901794,0.901794,0.901794,0.932068,0.933899,0.933899,0.933899,0.933899,0.933899,0.933899,0.933899,0.933899,0.933899,0.933899,0.933899,0.933899,0.933899,0.933899,0.933899,0.933899,0.933899,0.933899,0.933899,0.933899,0.933899,0.933899,0.933899,0.933899,0.933899,0.933899,0.933899,0.933899,0.933899,0.933899,0.933899,0.933899,0.933899,0.933899,0.933899,0.934082,0.934082,0.934204,0.934204,0.935181,0.935181,0.935181,0.935181,0.935181,0.935181,0.935181,0.935181,0.935181,0.935181,0.935181,0.935181,0.935181,0.935425,0.935425,0.935425,0.935425,0.935547,0.935547,0.935547,0.935547,0.935547,0.935547,0.935547,0.935547,0.935547,0.936523,0.936523,0.936523,0.936523,0.936523,0.936523,0.936523,0.936523,0.936523,0.936523,0.936523,0.936523,0.936523,0.936523,0.936523,0.936523,0.936523,0.936523,0.936523,0.936523,0.936523,0.936523,0.936523,0.936523,0.936523,0.936523,0.936523,0.936523,0.936523,0.936523,0.936523,0.936523,0.936523,0.936523,0.936523,0.936523,0.936523,0.936523,0.936523,0.936523,0.936523,0.936523,0.936523,0.936523,0.936523,0.937012,0.937012,0.937012,0.937012,0.937012,0.937012,0.937012,0.937012,0.937012,0.937012,0.937012,0.937012,0.937012,0.937012,0.937012,0.937012,0.937012,0.937012,0.937012,0.937012,0.937012,0.937012,0.937012,0.937012,0.937012,0.937012,0.937012,0.937012,0.937012,0.937012,0.937012,0.937012,0.937012,0.937012,0.937256,0.937256,0.937256,0.937256,0.937256,0.937256,0.937500,0.937500,0.937500,0.937500,0.937500,0.937500,0.937500,0.937500,0.937500,0.937500,0.937500,0.937500,0.937500,0.937500,0.937500,
