kBasicLog: 1
kBreedEdges: 1
kBreedGates: 1
kBreedSample: 2
kBreedType: 0
kChildren: 100
kEvaluations: 20000
kGens: 100
kLegalGateTypes: 1
kLog: 1
kLogIter: 5
kMaxGenStagnation: 300
kMessUp: 0
kMutatePercent: 1
kMutationMode: 1
kMutations: 6
kPruneOrphans: 1
kSaveDotGraphs: 1
kSeed: 0
kThreads: 4
kThreshold: 1000
kTruthWeight: 1
columns: 13
rows: 5,5,5,5,5,5,5,5,5,5,5,5,4
goal_correct_count: 256
goal_total_count: 2048
goal_total_weighted_count: 65536
~
gates_used: 36
total_count: 1612
total_weighted_count: 0
percent: 0.787109
weighted_percent: 0.000000
evaluations: 20100
~
1454,1478,1482,1510,1522,1530,1538,1560,1578,1584,1588,1592,1594,1596,1596,1596,1596,1596,1596,1596,1596,1596,1596,1596,1596,1596,1596,1596,1596,1596,1596,1596,1596,1596,1596,1596,1596,1596,1596,1596,1596,1596,1596,1596,1596,1596,1596,1596,1596,1596,1596,1596,1598,1598,1598,1602,1602,1602,1602,1602,1602,1602,1602,1602,1602,1602,1602,1602,1602,1602,1602,1602,1602,1602,1602,1602,1602,1602,1602,1602,1602,1602,1602,1602,1602,1602,1602,1602,1602,1602,1602,1602,1602,1602,1602,1602,1602,1602,1602,1602,1602,1602,1602,1602,1602,1602,1602,1602,1602,1602,1602,1602,1602,1602,1602,1602,1602,1602,1602,1602,1602,1602,1602,1602,1602,1602,1602,1602,1602,1602,1602,1602,1602,1602,1602,1602,1606,1606,1606,1606,1606,1606,1606,1606,1606,1606,1606,1606,1606,1606,1606,1606,1606,1606,1606,1606,1606,1606,1606,1606,1606,1606,1608,1608,1608,1608,1608,1608,1608,1608,1608,1608,1608,1608,1608,1608,1608,1608,1608,1608,1608,1608,1608,1608,1608,1608,1608,1608,1608,1608,1608,1608,1608,1608,1608,1608,1608,1608,1612,1612,1612,
47588,50660,51556,55140,55664,55920,55928,56560,56960,56994,57026,57090,57098,57114,57114,57114,57114,57114,57114,57114,57114,57114,57114,57114,57114,57114,57114,57114,57114,57114,57114,57114,57114,57114,57114,57114,57114,57114,57114,57114,57114,57114,57114,57114,57114,57114,57114,57114,57114,57114,57114,57114,57130,57130,57130,57140,57140,57140,57140,57140,57140,57140,57140,57140,57140,57140,57140,57140,57140,57140,57140,57140,57140,57140,57140,57140,57140,57140,57140,57140,57140,57140,57140,57140,57140,57140,57140,57140,57140,57140,57140,57140,57140,57140,57140,57140,57140,57140,57140,57140,57140,57140,57140,57140,57140,57140,57140,57140,57140,57140,57140,57140,57140,57140,57140,57140,57140,57140,57140,57140,57140,57140,57140,57140,57140,57140,57140,57140,57140,57140,57140,57140,57140,57140,57140,57140,57148,57148,57148,57148,57148,57148,57148,57148,57148,57148,57148,57148,57148,57148,57148,57148,57148,57148,57148,57148,57148,57148,57148,57148,57148,57148,57152,57152,57152,57152,57152,57152,57152,57152,57152,57152,57152,57152,57152,57152,57152,57152,57152,57152,57152,57152,57152,57152,57152,57152,57152,57152,57152,57152,57152,57152,57152,57152,57152,57152,57152,57152,57160,57160,57160,
0.709961,0.721680,0.723633,0.737305,0.743164,0.747070,0.750977,0.761719,0.770508,0.773438,0.775391,0.777344,0.778320,0.779297,0.779297,0.779297,0.779297,0.779297,0.779297,0.779297,0.779297,0.779297,0.779297,0.779297,0.779297,0.779297,0.779297,0.779297,0.779297,0.779297,0.779297,0.779297,0.779297,0.779297,0.779297,0.779297,0.779297,0.779297,0.779297,0.779297,0.779297,0.779297,0.779297,0.779297,0.779297,0.779297,0.779297,0.779297,0.779297,0.779297,0.779297,0.779297,0.780273,0.780273,0.780273,0.782227,0.782227,0.782227,0.782227,0.782227,0.782227,0.782227,0.782227,0.782227,0.782227,0.782227,0.782227,0.782227,0.782227,0.782227,0.782227,0.782227,0.782227,0.782227,0.782227,0.782227,0.782227,0.782227,0.782227,0.782227,0.782227,0.782227,0.782227,0.782227,0.782227,0.782227,0.782227,0.782227,0.782227,0.782227,0.782227,0.782227,0.782227,0.782227,0.782227,0.782227,0.782227,0.782227,0.782227,0.782227,0.782227,0.782227,0.782227,0.782227,0.782227,0.782227,0.782227,0.782227,0.782227,0.782227,0.782227,0.782227,0.782227,0.782227,0.782227,0.782227,0.782227,0.782227,0.782227,0.782227,0.782227,0.782227,0.782227,0.782227,0.782227,0.782227,0.782227,0.782227,0.782227,0.782227,0.782227,0.782227,0.782227,0.782227,0.782227,0.782227,0.784180,0.784180,0.784180,0.784180,0.784180,0.784180,0.784180,0.784180,0.784180,0.784180,0.784180,0.784180,0.784180,0.784180,0.784180,0.784180,0.784180,0.784180,0.784180,0.784180,0.784180,0.784180,0.784180,0.784180,0.784180,0.784180,0.785156,0.785156,0.785156,0.785156,0.785156,0.785156,0.785156,0.785156,0.785156,0.785156,0.785156,0.785156,0.785156,0.785156,0.785156,0.785156,0.785156,0.785156,0.785156,0.785156,0.785156,0.785156,0.785156,0.785156,0.785156,0.785156,0.785156,0.785156,0.785156,0.785156,0.785156,0.785156,0.785156,0.785156,0.785156,0.785156,0.787109,0.787109,0.787109,
0.726135,0.773010,0.786682,0.841370,0.849365,0.853271,0.853394,0.863037,0.869141,0.869659,0.870148,0.871124,0.871246,0.871490,0.871490,0.871490,0.871490,0.871490,0.871490,0.871490,0.871490,0.871490,0.871490,0.871490,0.871490,0.871490,0.871490,0.871490,0.871490,0.871490,0.871490,0.871490,0.871490,0.871490,0.871490,0.871490,0.871490,0.871490,0.871490,0.871490,0.871490,0.871490,0.871490,0.871490,0.871490,0.871490,0.871490,0.871490,0.871490,0.871490,0.871490,0.871490,0.871735,0.871735,0.871735,0.871887,0.871887,0.871887,0.871887,0.871887,0.871887,0.871887,0.871887,0.871887,0.871887,0.871887,0.871887,0.871887,0.871887,0.871887,0.871887,0.871887,0.871887,0.871887,0.871887,0.871887,0.871887,0.871887,0.871887,0.871887,0.871887,0.871887,0.871887,0.871887,0.871887,0.871887,0.871887,0.871887,0.871887,0.871887,0.871887,0.871887,0.871887,0.871887,0.871887,0.871887,0.871887,0.871887,0.871887,0.871887,0.871887,0.871887,0.871887,0.871887,0.871887,0.871887,0.871887,0.871887,0.871887,0.871887,0.871887,0.871887,0.871887,0.871887,0.871887,0.871887,0.871887,0.871887,0.871887,0.871887,0.871887,0.871887,0.871887,0.871887,0.871887,0.871887,0.871887,0.871887,0.871887,0.871887,0.871887,0.871887,0.871887,0.871887,0.871887,0.871887,0.872009,0.872009,0.872009,0.872009,0.872009,0.872009,0.872009,0.872009,0.872009,0.872009,0.872009,0.872009,0.872009,0.872009,0.872009,0.872009,0.872009,0.872009,0.872009,0.872009,0.872009,0.872009,0.872009,0.872009,0.872009,0.872009,0.872070,0.872070,0.872070,0.872070,0.872070,0.872070,0.872070,0.872070,0.872070,0.872070,0.872070,0.872070,0.872070,0.872070,0.872070,0.872070,0.872070,0.872070,0.872070,0.872070,0.872070,0.872070,0.872070,0.872070,0.872070,0.872070,0.872070,0.872070,0.872070,0.872070,0.872070,0.872070,0.872070,0.872070,0.872070,0.872070,0.872192,0.872192,0.872192,
