kBasicLog: 1
kBreedEdges: 1
kBreedGates: 1
kBreedSample: 2
kBreedType: 0
kChildren: 100
kEvaluations: 20000
kGens: 100
kLegalGateTypes: 1
kLog: 1
kLogIter: 4
kMaxGenStagnation: 300
kMessUp: 0
kMutatePercent: 1
kMutationMode: 1
kMutations: 6
kPruneOrphans: 1
kSaveDotGraphs: 1
kSeed: 0
kThreads: 4
kThreshold: 1000
kTruthWeight: 1
columns: 13
rows: 5,5,5,5,5,5,5,5,5,5,5,5,4
goal_correct_count: 256
goal_total_count: 2048
goal_total_weighted_count: 65536
~
gates_used: 41
total_count: 1628
total_weighted_count: 0
percent: 0.794922
weighted_percent: 0.000000
evaluations: 20100
~
1440,1448,1450,1474,1482,1492,1504,1514,1556,1572,1576,1580,1588,1588,1588,1590,1590,1590,1590,1590,1590,1590,1594,1594,1594,1594,1594,1594,1596,1596,1596,1596,1598,1598,1598,1598,1598,1598,1598,1598,1598,1598,1598,1598,1598,1598,1598,1598,1598,1598,1598,1598,1598,1598,1598,1598,1598,1598,1598,1598,1598,1598,1606,1606,1606,1606,1606,1606,1606,1606,1608,1608,1608,1612,1612,1612,1612,1612,1614,1614,1614,1616,1616,1616,1616,1616,1616,1616,1616,1616,1616,1616,1616,1616,1616,1616,1616,1616,1616,1616,1616,1616,1616,1616,1616,1616,1616,1616,1616,1616,1616,1616,1616,1616,1616,1616,1616,1616,1616,1616,1616,1616,1616,1616,1616,1616,1616,1616,1616,1616,1616,1616,1616,1616,1616,1616,1616,1616,1616,1616,1616,1616,1616,1616,1624,1624,1624,1624,1624,1624,1624,1624,1624,1624,1624,1624,1624,1624,1624,1624,1624,1624,1624,1624,1624,1624,1624,1624,1624,1624,1624,1624,1624,1624,1624,1624,1624,1624,1624,1624,1624,1624,1624,1624,1624,1624,1624,1624,1624,1624,1624,1624,1624,1624,1624,1628,1628,1628,1628,1628,1628,
45800,45816,45818,49786,50298,51310,52098,52362,56978,57068,57100,57164,57292,57292,57292,57300,57300,57300,57300,57300,57300,57300,57316,57316,57316,57316,57316,57316,57332,57332,57332,57332,57340,57340,57340,57340,57340,57340,57340,57340,57340,57340,57340,57340,57340,57340,57340,57340,57340,57340,57340,57340,57340,57340,57340,57340,57340,57340,57340,57340,57340,57340,57468,57468,57468,57468,57468,57468,57468,57468,57484,57484,57484,57516,57516,57516,57516,57516,57540,57540,57540,57548,57548,57548,57548,57548,57548,57548,57548,57548,57548,57548,57548,57548,57548,57548,57548,57548,57548,57548,57548,57548,57548,57548,57548,57548,57548,57548,57548,57548,57548,57548,57548,57548,57548,57548,57548,57548,57548,57548,57548,57548,57548,57548,57548,57548,57548,57548,57548,57548,57548,57548,57548,57548,57548,57548,57548,57548,57548,57548,57548,57548,57548,57548,57804,57804,57804,57804,57804,57804,57804,57804,57804,57804,57804,57804,57804,57804,57804,57804,57804,57804,57804,57804,57804,57804,57804,57804,57804,57804,57804,57804,57804,57804,57804,57804,57804,57804,57804,57804,57804,57804,57804,57804,57804,57804,57804,57804,57804,57804,57804,57804,57804,57804,57804,57836,57836,57836,57836,57836,57836,
0.703125,0.707031,0.708008,0.719727,0.723633,0.728516,0.734375,0.739258,0.759766,0.767578,0.769531,0.771484,0.775391,0.775391,0.775391,0.776367,0.776367,0.776367,0.776367,0.776367,0.776367,0.776367,0.778320,0.778320,0.778320,0.778320,0.778320,0.778320,0.779297,0.779297,0.779297,0.779297,0.780273,0.780273,0.780273,0.780273,0.780273,0.780273,0.780273,0.780273,0.780273,0.780273,0.780273,0.780273,0.780273,0.780273,0.780273,0.780273,0.780273,0.780273,0.780273,0.780273,0.780273,0.780273,0.780273,0.780273,0.780273,0.780273,0.780273,0.780273,0.780273,0.780273,0.784180,0.784180,0.784180,0.784180,0.784180,0.784180,0.784180,0.784180,0.785156,0.785156,0.785156,0.787109,0.787109,0.787109,0.787109,0.787109,0.788086,0.788086,0.788086,0.789062,0.789062,0.789062,0.789062,0.789062,0.789062,0.789062,0.789062,0.789062,0.789062,0.789062,0.789062,0.789062,0.789062,0.789062,0.789062,0.789062,0.789062,0.789062,0.789062,0.789062,0.789062,0.789062,0.789062,0.789062,0.789062,0.789062,0.789062,0.789062,0.789062,0.789062,0.789062,0.789062,0.789062,0.789062,0.789062,0.789062,0.789062,0.789062,0.789062,0.789062,0.789062,0.789062,0.789062,0.789062,0.789062,0.789062,0.789062,0.789062,0.789062,0.789062,0.789062,0.789062,0.789062,0.789062,0.789062,0.789062,0.789062,0.789062,0.789062,0.789062,0.789062,0.789062,0.792969,0.792969,0.792969,0.792969,0.792969,0.792969,0.792969,0.792969,0.792969,0.792969,0.792969,0.792969,0.792969,0.792969,0.792969,0.792969,0.792969,0.792969,0.792969,0.792969,0.792969,0.792969,0.792969,0.792969,0.792969,0.792969,0.792969,0.792969,0.792969,0.792969,0.792969,0.792969,0.792969,0.792969,0.792969,0.792969,0.792969,0.792969,0.792969,0.792969,0.792969,0.792969,0.792969,0.792969,0.792969,0.792969,0.792969,0.792969,0.792969,0.792969,0.792969,0.794922,0.794922,0.794922,0.794922,0.794922,0.794922,
0.698853,0.699097,0.699127,0.759674,0.767487,0.782928,0.794952,0.798981,0.869415,0.870789,0.871277,0.872253,0.874207,0.874207,0.874207,0.874329,0.874329,0.874329,0.874329,0.874329,0.874329,0.874329,0.874573,0.874573,0.874573,0.874573,0.874573,0.874573,0.874817,0.874817,0.874817,0.874817,0.874939,0.874939,0.874939,0.874939,0.874939,0.874939,0.874939,0.874939,0.874939,0.874939,0.874939,0.874939,0.874939,0.874939,0.874939,0.874939,0.874939,0.874939,0.874939,0.874939,0.874939,0.874939,0.874939,0.874939,0.874939,0.874939,0.874939,0.874939,0.874939,0.874939,0.876892,0.876892,0.876892,0.876892,0.876892,0.876892,0.876892,0.876892,0.877136,0.877136,0.877136,0.877625,0.877625,0.877625,0.877625,0.877625,0.877991,0.877991,0.877991,0.878113,0.878113,0.878113,0.878113,0.878113,0.878113,0.878113,0.878113,0.878113,0.878113,0.878113,0.878113,0.878113,0.878113,0.878113,0.878113,0.878113,0.878113,0.878113,0.878113,0.878113,0.878113,0.878113,0.878113,0.878113,0.878113,0.878113,0.878113,0.878113,0.878113,0.878113,0.878113,0.878113,0.878113,0.878113,0.878113,0.878113,0.878113,0.878113,0.878113,0.878113,0.878113,0.878113,0.878113,0.878113,0.878113,0.878113,0.878113,0.878113,0.878113,0.878113,0.878113,0.878113,0.878113,0.878113,0.878113,0.878113,0.878113,0.878113,0.878113,0.878113,0.878113,0.878113,0.882019,0.882019,0.882019,0.882019,0.882019,0.882019,0.882019,0.882019,0.882019,0.882019,0.882019,0.882019,0.882019,0.882019,0.882019,0.882019,0.882019,0.882019,0.882019,0.882019,0.882019,0.882019,0.882019,0.882019,0.882019,0.882019,0.882019,0.882019,0.882019,0.882019,0.882019,0.882019,0.882019,0.882019,0.882019,0.882019,0.882019,0.882019,0.882019,0.882019,0.882019,0.882019,0.882019,0.882019,0.882019,0.882019,0.882019,0.882019,0.882019,0.882019,0.882019,0.882507,0.882507,0.882507,0.882507,0.882507,0.882507,
