kBasicLog: 1
kBreedEdges: 1
kBreedGates: 1
kBreedSample: 2
kBreedType: 0
kChildren: 100
kEvaluations: 20000
kGens: 100
kLegalGateTypes: 1
kLog: 1
kLogIter: 0
kMaxGenStagnation: 300
kMessUp: 0
kMutatePercent: 1
kMutationMode: 1
kMutations: 6
kPruneOrphans: 1
kSaveDotGraphs: 1
kSeed: 0
kThreads: 4
kThreshold: 1000
kTruthWeight: 1
columns: 13
rows: 5,5,5,5,5,5,5,5,5,5,5,5,4
goal_correct_count: 256
goal_total_count: 2048
goal_total_weighted_count: 65536
~
gates_used: 40
total_count: 1616
total_weighted_count: 0
percent: 0.789062
weighted_percent: 0.000000
evaluations: 20100
~
1446,1460,1472,1514,1530,1538,1542,1548,1550,1550,1552,1554,1554,1564,1566,1566,1566,1566,1570,1570,1578,1578,1578,1578,1578,1578,1578,1578,1578,1578,1578,1582,1582,1582,1582,1582,1582,1582,1582,1582,1582,1582,1582,1582,1582,1582,1582,1582,1582,1582,1582,1582,1582,1582,1582,1582,1582,1584,1584,1586,1586,1586,1586,1586,1592,1592,1592,1598,1598,1598,1598,1598,1598,1598,1598,1598,1598,1598,1598,1598,1598,1598,1598,1598,1598,1598,1598,1600,1600,1602,1602,1602,1602,1602,1602,1602,1602,1602,1602,1602,1602,1602,1602,1602,1602,1602,1602,1602,1602,1602,1602,1602,1602,1602,1602,1602,1602,1602,1602,1602,1602,1602,1602,1602,1602,1602,1602,1602,1602,1602,1608,1608,1608,1608,1608,1608,1608,1608,1608,1608,1608,1608,1608,1608,1608,1608,1608,1608,1608,1608,1608,1608,1608,1608,1608,1608,1608,1608,1608,1608,1608,1608,1608,1608,1608,1608,1608,1608,1608,1608,1608,1610,1610,1616,1616,1616,1616,1616,1616,1616,1616,1616,1616,1616,1616,1616,1616,1616,1616,1616,1616,1616,1616,1616,1616,1616,1616,1616,1616,1616,1616,
49324,49464,49582,53894,53982,54494,55444,55454,55458,55458,55474,55490,55490,55554,55570,55570,55570,55570,55586,55586,56098,56098,56098,56098,56098,56098,56098,56098,56098,56098,56098,56114,56114,56114,56114,56114,56114,56114,56114,56114,56114,56114,56114,56114,56114,56114,56114,56114,56114,56114,56114,56114,56114,56114,56114,56114,56240,56248,56248,56280,56280,56280,56280,56280,56286,56286,56286,56310,56310,56310,56310,56310,56310,56310,56310,56310,56310,56310,56310,56310,56310,56310,56310,56310,56310,56310,56310,56314,56314,56318,56318,56318,56318,56318,56318,56318,56318,56318,56318,56318,56318,56318,56318,56318,56318,56318,56318,56318,56318,56318,56318,56318,56318,56318,56318,56318,56318,56318,56318,56318,56318,56318,56318,56318,56318,56318,56318,56318,56318,56318,56330,56330,56330,56330,56330,56330,56330,56330,56330,56330,56330,56330,56330,56330,56330,56330,56330,56330,56330,56330,56330,56330,56330,56330,56330,56330,56330,56330,56330,56330,56330,56330,56330,56330,56330,56330,56330,56330,56330,56330,56330,56394,56394,56586,56586,56586,56586,56586,56586,56586,56586,56586,56586,56586,56586,56586,56586,56586,56586,56586,56586,56586,56586,56586,56586,56586,56586,56586,56586,56586,56586,
0.706055,0.712891,0.718750,0.739258,0.747070,0.750977,0.752930,0.755859,0.756836,0.756836,0.757812,0.758789,0.758789,0.763672,0.764648,0.764648,0.764648,0.764648,0.766602,0.766602,0.770508,0.770508,0.770508,0.770508,0.770508,0.770508,0.770508,0.770508,0.770508,0.770508,0.770508,0.772461,0.772461,0.772461,0.772461,0.772461,0.772461,0.772461,0.772461,0.772461,0.772461,0.772461,0.772461,0.772461,0.772461,0.772461,0.772461,0.772461,0.772461,0.772461,0.772461,0.772461,0.772461,0.772461,0.772461,0.772461,0.772461,0.773438,0.773438,0.774414,0.774414,0.774414,0.774414,0.774414,0.777344,0.777344,0.777344,0.780273,0.780273,0.780273,0.780273,0.780273,0.780273,0.780273,0.780273,0.780273,0.780273,0.780273,0.780273,0.780273,0.780273,0.780273,0.780273,0.780273,0.780273,0.780273,0.780273,0.781250,0.781250,0.782227,0.782227,0.782227,0.782227,0.782227,0.782227,0.782227,0.782227,0.782227,0.782227,0.782227,0.782227,0.782227,0.782227,0.782227,0.782227,0.782227,0.782227,0.782227,0.782227,0.782227,0.782227,0.782227,0.782227,0.782227,0.782227,0.782227,0.782227,0.782227,0.782227,0.782227,0.782227,0.782227,0.782227,0.782227,0.782227,0.782227,0.782227,0.782227,0.782227,0.782227,0.785156,0.785156,0.785156,0.785156,0.785156,0.785156,0.785156,0.785156,0.785156,0.785156,0.785156,0.785156,0.785156,0.785156,0.785156,0.785156,0.785156,0.785156,0.785156,0.785156,0.785156,0.785156,0.785156,0.785156,0.785156,0.785156,0.785156,0.785156,0.785156,0.785156,0.785156,0.785156,0.785156,0.785156,0.785156,0.785156,0.785156,0.785156,0.785156,0.785156,0.785156,0.786133,0.786133,0.789062,0.789062,0.789062,0.789062,0.789062,0.789062,0.789062,0.789062,0.789062,0.789062,0.789062,0.789062,0.789062,0.789062,0.789062,0.789062,0.789062,0.789062,0.789062,0.789062,0.789062,0.789062,0.789062,0.789062,0.789062,0.789062,0.789062,0.789062,
0.752625,0.754761,0.756561,0.822357,0.823700,0.831512,0.846008,0.846161,0.846222,0.846222,0.846466,0.846710,0.846710,0.847687,0.847931,0.847931,0.847931,0.847931,0.848175,0.848175,0.855988,0.855988,0.855988,0.855988,0.855988,0.855988,0.855988,0.855988,0.855988,0.855988,0.855988,0.856232,0.856232,0.856232,0.856232,0.856232,0.856232,0.856232,0.856232,0.856232,0.856232,0.856232,0.856232,0.856232,0.856232,0.856232,0.856232,0.856232,0.856232,0.856232,0.856232,0.856232,0.856232,0.856232,0.856232,0.856232,0.858154,0.858276,0.858276,0.858765,0.858765,0.858765,0.858765,0.858765,0.858856,0.858856,0.858856,0.859222,0.859222,0.859222,0.859222,0.859222,0.859222,0.859222,0.859222,0.859222,0.859222,0.859222,0.859222,0.859222,0.859222,0.859222,0.859222,0.859222,0.859222,0.859222,0.859222,0.859283,0.859283,0.859344,0.859344,0.859344,0.859344,0.859344,0.859344,0.859344,0.859344,0.859344,0.859344,0.859344,0.859344,0.859344,0.859344,0.859344,0.859344,0.859344,0.859344,0.859344,0.859344,0.859344,0.859344,0.859344,0.859344,0.859344,0.859344,0.859344,0.859344,0.859344,0.859344,0.859344,0.859344,0.859344,0.859344,0.859344,0.859344,0.859344,0.859344,0.859344,0.859344,0.859344,0.859528,0.859528,0.859528,0.859528,0.859528,0.859528,0.859528,0.859528,0.859528,0.859528,0.859528,0.859528,0.859528,0.859528,0.859528,0.859528,0.859528,0.859528,0.859528,0.859528,0.859528,0.859528,0.859528,0.859528,0.859528,0.859528,0.859528,0.859528,0.859528,0.859528,0.859528,0.859528,0.859528,0.859528,0.859528,0.859528,0.859528,0.859528,0.859528,0.859528,0.859528,0.860504,0.860504,0.863434,0.863434,0.863434,0.863434,0.863434,0.863434,0.863434,0.863434,0.863434,0.863434,0.863434,0.863434,0.863434,0.863434,0.863434,0.863434,0.863434,0.863434,0.863434,0.863434,0.863434,0.863434,0.863434,0.863434,0.863434,0.863434,0.863434,0.863434,
