kBasicLog: 1
kBreedEdges: 1
kBreedGates: 1
kBreedSample: 4
kBreedType: 0
kChildren: 100
kEvaluations: 20000
kGens: 100
kLegalGateTypes: 1
kLog: 1
kLogIter: 13
kMaxGenStagnation: 300
kMessUp: 0
kMutatePercent: 1
kMutationMode: 1
kMutations: 6
kPruneOrphans: 1
kSaveDotGraphs: 1
kSeed: 0
kThreads: 4
kThreshold: 1000
kTruthWeight: 1
columns: 13
rows: 5,5,5,5,5,5,5,5,5,5,5,5,4
goal_correct_count: 256
goal_total_count: 2048
goal_total_weighted_count: 65536
~
gates_used: 33
total_count: 1644
total_weighted_count: 0
percent: 0.802734
weighted_percent: 0.000000
evaluations: 20100
~
1450,1458,1486,1494,1504,1510,1514,1530,1534,1540,1548,1552,1556,1556,1558,1558,1572,1572,1578,1578,1578,1582,1582,1582,1582,1582,1582,1582,1582,1582,1582,1582,1582,1582,1582,1582,1582,1582,1582,1582,1582,1582,1588,1596,1600,1600,1608,1608,1608,1608,1608,1608,1608,1608,1608,1608,1608,1608,1608,1608,1612,1612,1612,1612,1614,1614,1614,1614,1614,1620,1620,1620,1620,1620,1620,1620,1620,1620,1620,1620,1620,1620,1620,1628,1628,1628,1628,1628,1628,1628,1628,1628,1628,1628,1628,1628,1628,1628,1628,1628,1628,1628,1628,1628,1628,1628,1630,1630,1630,1630,1630,1630,1630,1630,1630,1630,1638,1638,1638,1638,1638,1640,1640,1640,1640,1640,1640,1644,1644,1644,1644,1644,1644,1644,1644,1644,1644,1644,1644,1644,1644,1644,1644,1644,1644,1644,1644,1644,1644,1644,1644,1644,1644,1644,1644,1644,1644,1644,1644,1644,1644,1644,1644,1644,1644,1644,1644,1644,1644,1644,1644,1644,1644,1644,1644,1644,1644,1644,1644,1644,1644,1644,1644,1644,1644,1644,1644,1644,1644,1644,1644,1644,1644,1644,1644,1644,1644,1644,1644,1644,1644,
48540,48796,51228,51244,51508,52536,52600,54648,54660,55660,55684,55748,55780,55780,55784,55784,55796,55796,55808,55808,55808,55872,55872,55872,55872,55872,55872,55872,55872,55872,55872,55872,55872,55872,55872,55872,55872,55872,55872,55872,55872,55872,59412,59668,59700,59700,59956,59956,59956,59956,59956,59956,59956,59956,59956,59956,59956,59956,59956,59956,59988,59988,59988,59988,59992,59992,59992,59992,59992,60244,60244,60244,60244,60244,60244,60244,60244,60244,60244,60244,60244,60244,60244,60500,60500,60500,60500,60500,60500,60500,60500,60500,60500,60500,60500,60500,60500,60500,60500,60500,60500,60500,60500,60500,60500,60500,60504,60504,60504,60504,60504,60504,60504,60504,60504,60504,60540,60540,60540,60540,60540,60544,60544,60544,60544,60544,60544,60576,60576,60576,60576,60576,60576,60576,60576,60576,60576,60576,60576,60576,60576,60576,60576,60576,60576,60576,60576,60576,60576,60576,60576,60576,60576,60576,60576,60576,60576,60576,60576,60576,60576,60576,60576,60576,60576,60576,60576,60576,60576,60576,60576,60576,60576,60576,60576,60576,60576,60576,60576,60576,60576,60576,60576,60576,60576,60576,60576,60576,60576,60576,60576,60576,60576,60576,60576,60576,60576,60576,60576,60576,60576,
0.708008,0.711914,0.725586,0.729492,0.734375,0.737305,0.739258,0.747070,0.749023,0.751953,0.755859,0.757812,0.759766,0.759766,0.760742,0.760742,0.767578,0.767578,0.770508,0.770508,0.770508,0.772461,0.772461,0.772461,0.772461,0.772461,0.772461,0.772461,0.772461,0.772461,0.772461,0.772461,0.772461,0.772461,0.772461,0.772461,0.772461,0.772461,0.772461,0.772461,0.772461,0.772461,0.775391,0.779297,0.781250,0.781250,0.785156,0.785156,0.785156,0.785156,0.785156,0.785156,0.785156,0.785156,0.785156,0.785156,0.785156,0.785156,0.785156,0.785156,0.787109,0.787109,0.787109,0.787109,0.788086,0.788086,0.788086,0.788086,0.788086,0.791016,0.791016,0.791016,0.791016,0.791016,0.791016,0.791016,0.791016,0.791016,0.791016,0.791016,0.791016,0.791016,0.791016,0.794922,0.794922,0.794922,0.794922,0.794922,0.794922,0.794922,0.794922,0.794922,0.794922,0.794922,0.794922,0.794922,0.794922,0.794922,0.794922,0.794922,0.794922,0.794922,0.794922,0.794922,0.794922,0.794922,0.795898,0.795898,0.795898,0.795898,0.795898,0.795898,0.795898,0.795898,0.795898,0.795898,0.799805,0.799805,0.799805,0.799805,0.799805,0.800781,0.800781,0.800781,0.800781,0.800781,0.800781,0.802734,0.802734,0.802734,0.802734,0.802734,0.802734,0.802734,0.802734,0.802734,0.802734,0.802734,0.802734,0.802734,0.802734,0.802734,0.802734,0.802734,0.802734,0.802734,0.802734,0.802734,0.802734,0.802734,0.802734,0.802734,0.802734,0.802734,0.802734,0.802734,0.802734,0.802734,0.802734,0.802734,0.802734,0.802734,0.802734,0.802734,0.802734,0.802734,0.802734,0.802734,0.802734,0.802734,0.802734,0.802734,0.802734,0.802734,0.802734,0.802734,0.802734,0.802734,0.802734,0.802734,0.802734,0.802734,0.802734,0.802734,0.802734,0.802734,0.802734,0.802734,0.802734,0.802734,0.802734,0.802734,0.802734,0.802734,0.802734,0.802734,0.802734,0.802734,0.802734,0.802734,0.802734,
0.740662,0.744568,0.781677,0.781921,0.785950,0.801636,0.802612,0.833862,0.834045,0.849304,0.849670,0.850647,0.851135,0.851135,0.851196,0.851196,0.851379,0.851379,0.851562,0.851562,0.851562,0.852539,0.852539,0.852539,0.852539,0.852539,0.852539,0.852539,0.852539,0.852539,0.852539,0.852539,0.852539,0.852539,0.852539,0.852539,0.852539,0.852539,0.852539,0.852539,0.852539,0.852539,0.906555,0.910461,0.910950,0.910950,0.914856,0.914856,0.914856,0.914856,0.914856,0.914856,0.914856,0.914856,0.914856,0.914856,0.914856,0.914856,0.914856,0.914856,0.915344,0.915344,0.915344,0.915344,0.915405,0.915405,0.915405,0.915405,0.915405,0.919250,0.919250,0.919250,0.919250,0.919250,0.919250,0.919250,0.919250,0.919250,0.919250,0.919250,0.919250,0.919250,0.919250,0.923157,0.923157,0.923157,0.923157,0.923157,0.923157,0.923157,0.923157,0.923157,0.923157,0.923157,0.923157,0.923157,0.923157,0.923157,0.923157,0.923157,0.923157,0.923157,0.923157,0.923157,0.923157,0.923157,0.923218,0.923218,0.923218,0.923218,0.923218,0.923218,0.923218,0.923218,0.923218,0.923218,0.923767,0.923767,0.923767,0.923767,0.923767,0.923828,0.923828,0.923828,0.923828,0.923828,0.923828,0.924316,0.924316,0.924316,0.924316,0.924316,0.924316,0.924316,0.924316,0.924316,0.924316,0.924316,0.924316,0.924316,0.924316,0.924316,0.924316,0.924316,0.924316,0.924316,0.924316,0.924316,0.924316,0.924316,0.924316,0.924316,0.924316,0.924316,0.924316,0.924316,0.924316,0.924316,0.924316,0.924316,0.924316,0.924316,0.924316,0.924316,0.924316,0.924316,0.924316,0.924316,0.924316,0.924316,0.924316,0.924316,0.924316,0.924316,0.924316,0.924316,0.924316,0.924316,0.924316,0.924316,0.924316,0.924316,0.924316,0.924316,0.924316,0.924316,0.924316,0.924316,0.924316,0.924316,0.924316,0.924316,0.924316,0.924316,0.924316,0.924316,0.924316,0.924316,0.924316,0.924316,0.924316,
