kBasicLog: 1
kBreedEdges: 1
kBreedGates: 1
kBreedSample: 4
kBreedType: 0
kChildren: 100
kEvaluations: 20000
kGens: 100
kLegalGateTypes: 1
kLog: 1
kLogIter: 5
kMaxGenStagnation: 300
kMessUp: 0
kMutatePercent: 1
kMutationMode: 1
kMutations: 6
kPruneOrphans: 1
kSaveDotGraphs: 1
kSeed: 0
kThreads: 4
kThreshold: 1000
kTruthWeight: 1
columns: 13
rows: 5,5,5,5,5,5,5,5,5,5,5,5,4
goal_correct_count: 256
goal_total_count: 2048
goal_total_weighted_count: 65536
~
gates_used: 30
total_count: 1562
total_weighted_count: 0
percent: 0.762695
weighted_percent: 0.000000
evaluations: 20100
~
1418,1428,1438,1442,1444,1454,1462,1462,1466,1468,1468,1468,1468,1468,1468,1468,1470,1470,1472,1482,1484,1492,1526,1536,1548,1550,1552,1552,1552,1552,1552,1552,1554,1558,1558,1558,1558,1558,1558,1558,1558,1558,1558,1558,1558,1558,1558,1558,1558,1558,1558,1558,1558,1558,1558,1558,1558,1558,1558,1558,1558,1558,1558,1558,1558,1558,1558,1558,1558,1558,1558,1558,1558,1558,1558,1558,1558,1558,1558,1558,1558,1558,1558,1558,1558,1558,1558,1558,1558,1558,1558,1558,1558,1558,1558,1558,1558,1558,1558,1562,1562,1562,1562,1562,1562,1562,1562,1562,1562,1562,1562,1562,1562,1562,1562,1562,1562,1562,1562,1562,1562,1562,1562,1562,1562,1562,1562,1562,1562,1562,1562,1562,1562,1562,1562,1562,1562,1562,1562,1562,1562,1562,1562,1562,1562,1562,1562,1562,1562,1562,1562,1562,1562,1562,1562,1562,1562,1562,1562,1562,1562,1562,1562,1562,1562,1562,1562,1562,1562,1562,1562,1562,1562,1562,1562,1562,1562,1562,1562,1562,1562,1562,1562,1562,1562,1562,1562,1562,1562,1562,1562,1562,1562,1562,1562,1562,1562,1562,1562,1562,1562,
45292,45364,45372,45436,45500,45520,45528,45528,45536,45544,45544,45544,45544,45544,45544,45544,45552,45552,45584,47242,47274,48298,53876,54196,54388,54396,54404,54404,54404,54404,54404,54404,54408,54416,54416,54416,54416,54416,54416,54416,54416,54416,54416,54416,54416,54416,54416,54416,54416,54416,54416,54416,54416,54416,54416,54416,54416,54416,54416,54416,54416,54416,54416,54416,54416,54416,54416,54416,54416,54416,54416,54416,54416,54416,54416,54416,54416,54416,54416,54416,54416,54416,54416,54416,54416,54416,54416,54416,54416,54416,54416,54416,54416,54416,54416,54416,54416,54416,54416,54420,54420,54420,54420,54420,54420,54420,54420,54420,54420,54420,54420,54420,54420,54420,54420,54420,54420,54420,54420,54420,54420,54420,54420,54420,54420,54420,54420,54420,54420,54420,54420,54420,54420,54420,54420,54420,54420,54420,54420,54420,54420,54420,54420,54420,54420,54420,54420,54420,54420,54420,54420,54420,54420,54420,54420,54420,54420,54420,54420,54420,54420,54420,54420,54420,54420,54420,54420,54420,54420,54420,54420,54420,54420,54420,54420,54420,54420,54420,54420,54420,54420,54420,54420,54420,54420,54420,54420,54420,54420,54420,54420,54420,54420,54420,54420,54420,54420,54420,54420,54420,54420,
0.692383,0.697266,0.702148,0.704102,0.705078,0.709961,0.713867,0.713867,0.715820,0.716797,0.716797,0.716797,0.716797,0.716797,0.716797,0.716797,0.717773,0.717773,0.718750,0.723633,0.724609,0.728516,0.745117,0.750000,0.755859,0.756836,0.757812,0.757812,0.757812,0.757812,0.757812,0.757812,0.758789,0.760742,0.760742,0.760742,0.760742,0.760742,0.760742,0.760742,0.760742,0.760742,0.760742,0.760742,0.760742,0.760742,0.760742,0.760742,0.760742,0.760742,0.760742,0.760742,0.760742,0.760742,0.760742,0.760742,0.760742,0.760742,0.760742,0.760742,0.760742,0.760742,0.760742,0.760742,0.760742,0.760742,0.760742,0.760742,0.760742,0.760742,0.760742,0.760742,0.760742,0.760742,0.760742,0.760742,0.760742,0.760742,0.760742,0.760742,0.760742,0.760742,0.760742,0.760742,0.760742,0.760742,0.760742,0.760742,0.760742,0.760742,0.760742,0.760742,0.760742,0.760742,0.760742,0.760742,0.760742,0.760742,0.760742,0.762695,0.762695,0.762695,0.762695,0.762695,0.762695,0.762695,0.762695,0.762695,0.762695,0.762695,0.762695,0.762695,0.762695,0.762695,0.762695,0.762695,0.762695,0.762695,0.762695,0.762695,0.762695,0.762695,0.762695,0.762695,0.762695,0.762695,0.762695,0.762695,0.762695,0.762695,0.762695,0.762695,0.762695,0.762695,0.762695,0.762695,0.762695,0.762695,0.762695,0.762695,0.762695,0.762695,0.762695,0.762695,0.762695,0.762695,0.762695,0.762695,0.762695,0.762695,0.762695,0.762695,0.762695,0.762695,0.762695,0.762695,0.762695,0.762695,0.762695,0.762695,0.762695,0.762695,0.762695,0.762695,0.762695,0.762695,0.762695,0.762695,0.762695,0.762695,0.762695,0.762695,0.762695,0.762695,0.762695,0.762695,0.762695,0.762695,0.762695,0.762695,0.762695,0.762695,0.762695,0.762695,0.762695,0.762695,0.762695,0.762695,0.762695,0.762695,0.762695,0.762695,0.762695,0.762695,0.762695,0.762695,0.762695,0.762695,0.762695,0.762695,0.762695,
0.691101,0.692200,0.692322,0.693298,0.694275,0.694580,0.694702,0.694702,0.694824,0.694946,0.694946,0.694946,0.694946,0.694946,0.694946,0.694946,0.695068,0.695068,0.695557,0.720856,0.721344,0.736969,0.822083,0.826965,0.829895,0.830017,0.830139,0.830139,0.830139,0.830139,0.830139,0.830139,0.830200,0.830322,0.830322,0.830322,0.830322,0.830322,0.830322,0.830322,0.830322,0.830322,0.830322,0.830322,0.830322,0.830322,0.830322,0.830322,0.830322,0.830322,0.830322,0.830322,0.830322,0.830322,0.830322,0.830322,0.830322,0.830322,0.830322,0.830322,0.830322,0.830322,0.830322,0.830322,0.830322,0.830322,0.830322,0.830322,0.830322,0.830322,0.830322,0.830322,0.830322,0.830322,0.830322,0.830322,0.830322,0.830322,0.830322,0.830322,0.830322,0.830322,0.830322,0.830322,0.830322,0.830322,0.830322,0.830322,0.830322,0.830322,0.830322,0.830322,0.830322,0.830322,0.830322,0.830322,0.830322,0.830322,0.830322,0.830383,0.830383,0.830383,0.830383,0.830383,0.830383,0.830383,0.830383,0.830383,0.830383,0.830383,0.830383,0.830383,0.830383,0.830383,0.830383,0.830383,0.830383,0.830383,0.830383,0.830383,0.830383,0.830383,0.830383,0.830383,0.830383,0.830383,0.830383,0.830383,0.830383,0.830383,0.830383,0.830383,0.830383,0.830383,0.830383,0.830383,0.830383,0.830383,0.830383,0.830383,0.830383,0.830383,0.830383,0.830383,0.830383,0.830383,0.830383,0.830383,0.830383,0.830383,0.830383,0.830383,0.830383,0.830383,0.830383,0.830383,0.830383,0.830383,0.830383,0.830383,0.830383,0.830383,0.830383,0.830383,0.830383,0.830383,0.830383,0.830383,0.830383,0.830383,0.830383,0.830383,0.830383,0.830383,0.830383,0.830383,0.830383,0.830383,0.830383,0.830383,0.830383,0.830383,0.830383,0.830383,0.830383,0.830383,0.830383,0.830383,0.830383,0.830383,0.830383,0.830383,0.830383,0.830383,0.830383,0.830383,0.830383,0.830383,0.830383,0.830383,0.830383,
