kBasicLog: 1
kBreedEdges: 1
kBreedGates: 1
kBreedSample: 4
kBreedType: 0
kChildren: 100
kEvaluations: 20000
kGens: 100
kLegalGateTypes: 1
kLog: 1
kLogIter: 2
kMaxGenStagnation: 300
kMessUp: 0
kMutatePercent: 1
kMutationMode: 1
kMutations: 6
kPruneOrphans: 1
kSaveDotGraphs: 1
kSeed: 0
kThreads: 4
kThreshold: 1000
kTruthWeight: 1
columns: 13
rows: 5,5,5,5,5,5,5,5,5,5,5,5,4
goal_correct_count: 256
goal_total_count: 2048
goal_total_weighted_count: 65536
~
gates_used: 35
total_count: 1610
total_weighted_count: 0
percent: 0.786133
weighted_percent: 0.000000
evaluations: 20100
~
1412,1422,1422,1422,1428,1434,1436,1476,1484,1490,1500,1506,1512,1514,1514,1514,1514,1514,1514,1514,1518,1518,1518,1518,1518,1518,1518,1520,1520,1520,1528,1528,1528,1532,1532,1536,1536,1536,1536,1536,1536,1540,1540,1540,1540,1540,1544,1546,1546,1546,1546,1546,1546,1546,1546,1546,1546,1546,1546,1546,1548,1548,1550,1552,1554,1554,1554,1554,1556,1556,1556,1556,1558,1558,1558,1558,1558,1558,1558,1558,1558,1558,1560,1560,1560,1564,1566,1566,1566,1566,1566,1566,1566,1566,1566,1568,1572,1574,1576,1576,1576,1576,1576,1576,1582,1582,1586,1590,1594,1594,1594,1600,1602,1602,1602,1602,1602,1602,1602,1602,1602,1602,1602,1602,1604,1604,1610,1610,1610,1610,1610,1610,1610,1610,1610,1610,1610,1610,1610,1610,1610,1610,1610,1610,1610,1610,1610,1610,1610,1610,1610,1610,1610,1610,1610,1610,1610,1610,1610,1610,1610,1610,1610,1610,1610,1610,1610,1610,1610,1610,1610,1610,1610,1610,1610,1610,1610,1610,1610,1610,1610,1610,1610,1610,1610,1610,1610,1610,1610,1610,1610,1610,1610,1610,1610,1610,1610,1610,1610,1610,1610,
44892,44932,44932,44932,46812,47004,47164,53404,53916,54908,55260,55356,55380,55396,55396,55396,55396,55396,55396,55396,55460,55460,55460,55460,55460,55460,55460,55476,55476,55476,55988,55988,55988,56116,56116,56372,56372,56372,56372,56372,56372,56628,56628,56628,56628,56628,56884,56892,56892,56892,56892,56892,56892,56892,56892,56892,56892,56892,56892,56892,56900,56900,57140,57172,57228,57228,57228,57228,57236,57236,57236,57236,57240,57240,57240,57240,57240,57240,57240,57240,57240,57240,57244,57244,57244,57246,57252,57252,57252,57252,57252,57252,57252,57252,57252,57284,58180,58196,58212,58212,58212,58212,58212,58212,58692,58692,59540,59604,59662,59662,59662,59710,59714,59714,59714,59714,59714,59714,59714,59714,59714,59714,59714,59714,59718,59718,59724,59724,59724,59724,59724,59724,59724,59724,59724,59724,59724,59724,59724,59724,59724,59724,59724,59724,59724,59724,59724,59724,59724,59724,59724,59724,59724,59724,59724,59724,59724,59724,59724,59724,59724,59724,59724,59724,59724,59724,59724,59724,59724,59724,59724,59724,59724,59724,59724,59724,59724,59724,59724,59724,59724,59724,59724,59724,59724,59724,59724,59724,59724,59724,59724,59724,59724,59724,59724,59724,59724,59724,59724,59724,59724,
0.689453,0.694336,0.694336,0.694336,0.697266,0.700195,0.701172,0.720703,0.724609,0.727539,0.732422,0.735352,0.738281,0.739258,0.739258,0.739258,0.739258,0.739258,0.739258,0.739258,0.741211,0.741211,0.741211,0.741211,0.741211,0.741211,0.741211,0.742188,0.742188,0.742188,0.746094,0.746094,0.746094,0.748047,0.748047,0.750000,0.750000,0.750000,0.750000,0.750000,0.750000,0.751953,0.751953,0.751953,0.751953,0.751953,0.753906,0.754883,0.754883,0.754883,0.754883,0.754883,0.754883,0.754883,0.754883,0.754883,0.754883,0.754883,0.754883,0.754883,0.755859,0.755859,0.756836,0.757812,0.758789,0.758789,0.758789,0.758789,0.759766,0.759766,0.759766,0.759766,0.760742,0.760742,0.760742,0.760742,0.760742,0.760742,0.760742,0.760742,0.760742,0.760742,0.761719,0.761719,0.761719,0.763672,0.764648,0.764648,0.764648,0.764648,0.764648,0.764648,0.764648,0.764648,0.764648,0.765625,0.767578,0.768555,0.769531,0.769531,0.769531,0.769531,0.769531,0.769531,0.772461,0.772461,0.774414,0.776367,0.778320,0.778320,0.778320,0.781250,0.782227,0.782227,0.782227,0.782227,0.782227,0.782227,0.782227,0.782227,0.782227,0.782227,0.782227,0.782227,0.783203,0.783203,0.786133,0.786133,0.786133,0.786133,0.786133,0.786133,0.786133,0.786133,0.786133,0.786133,0.786133,0.786133,0.786133,0.786133,0.786133,0.786133,0.786133,0.786133,0.786133,0.786133,0.786133,0.786133,0.786133,0.786133,0.786133,0.786133,0.786133,0.786133,0.786133,0.786133,0.786133,0.786133,0.786133,0.786133,0.786133,0.786133,0.786133,0.786133,0.786133,0.786133,0.786133,0.786133,0.786133,0.786133,0.786133,0.786133,0.786133,0.786133,0.786133,0.786133,0.786133,0.786133,0.786133,0.786133,0.786133,0.786133,0.786133,0.786133,0.786133,0.786133,0.786133,0.786133,0.786133,0.786133,0.786133,0.786133,0.786133,0.786133,0.786133,0.786133,0.786133,0.786133,0.786133,0.786133,0.786133,
0.684998,0.685608,0.685608,0.685608,0.714294,0.717224,0.719666,0.814880,0.822693,0.837830,0.843201,0.844666,0.845032,0.845276,0.845276,0.845276,0.845276,0.845276,0.845276,0.845276,0.846252,0.846252,0.846252,0.846252,0.846252,0.846252,0.846252,0.846497,0.846497,0.846497,0.854309,0.854309,0.854309,0.856262,0.856262,0.860168,0.860168,0.860168,0.860168,0.860168,0.860168,0.864075,0.864075,0.864075,0.864075,0.864075,0.867981,0.868103,0.868103,0.868103,0.868103,0.868103,0.868103,0.868103,0.868103,0.868103,0.868103,0.868103,0.868103,0.868103,0.868225,0.868225,0.871887,0.872375,0.873230,0.873230,0.873230,0.873230,0.873352,0.873352,0.873352,0.873352,0.873413,0.873413,0.873413,0.873413,0.873413,0.873413,0.873413,0.873413,0.873413,0.873413,0.873474,0.873474,0.873474,0.873505,0.873596,0.873596,0.873596,0.873596,0.873596,0.873596,0.873596,0.873596,0.873596,0.874084,0.887756,0.888000,0.888245,0.888245,0.888245,0.888245,0.888245,0.888245,0.895569,0.895569,0.908508,0.909485,0.910370,0.910370,0.910370,0.911102,0.911163,0.911163,0.911163,0.911163,0.911163,0.911163,0.911163,0.911163,0.911163,0.911163,0.911163,0.911163,0.911224,0.911224,0.911316,0.911316,0.911316,0.911316,0.911316,0.911316,0.911316,0.911316,0.911316,0.911316,0.911316,0.911316,0.911316,0.911316,0.911316,0.911316,0.911316,0.911316,0.911316,0.911316,0.911316,0.911316,0.911316,0.911316,0.911316,0.911316,0.911316,0.911316,0.911316,0.911316,0.911316,0.911316,0.911316,0.911316,0.911316,0.911316,0.911316,0.911316,0.911316,0.911316,0.911316,0.911316,0.911316,0.911316,0.911316,0.911316,0.911316,0.911316,0.911316,0.911316,0.911316,0.911316,0.911316,0.911316,0.911316,0.911316,0.911316,0.911316,0.911316,0.911316,0.911316,0.911316,0.911316,0.911316,0.911316,0.911316,0.911316,0.911316,0.911316,0.911316,0.911316,0.911316,0.911316,0.911316,0.911316,
