kBasicLog: 1
kBreedEdges: 1
kBreedGates: 1
kBreedSample: 4
kBreedType: 0
kChildren: 100
kEvaluations: 20000
kGens: 100
kLegalGateTypes: 1
kLog: 1
kLogIter: 8
kMaxGenStagnation: 300
kMessUp: 0
kMutatePercent: 1
kMutationMode: 1
kMutations: 6
kPruneOrphans: 1
kSaveDotGraphs: 1
kSeed: 0
kThreads: 4
kThreshold: 1000
kTruthWeight: 1
columns: 13
rows: 5,5,5,5,5,5,5,5,5,5,5,5,4
goal_correct_count: 256
goal_total_count: 2048
goal_total_weighted_count: 65536
~
gates_used: 37
total_count: 1618
total_weighted_count: 0
percent: 0.790039
weighted_percent: 0.000000
evaluations: 20100
~
1412,1432,1440,1462,1476,1496,1504,1508,1510,1510,1510,1510,1510,1510,1524,1536,1538,1544,1546,1546,1548,1552,1552,1552,1552,1562,1562,1564,1564,1564,1568,1568,1568,1568,1570,1570,1570,1570,1576,1576,1576,1576,1578,1578,1578,1578,1578,1578,1586,1586,1586,1586,1586,1586,1588,1588,1588,1588,1588,1588,1588,1588,1588,1588,1588,1590,1590,1590,1590,1592,1592,1592,1592,1594,1594,1594,1594,1594,1594,1594,1594,1594,1594,1594,1594,1596,1596,1596,1596,1596,1596,1596,1596,1596,1596,1596,1596,1596,1596,1596,1596,1596,1596,1596,1596,1596,1596,1596,1596,1596,1596,1596,1596,1596,1596,1596,1596,1596,1596,1596,1596,1596,1596,1596,1596,1596,1596,1596,1596,1596,1596,1596,1596,1596,1596,1596,1596,1596,1596,1596,1596,1596,1596,1596,1596,1596,1610,1610,1610,1610,1610,1610,1610,1610,1610,1616,1616,1616,1616,1616,1616,1616,1616,1616,1616,1616,1616,1616,1616,1616,1616,1616,1616,1616,1616,1616,1616,1618,1618,1618,1618,1618,1618,1618,1618,1618,1618,1618,1618,1618,1618,1618,1618,1618,1618,1618,1618,1618,1618,1618,1618,
47072,49188,49252,53220,54052,55060,55452,55484,55516,55516,55516,55516,55516,55516,56412,56908,56924,56996,57004,57004,57036,57164,57164,57164,57164,57184,57184,57216,57216,57216,57344,57344,57344,57344,57348,57348,57348,57348,57354,57354,57354,57354,57386,57386,57386,57386,57386,57386,57418,57418,57418,57418,57418,57418,57420,57420,57420,57420,57420,57420,57420,57420,57420,57420,57420,57424,57424,57424,57424,57456,57456,57456,57456,57488,57488,57488,57488,57488,57488,57488,57488,57488,57488,57488,57488,58000,58000,58000,58000,58000,58000,58000,58000,58000,58000,58000,58000,58000,58000,58000,58000,58000,58000,58000,58000,58000,58000,58000,58000,58000,58000,58000,58000,58000,58000,58000,58000,58000,58000,58000,58000,58000,58000,58000,58000,58000,58000,58000,58000,58000,58000,58000,58000,58000,58000,58000,58000,58000,58000,58000,58000,58000,58000,58000,58000,58000,58224,58224,58224,58224,58224,58224,58224,58224,58224,58248,58248,58248,58248,58248,58248,58248,58248,58248,58248,58248,58248,58248,58248,58248,58248,58248,58248,58248,58248,58248,58248,58256,58256,58256,58256,58256,58256,58256,58256,58256,58256,58256,58256,58256,58256,58256,58256,58256,58256,58256,58256,58256,58256,58256,58256,
0.689453,0.699219,0.703125,0.713867,0.720703,0.730469,0.734375,0.736328,0.737305,0.737305,0.737305,0.737305,0.737305,0.737305,0.744141,0.750000,0.750977,0.753906,0.754883,0.754883,0.755859,0.757812,0.757812,0.757812,0.757812,0.762695,0.762695,0.763672,0.763672,0.763672,0.765625,0.765625,0.765625,0.765625,0.766602,0.766602,0.766602,0.766602,0.769531,0.769531,0.769531,0.769531,0.770508,0.770508,0.770508,0.770508,0.770508,0.770508,0.774414,0.774414,0.774414,0.774414,0.774414,0.774414,0.775391,0.775391,0.775391,0.775391,0.775391,0.775391,0.775391,0.775391,0.775391,0.775391,0.775391,0.776367,0.776367,0.776367,0.776367,0.777344,0.777344,0.777344,0.777344,0.778320,0.778320,0.778320,0.778320,0.778320,0.778320,0.778320,0.778320,0.778320,0.778320,0.778320,0.778320,0.779297,0.779297,0.779297,0.779297,0.779297,0.779297,0.779297,0.779297,0.779297,0.779297,0.779297,0.779297,0.779297,0.779297,0.779297,0.779297,0.779297,0.779297,0.779297,0.779297,0.779297,0.779297,0.779297,0.779297,0.779297,0.779297,0.779297,0.779297,0.779297,0.779297,0.779297,0.779297,0.779297,0.779297,0.779297,0.779297,0.779297,0.779297,0.779297,0.779297,0.779297,0.779297,0.779297,0.779297,0.779297,0.779297,0.779297,0.779297,0.779297,0.779297,0.779297,0.779297,0.779297,0.779297,0.779297,0.779297,0.779297,0.779297,0.779297,0.779297,0.779297,0.786133,0.786133,0.786133,0.786133,0.786133,0.786133,0.786133,0.786133,0.786133,0.789062,0.789062,0.789062,0.789062,0.789062,0.789062,0.789062,0.789062,0.789062,0.789062,0.789062,0.789062,0.789062,0.789062,0.789062,0.789062,0.789062,0.789062,0.789062,0.789062,0.789062,0.789062,0.790039,0.790039,0.790039,0.790039,0.790039,0.790039,0.790039,0.790039,0.790039,0.790039,0.790039,0.790039,0.790039,0.790039,0.790039,0.790039,0.790039,0.790039,0.790039,0.790039,0.790039,0.790039,0.790039,0.790039,
0.718262,0.750549,0.751526,0.812073,0.824768,0.840149,0.846130,0.846619,0.847107,0.847107,0.847107,0.847107,0.847107,0.847107,0.860779,0.868347,0.868591,0.869690,0.869812,0.869812,0.870300,0.872253,0.872253,0.872253,0.872253,0.872559,0.872559,0.873047,0.873047,0.873047,0.875000,0.875000,0.875000,0.875000,0.875061,0.875061,0.875061,0.875061,0.875153,0.875153,0.875153,0.875153,0.875641,0.875641,0.875641,0.875641,0.875641,0.875641,0.876129,0.876129,0.876129,0.876129,0.876129,0.876129,0.876160,0.876160,0.876160,0.876160,0.876160,0.876160,0.876160,0.876160,0.876160,0.876160,0.876160,0.876221,0.876221,0.876221,0.876221,0.876709,0.876709,0.876709,0.876709,0.877197,0.877197,0.877197,0.877197,0.877197,0.877197,0.877197,0.877197,0.877197,0.877197,0.877197,0.877197,0.885010,0.885010,0.885010,0.885010,0.885010,0.885010,0.885010,0.885010,0.885010,0.885010,0.885010,0.885010,0.885010,0.885010,0.885010,0.885010,0.885010,0.885010,0.885010,0.885010,0.885010,0.885010,0.885010,0.885010,0.885010,0.885010,0.885010,0.885010,0.885010,0.885010,0.885010,0.885010,0.885010,0.885010,0.885010,0.885010,0.885010,0.885010,0.885010,0.885010,0.885010,0.885010,0.885010,0.885010,0.885010,0.885010,0.885010,0.885010,0.885010,0.885010,0.885010,0.885010,0.885010,0.885010,0.885010,0.885010,0.885010,0.885010,0.885010,0.885010,0.885010,0.888428,0.888428,0.888428,0.888428,0.888428,0.888428,0.888428,0.888428,0.888428,0.888794,0.888794,0.888794,0.888794,0.888794,0.888794,0.888794,0.888794,0.888794,0.888794,0.888794,0.888794,0.888794,0.888794,0.888794,0.888794,0.888794,0.888794,0.888794,0.888794,0.888794,0.888794,0.888916,0.888916,0.888916,0.888916,0.888916,0.888916,0.888916,0.888916,0.888916,0.888916,0.888916,0.888916,0.888916,0.888916,0.888916,0.888916,0.888916,0.888916,0.888916,0.888916,0.888916,0.888916,0.888916,0.888916,
