kBasicLog: 1
kBreedEdges: 1
kBreedGates: 1
kBreedSample: 4
kBreedType: 0
kChildren: 100
kEvaluations: 20000
kGens: 100
kLegalGateTypes: 1
kLog: 1
kLogIter: 17
kMaxGenStagnation: 300
kMessUp: 0
kMutatePercent: 1
kMutationMode: 1
kMutations: 6
kPruneOrphans: 1
kSaveDotGraphs: 1
kSeed: 0
kThreads: 4
kThreshold: 1000
kTruthWeight: 1
columns: 13
rows: 5,5,5,5,5,5,5,5,5,5,5,5,4
goal_correct_count: 256
goal_total_count: 2048
goal_total_weighted_count: 65536
~
gates_used: 30
total_count: 1666
total_weighted_count: 0
percent: 0.813477
weighted_percent: 0.000000
evaluations: 20100
~
1450,1474,1492,1508,1514,1522,1530,1530,1530,1538,1538,1538,1538,1538,1538,1546,1546,1558,1560,1568,1568,1576,1578,1578,1578,1578,1580,1580,1580,1580,1582,1582,1582,1582,1582,1582,1584,1584,1584,1586,1592,1596,1600,1604,1604,1604,1608,1608,1614,1614,1614,1614,1614,1622,1622,1626,1626,1626,1626,1626,1626,1626,1644,1650,1650,1652,1652,1652,1652,1652,1654,1654,1654,1654,1658,1658,1658,1658,1658,1658,1658,1658,1658,1658,1658,1658,1658,1658,1658,1658,1658,1658,1658,1658,1658,1658,1658,1658,1658,1658,1658,1658,1658,1658,1658,1658,1658,1658,1662,1662,1662,1662,1662,1662,1662,1662,1662,1662,1662,1662,1662,1662,1664,1664,1664,1664,1666,1666,1666,1666,1666,1666,1666,1666,1666,1666,1666,1666,1666,1666,1666,1666,1666,1666,1666,1666,1666,1666,1666,1666,1666,1666,1666,1666,1666,1666,1666,1666,1666,1666,1666,1666,1666,1666,1666,1666,1666,1666,1666,1666,1666,1666,1666,1666,1666,1666,1666,1666,1666,1666,1666,1666,1666,1666,1666,1666,1666,1666,1666,1666,1666,1666,1666,1666,1666,1666,1666,1666,1666,1666,1666,
49116,50268,52320,53344,53368,53624,53880,53880,53880,53896,53896,53896,53896,53896,53896,53928,53928,55452,55508,55764,55764,56020,56024,56024,56024,56024,56040,56040,56040,56040,56048,56048,56048,56048,56048,56048,56056,56056,56056,59712,59736,59800,59864,59928,59928,59928,59944,59944,59968,59968,59968,59968,59968,60224,60224,60240,60240,60240,60240,60240,60240,60240,61208,61232,61232,61240,61240,61240,61240,61240,61248,61248,61248,61248,61264,61264,61264,61264,61264,61264,61264,61264,61264,61264,61264,61264,61264,61264,61264,61264,61264,61264,61264,61264,61264,61264,61264,61264,61264,61264,61264,61264,61264,61264,61264,61264,61264,61264,61328,61328,61328,61328,61328,61328,61328,61328,61328,61328,61328,61328,61328,61328,61336,61336,61336,61336,61352,61352,61352,61352,61352,61352,61352,61352,61352,61352,61352,61352,61352,61352,61352,61352,61352,61352,61352,61352,61352,61352,61352,61352,61352,61352,61352,61352,61352,61352,61352,61352,61352,61352,61352,61352,61352,61352,61352,61352,61352,61352,61352,61352,61352,61352,61352,61352,61352,61352,61352,61352,61352,61352,61352,61352,61352,61352,61352,61352,61352,61352,61352,61352,61352,61352,61352,61352,61352,61352,61352,61352,61352,61352,61352,
0.708008,0.719727,0.728516,0.736328,0.739258,0.743164,0.747070,0.747070,0.747070,0.750977,0.750977,0.750977,0.750977,0.750977,0.750977,0.754883,0.754883,0.760742,0.761719,0.765625,0.765625,0.769531,0.770508,0.770508,0.770508,0.770508,0.771484,0.771484,0.771484,0.771484,0.772461,0.772461,0.772461,0.772461,0.772461,0.772461,0.773438,0.773438,0.773438,0.774414,0.777344,0.779297,0.781250,0.783203,0.783203,0.783203,0.785156,0.785156,0.788086,0.788086,0.788086,0.788086,0.788086,0.791992,0.791992,0.793945,0.793945,0.793945,0.793945,0.793945,0.793945,0.793945,0.802734,0.805664,0.805664,0.806641,0.806641,0.806641,0.806641,0.806641,0.807617,0.807617,0.807617,0.807617,0.809570,0.809570,0.809570,0.809570,0.809570,0.809570,0.809570,0.809570,0.809570,0.809570,0.809570,0.809570,0.809570,0.809570,0.809570,0.809570,0.809570,0.809570,0.809570,0.809570,0.809570,0.809570,0.809570,0.809570,0.809570,0.809570,0.809570,0.809570,0.809570,0.809570,0.809570,0.809570,0.809570,0.809570,0.811523,0.811523,0.811523,0.811523,0.811523,0.811523,0.811523,0.811523,0.811523,0.811523,0.811523,0.811523,0.811523,0.811523,0.812500,0.812500,0.812500,0.812500,0.813477,0.813477,0.813477,0.813477,0.813477,0.813477,0.813477,0.813477,0.813477,0.813477,0.813477,0.813477,0.813477,0.813477,0.813477,0.813477,0.813477,0.813477,0.813477,0.813477,0.813477,0.813477,0.813477,0.813477,0.813477,0.813477,0.813477,0.813477,0.813477,0.813477,0.813477,0.813477,0.813477,0.813477,0.813477,0.813477,0.813477,0.813477,0.813477,0.813477,0.813477,0.813477,0.813477,0.813477,0.813477,0.813477,0.813477,0.813477,0.813477,0.813477,0.813477,0.813477,0.813477,0.813477,0.813477,0.813477,0.813477,0.813477,0.813477,0.813477,0.813477,0.813477,0.813477,0.813477,0.813477,0.813477,0.813477,0.813477,0.813477,0.813477,0.813477,0.813477,0.813477,0.813477,0.813477,
0.749451,0.767029,0.798340,0.813965,0.814331,0.818237,0.822144,0.822144,0.822144,0.822388,0.822388,0.822388,0.822388,0.822388,0.822388,0.822876,0.822876,0.846130,0.846985,0.850891,0.850891,0.854797,0.854858,0.854858,0.854858,0.854858,0.855103,0.855103,0.855103,0.855103,0.855225,0.855225,0.855225,0.855225,0.855225,0.855225,0.855347,0.855347,0.855347,0.911133,0.911499,0.912476,0.913452,0.914429,0.914429,0.914429,0.914673,0.914673,0.915039,0.915039,0.915039,0.915039,0.915039,0.918945,0.918945,0.919189,0.919189,0.919189,0.919189,0.919189,0.919189,0.919189,0.933960,0.934326,0.934326,0.934448,0.934448,0.934448,0.934448,0.934448,0.934570,0.934570,0.934570,0.934570,0.934814,0.934814,0.934814,0.934814,0.934814,0.934814,0.934814,0.934814,0.934814,0.934814,0.934814,0.934814,0.934814,0.934814,0.934814,0.934814,0.934814,0.934814,0.934814,0.934814,0.934814,0.934814,0.934814,0.934814,0.934814,0.934814,0.934814,0.934814,0.934814,0.934814,0.934814,0.934814,0.934814,0.934814,0.935791,0.935791,0.935791,0.935791,0.935791,0.935791,0.935791,0.935791,0.935791,0.935791,0.935791,0.935791,0.935791,0.935791,0.935913,0.935913,0.935913,0.935913,0.936157,0.936157,0.936157,0.936157,0.936157,0.936157,0.936157,0.936157,0.936157,0.936157,0.936157,0.936157,0.936157,0.936157,0.936157,0.936157,0.936157,0.936157,0.936157,0.936157,0.936157,0.936157,0.936157,0.936157,0.936157,0.936157,0.936157,0.936157,0.936157,0.936157,0.936157,0.936157,0.936157,0.936157,0.936157,0.936157,0.936157,0.936157,0.936157,0.936157,0.936157,0.936157,0.936157,0.936157,0.936157,0.936157,0.936157,0.936157,0.936157,0.936157,0.936157,0.936157,0.936157,0.936157,0.936157,0.936157,0.936157,0.936157,0.936157,0.936157,0.936157,0.936157,0.936157,0.936157,0.936157,0.936157,0.936157,0.936157,0.936157,0.936157,0.936157,0.936157,0.936157,0.936157,0.936157,
