kBasicLog: 1
kBreedEdges: 1
kBreedGates: 1
kBreedSample: 4
kBreedType: 0
kChildren: 100
kEvaluations: 20000
kGens: 100
kLegalGateTypes: 1
kLog: 1
kLogIter: 0
kMaxGenStagnation: 300
kMessUp: 0
kMutatePercent: 1
kMutationMode: 1
kMutations: 6
kPruneOrphans: 1
kSaveDotGraphs: 1
kSeed: 0
kThreads: 4
kThreshold: 1000
kTruthWeight: 1
columns: 13
rows: 5,5,5,5,5,5,5,5,5,5,5,5,4
goal_correct_count: 256
goal_total_count: 2048
goal_total_weighted_count: 65536
~
gates_used: 36
total_count: 1620
total_weighted_count: 0
percent: 0.791016
weighted_percent: 0.000000
evaluations: 20100
~
1456,1474,1488,1498,1522,1526,1532,1534,1536,1544,1560,1564,1568,1572,1576,1576,1576,1578,1578,1578,1578,1578,1578,1578,1578,1578,1580,1580,1580,1580,1580,1580,1580,1580,1580,1580,1582,1584,1584,1584,1584,1584,1584,1586,1588,1590,1590,1592,1592,1596,1596,1596,1596,1596,1596,1596,1596,1596,1596,1596,1596,1597,1597,1597,1597,1597,1597,1597,1597,1597,1597,1597,1597,1599,1599,1599,1599,1599,1600,1600,1600,1600,1600,1600,1600,1600,1600,1600,1600,1600,1600,1600,1600,1604,1604,1604,1604,1604,1604,1604,1604,1604,1608,1608,1608,1608,1608,1608,1612,1612,1612,1612,1612,1612,1612,1612,1612,1612,1612,1612,1612,1612,1612,1612,1612,1612,1612,1612,1612,1612,1612,1612,1612,1612,1612,1612,1612,1612,1612,1612,1612,1612,1612,1614,1614,1614,1620,1620,1620,1620,1620,1620,1620,1620,1620,1620,1620,1620,1620,1620,1620,1620,1620,1620,1620,1620,1620,1620,1620,1620,1620,1620,1620,1620,1620,1620,1620,1620,1620,1620,1620,1620,1620,1620,1620,1620,1620,1620,1620,1620,1620,1620,1620,1620,1620,1620,1620,1620,1620,1620,1620,
53748,53948,54556,54576,55344,55804,55816,55848,55852,55860,55876,55940,55972,55980,55988,55988,55988,55996,55996,55996,55996,55996,55996,55996,55996,55996,56000,56000,56000,56000,56000,56000,56000,56000,56000,56000,56080,56096,56096,56096,56096,56096,56096,56104,56112,56120,56120,56128,56128,56160,56160,56160,56160,56160,56160,56160,56160,56160,56160,56160,56160,56164,56164,56164,56164,56164,56164,56164,56164,56164,56164,56164,56164,56172,56172,56172,56172,56172,56176,56176,56176,56176,56176,56176,56176,56176,56176,56176,56176,56176,56176,56176,56176,56208,56208,56208,56208,56208,56208,56208,56208,56208,56272,56272,56272,57040,57040,57040,57104,57104,57104,57104,57104,57104,57104,57104,57104,57104,57104,57104,57104,57104,57104,57104,57104,57104,57104,57104,57104,57104,57104,57104,57104,57104,57104,57104,57104,57104,57104,57104,57104,57104,57104,57120,57120,57120,57168,57168,57168,57168,57168,57168,57168,57168,57168,57168,57168,57168,57168,57168,57168,57168,57168,57168,57168,57168,57168,57168,57168,57168,57168,57168,57168,57168,57168,57168,57168,57168,57168,57168,57168,57168,57168,57168,57168,57168,57168,57168,57168,57168,57168,57168,57168,57168,57168,57168,57168,57168,57168,57168,57168,
0.710938,0.719727,0.726562,0.731445,0.743164,0.745117,0.748047,0.749023,0.750000,0.753906,0.761719,0.763672,0.765625,0.767578,0.769531,0.769531,0.769531,0.770508,0.770508,0.770508,0.770508,0.770508,0.770508,0.770508,0.770508,0.770508,0.771484,0.771484,0.771484,0.771484,0.771484,0.771484,0.771484,0.771484,0.771484,0.771484,0.772461,0.773438,0.773438,0.773438,0.773438,0.773438,0.773438,0.774414,0.775391,0.776367,0.776367,0.777344,0.777344,0.779297,0.779297,0.779297,0.779297,0.779297,0.779297,0.779297,0.779297,0.779297,0.779297,0.779297,0.779297,0.779785,0.779785,0.779785,0.779785,0.779785,0.779785,0.779785,0.779785,0.779785,0.779785,0.779785,0.779785,0.780762,0.780762,0.780762,0.780762,0.780762,0.781250,0.781250,0.781250,0.781250,0.781250,0.781250,0.781250,0.781250,0.781250,0.781250,0.781250,0.781250,0.781250,0.781250,0.781250,0.783203,0.783203,0.783203,0.783203,0.783203,0.783203,0.783203,0.783203,0.783203,0.785156,0.785156,0.785156,0.785156,0.785156,0.785156,0.787109,0.787109,0.787109,0.787109,0.787109,0.787109,0.787109,0.787109,0.787109,0.787109,0.787109,0.787109,0.787109,0.787109,0.787109,0.787109,0.787109,0.787109,0.787109,0.787109,0.787109,0.787109,0.787109,0.787109,0.787109,0.787109,0.787109,0.787109,0.787109,0.787109,0.787109,0.787109,0.787109,0.787109,0.787109,0.788086,0.788086,0.788086,0.791016,0.791016,0.791016,0.791016,0.791016,0.791016,0.791016,0.791016,0.791016,0.791016,0.791016,0.791016,0.791016,0.791016,0.791016,0.791016,0.791016,0.791016,0.791016,0.791016,0.791016,0.791016,0.791016,0.791016,0.791016,0.791016,0.791016,0.791016,0.791016,0.791016,0.791016,0.791016,0.791016,0.791016,0.791016,0.791016,0.791016,0.791016,0.791016,0.791016,0.791016,0.791016,0.791016,0.791016,0.791016,0.791016,0.791016,0.791016,0.791016,0.791016,0.791016,0.791016,0.791016,0.791016,0.791016,
0.820129,0.823181,0.832458,0.832764,0.844482,0.851501,0.851685,0.852173,0.852234,0.852356,0.852600,0.853577,0.854065,0.854187,0.854309,0.854309,0.854309,0.854431,0.854431,0.854431,0.854431,0.854431,0.854431,0.854431,0.854431,0.854431,0.854492,0.854492,0.854492,0.854492,0.854492,0.854492,0.854492,0.854492,0.854492,0.854492,0.855713,0.855957,0.855957,0.855957,0.855957,0.855957,0.855957,0.856079,0.856201,0.856323,0.856323,0.856445,0.856445,0.856934,0.856934,0.856934,0.856934,0.856934,0.856934,0.856934,0.856934,0.856934,0.856934,0.856934,0.856934,0.856995,0.856995,0.856995,0.856995,0.856995,0.856995,0.856995,0.856995,0.856995,0.856995,0.856995,0.856995,0.857117,0.857117,0.857117,0.857117,0.857117,0.857178,0.857178,0.857178,0.857178,0.857178,0.857178,0.857178,0.857178,0.857178,0.857178,0.857178,0.857178,0.857178,0.857178,0.857178,0.857666,0.857666,0.857666,0.857666,0.857666,0.857666,0.857666,0.857666,0.857666,0.858643,0.858643,0.858643,0.870361,0.870361,0.870361,0.871338,0.871338,0.871338,0.871338,0.871338,0.871338,0.871338,0.871338,0.871338,0.871338,0.871338,0.871338,0.871338,0.871338,0.871338,0.871338,0.871338,0.871338,0.871338,0.871338,0.871338,0.871338,0.871338,0.871338,0.871338,0.871338,0.871338,0.871338,0.871338,0.871338,0.871338,0.871338,0.871338,0.871338,0.871338,0.871582,0.871582,0.871582,0.872314,0.872314,0.872314,0.872314,0.872314,0.872314,0.872314,0.872314,0.872314,0.872314,0.872314,0.872314,0.872314,0.872314,0.872314,0.872314,0.872314,0.872314,0.872314,0.872314,0.872314,0.872314,0.872314,0.872314,0.872314,0.872314,0.872314,0.872314,0.872314,0.872314,0.872314,0.872314,0.872314,0.872314,0.872314,0.872314,0.872314,0.872314,0.872314,0.872314,0.872314,0.872314,0.872314,0.872314,0.872314,0.872314,0.872314,0.872314,0.872314,0.872314,0.872314,0.872314,0.872314,0.872314,0.872314,
