kBasicLog: 1
kBreedEdges: 1
kBreedGates: 1
kBreedSample: 4
kBreedType: 0
kChildren: 100
kEvaluations: 20000
kGens: 100
kLegalGateTypes: 1
kLog: 1
kLogIter: 15
kMaxGenStagnation: 300
kMessUp: 0
kMutatePercent: 1
kMutationMode: 1
kMutations: 6
kPruneOrphans: 1
kSaveDotGraphs: 1
kSeed: 0
kThreads: 4
kThreshold: 1000
kTruthWeight: 1
columns: 13
rows: 5,5,5,5,5,5,5,5,5,5,5,5,4
goal_correct_count: 256
goal_total_count: 2048
goal_total_weighted_count: 65536
~
gates_used: 40
total_count: 1616
total_weighted_count: 0
percent: 0.789062
weighted_percent: 0.000000
evaluations: 20100
~
1466,1474,1490,1498,1508,1508,1510,1510,1512,1514,1514,1530,1532,1532,1534,1538,1540,1540,1540,1540,1540,1540,1540,1540,1540,1540,1540,1540,1540,1540,1540,1540,1540,1540,1540,1540,1540,1546,1548,1548,1556,1558,1560,1568,1574,1574,1574,1574,1574,1574,1574,1574,1576,1576,1576,1576,1576,1576,1576,1576,1576,1582,1582,1582,1582,1582,1586,1586,1586,1586,1586,1586,1586,1586,1586,1588,1588,1588,1588,1590,1592,1592,1592,1594,1594,1594,1594,1594,1594,1594,1594,1594,1594,1594,1594,1594,1594,1594,1594,1594,1594,1594,1594,1596,1596,1596,1596,1596,1596,1596,1596,1596,1596,1596,1596,1596,1596,1596,1596,1596,1596,1596,1596,1596,1596,1596,1596,1596,1596,1596,1596,1596,1596,1596,1596,1596,1596,1596,1596,1596,1596,1596,1596,1596,1596,1596,1596,1596,1596,1596,1596,1596,1596,1596,1596,1596,1596,1596,1596,1596,1596,1596,1596,1596,1596,1596,1596,1596,1596,1604,1604,1604,1604,1604,1604,1610,1610,1610,1612,1612,1612,1612,1612,1614,1616,1616,1616,1616,1616,1616,1616,1616,1616,1616,1616,1616,1616,1616,1616,1616,1616,
53724,53852,54060,54086,54390,54390,54406,54406,54410,54442,54442,54954,54986,54986,55018,55082,55114,55114,55114,55114,55114,55114,55114,55114,55114,55114,55114,55114,55114,55114,55114,55114,55114,55114,55114,55114,55114,55618,55626,55626,56138,56202,56218,56730,56778,56778,56778,56778,56778,56778,56778,56778,56786,56786,56786,56786,56786,56786,56786,56786,56786,56978,56978,56978,56978,56978,57042,57042,57042,57042,57042,57042,57042,57042,57042,57486,57486,57486,57486,57494,57498,57498,57498,57506,57506,57506,57506,57506,57506,57506,57506,57506,57506,57506,57506,57506,57506,57506,57506,57506,57506,57506,57506,57508,57508,57508,57508,57508,57508,57508,57508,57508,57508,57508,57508,57508,57508,57508,57508,57508,57508,57508,57508,57508,57508,57508,57508,57508,57508,57508,57508,57508,57508,57508,57508,57508,57508,57508,57508,57508,57508,57508,57508,57508,57508,57508,57508,57508,57508,57508,57508,57508,57508,57508,57508,57508,57508,57508,57508,57508,57508,57508,57508,57508,57508,57508,57508,57508,57508,57778,57778,57778,57778,57778,57778,58066,58066,58066,58074,58074,58074,58074,58074,58106,58170,58170,58170,58170,58170,58170,58170,58170,58170,58170,58170,58170,58170,58170,58170,58170,58170,
0.715820,0.719727,0.727539,0.731445,0.736328,0.736328,0.737305,0.737305,0.738281,0.739258,0.739258,0.747070,0.748047,0.748047,0.749023,0.750977,0.751953,0.751953,0.751953,0.751953,0.751953,0.751953,0.751953,0.751953,0.751953,0.751953,0.751953,0.751953,0.751953,0.751953,0.751953,0.751953,0.751953,0.751953,0.751953,0.751953,0.751953,0.754883,0.755859,0.755859,0.759766,0.760742,0.761719,0.765625,0.768555,0.768555,0.768555,0.768555,0.768555,0.768555,0.768555,0.768555,0.769531,0.769531,0.769531,0.769531,0.769531,0.769531,0.769531,0.769531,0.769531,0.772461,0.772461,0.772461,0.772461,0.772461,0.774414,0.774414,0.774414,0.774414,0.774414,0.774414,0.774414,0.774414,0.774414,0.775391,0.775391,0.775391,0.775391,0.776367,0.777344,0.777344,0.777344,0.778320,0.778320,0.778320,0.778320,0.778320,0.778320,0.778320,0.778320,0.778320,0.778320,0.778320,0.778320,0.778320,0.778320,0.778320,0.778320,0.778320,0.778320,0.778320,0.778320,0.779297,0.779297,0.779297,0.779297,0.779297,0.779297,0.779297,0.779297,0.779297,0.779297,0.779297,0.779297,0.779297,0.779297,0.779297,0.779297,0.779297,0.779297,0.779297,0.779297,0.779297,0.779297,0.779297,0.779297,0.779297,0.779297,0.779297,0.779297,0.779297,0.779297,0.779297,0.779297,0.779297,0.779297,0.779297,0.779297,0.779297,0.779297,0.779297,0.779297,0.779297,0.779297,0.779297,0.779297,0.779297,0.779297,0.779297,0.779297,0.779297,0.779297,0.779297,0.779297,0.779297,0.779297,0.779297,0.779297,0.779297,0.779297,0.779297,0.779297,0.779297,0.779297,0.779297,0.779297,0.779297,0.779297,0.783203,0.783203,0.783203,0.783203,0.783203,0.783203,0.786133,0.786133,0.786133,0.787109,0.787109,0.787109,0.787109,0.787109,0.788086,0.789062,0.789062,0.789062,0.789062,0.789062,0.789062,0.789062,0.789062,0.789062,0.789062,0.789062,0.789062,0.789062,0.789062,0.789062,0.789062,0.789062,
0.819763,0.821716,0.824890,0.825287,0.829926,0.829926,0.830170,0.830170,0.830231,0.830719,0.830719,0.838531,0.839020,0.839020,0.839508,0.840485,0.840973,0.840973,0.840973,0.840973,0.840973,0.840973,0.840973,0.840973,0.840973,0.840973,0.840973,0.840973,0.840973,0.840973,0.840973,0.840973,0.840973,0.840973,0.840973,0.840973,0.840973,0.848663,0.848785,0.848785,0.856598,0.857574,0.857819,0.865631,0.866364,0.866364,0.866364,0.866364,0.866364,0.866364,0.866364,0.866364,0.866486,0.866486,0.866486,0.866486,0.866486,0.866486,0.866486,0.866486,0.866486,0.869415,0.869415,0.869415,0.869415,0.869415,0.870392,0.870392,0.870392,0.870392,0.870392,0.870392,0.870392,0.870392,0.870392,0.877167,0.877167,0.877167,0.877167,0.877289,0.877350,0.877350,0.877350,0.877472,0.877472,0.877472,0.877472,0.877472,0.877472,0.877472,0.877472,0.877472,0.877472,0.877472,0.877472,0.877472,0.877472,0.877472,0.877472,0.877472,0.877472,0.877472,0.877472,0.877502,0.877502,0.877502,0.877502,0.877502,0.877502,0.877502,0.877502,0.877502,0.877502,0.877502,0.877502,0.877502,0.877502,0.877502,0.877502,0.877502,0.877502,0.877502,0.877502,0.877502,0.877502,0.877502,0.877502,0.877502,0.877502,0.877502,0.877502,0.877502,0.877502,0.877502,0.877502,0.877502,0.877502,0.877502,0.877502,0.877502,0.877502,0.877502,0.877502,0.877502,0.877502,0.877502,0.877502,0.877502,0.877502,0.877502,0.877502,0.877502,0.877502,0.877502,0.877502,0.877502,0.877502,0.877502,0.877502,0.877502,0.877502,0.877502,0.877502,0.877502,0.877502,0.877502,0.877502,0.877502,0.877502,0.881622,0.881622,0.881622,0.881622,0.881622,0.881622,0.886017,0.886017,0.886017,0.886139,0.886139,0.886139,0.886139,0.886139,0.886627,0.887604,0.887604,0.887604,0.887604,0.887604,0.887604,0.887604,0.887604,0.887604,0.887604,0.887604,0.887604,0.887604,0.887604,0.887604,0.887604,0.887604,
