kBasicLog: 1
kBreedEdges: 1
kBreedGates: 1
kBreedSample: 4
kBreedType: 0
kChildren: 100
kEvaluations: 20000
kGens: 100
kLegalGateTypes: 1
kLog: 1
kLogIter: 16
kMaxGenStagnation: 300
kMessUp: 0
kMutatePercent: 1
kMutationMode: 1
kMutations: 6
kPruneOrphans: 1
kSaveDotGraphs: 1
kSeed: 0
kThreads: 4
kThreshold: 1000
kTruthWeight: 1
columns: 13
rows: 5,5,5,5,5,5,5,5,5,5,5,5,4
goal_correct_count: 256
goal_total_count: 2048
goal_total_weighted_count: 65536
~
gates_used: 42
total_count: 1634
total_weighted_count: 0
percent: 0.797852
weighted_percent: 0.000000
evaluations: 20100
~
1462,1518,1530,1536,1554,1562,1586,1588,1588,1596,1602,1602,1602,1602,1602,1602,1602,1602,1602,1602,1602,1602,1602,1602,1602,1602,1602,1602,1602,1602,1602,1602,1602,1602,1602,1602,1602,1602,1602,1602,1602,1602,1602,1602,1602,1602,1602,1602,1602,1602,1602,1602,1602,1602,1602,1602,1602,1606,1606,1606,1606,1606,1608,1610,1610,1610,1610,1610,1610,1612,1612,1614,1618,1618,1618,1618,1622,1622,1622,1622,1625,1625,1625,1626,1628,1628,1628,1628,1628,1630,1630,1630,1630,1630,1630,1630,1630,1632,1632,1632,1632,1632,1632,1632,1632,1632,1632,1632,1632,1632,1632,1632,1632,1632,1632,1634,1634,1634,1634,1634,1634,1634,1634,1634,1634,1634,1634,1634,1634,1634,1634,1634,1634,1634,1634,1634,1634,1634,1634,1634,1634,1634,1634,1634,1634,1634,1634,1634,1634,1634,1634,1634,1634,1634,1634,1634,1634,1634,1634,1634,1634,1634,1634,1634,1634,1634,1634,1634,1634,1634,1634,1634,1634,1634,1634,1634,1634,1634,1634,1634,1634,1634,1634,1634,1634,1634,1634,1634,1634,1634,1634,1634,1634,1634,1634,1634,1634,1634,1634,1634,1634,
51356,55196,55644,55668,55776,58976,59744,59760,59760,59888,59936,59936,59936,59936,59936,59936,59936,59936,59936,59936,59936,59936,59936,59936,59936,59936,59936,59936,59936,59936,59936,59936,59936,59936,59936,59936,59936,59936,59936,59936,59936,59936,59936,59936,59936,59936,59936,59936,59936,59936,59936,59936,59936,59936,59936,59936,59936,59968,59968,59968,59968,59968,59984,60000,60000,60000,60000,60000,60000,60004,60004,60036,60052,60052,60052,60052,60068,60068,60068,60068,60116,60116,60116,60132,60164,60164,60164,60164,60164,60196,60196,60196,60196,60196,60196,60196,60196,60228,60228,60228,60228,60228,60228,60228,60228,60228,60228,60228,60228,60228,60228,60228,60228,60228,60228,60260,60260,60260,60260,60260,60260,60260,60260,60260,60260,60260,60260,60260,60260,60260,60260,60260,60260,60260,60260,60260,60260,60260,60260,60260,60260,60260,60260,60260,60260,60260,60260,60260,60260,60260,60260,60260,60260,60260,60260,60260,60260,60260,60260,60260,60260,60260,60260,60260,60260,60260,60260,60260,60260,60260,60260,60260,60260,60260,60260,60260,60260,60260,60260,60260,60260,60260,60260,60260,60260,60260,60260,60260,60260,60260,60260,60260,60260,60260,60260,60260,60260,60260,60260,60260,60260,
0.713867,0.741211,0.747070,0.750000,0.758789,0.762695,0.774414,0.775391,0.775391,0.779297,0.782227,0.782227,0.782227,0.782227,0.782227,0.782227,0.782227,0.782227,0.782227,0.782227,0.782227,0.782227,0.782227,0.782227,0.782227,0.782227,0.782227,0.782227,0.782227,0.782227,0.782227,0.782227,0.782227,0.782227,0.782227,0.782227,0.782227,0.782227,0.782227,0.782227,0.782227,0.782227,0.782227,0.782227,0.782227,0.782227,0.782227,0.782227,0.782227,0.782227,0.782227,0.782227,0.782227,0.782227,0.782227,0.782227,0.782227,0.784180,0.784180,0.784180,0.784180,0.784180,0.785156,0.786133,0.786133,0.786133,0.786133,0.786133,0.786133,0.787109,0.787109,0.788086,0.790039,0.790039,0.790039,0.790039,0.791992,0.791992,0.791992,0.791992,0.793457,0.793457,0.793457,0.793945,0.794922,0.794922,0.794922,0.794922,0.794922,0.795898,0.795898,0.795898,0.795898,0.795898,0.795898,0.795898,0.795898,0.796875,0.796875,0.796875,0.796875,0.796875,0.796875,0.796875,0.796875,0.796875,0.796875,0.796875,0.796875,0.796875,0.796875,0.796875,0.796875,0.796875,0.796875,0.797852,0.797852,0.797852,0.797852,0.797852,0.797852,0.797852,0.797852,0.797852,0.797852,0.797852,0.797852,0.797852,0.797852,0.797852,0.797852,0.797852,0.797852,0.797852,0.797852,0.797852,0.797852,0.797852,0.797852,0.797852,0.797852,0.797852,0.797852,0.797852,0.797852,0.797852,0.797852,0.797852,0.797852,0.797852,0.797852,0.797852,0.797852,0.797852,0.797852,0.797852,0.797852,0.797852,0.797852,0.797852,0.797852,0.797852,0.797852,0.797852,0.797852,0.797852,0.797852,0.797852,0.797852,0.797852,0.797852,0.797852,0.797852,0.797852,0.797852,0.797852,0.797852,0.797852,0.797852,0.797852,0.797852,0.797852,0.797852,0.797852,0.797852,0.797852,0.797852,0.797852,0.797852,0.797852,0.797852,0.797852,0.797852,0.797852,0.797852,0.797852,0.797852,0.797852,0.797852,0.797852,0.797852,
0.783630,0.842224,0.849060,0.849426,0.851074,0.899902,0.911621,0.911865,0.911865,0.913818,0.914551,0.914551,0.914551,0.914551,0.914551,0.914551,0.914551,0.914551,0.914551,0.914551,0.914551,0.914551,0.914551,0.914551,0.914551,0.914551,0.914551,0.914551,0.914551,0.914551,0.914551,0.914551,0.914551,0.914551,0.914551,0.914551,0.914551,0.914551,0.914551,0.914551,0.914551,0.914551,0.914551,0.914551,0.914551,0.914551,0.914551,0.914551,0.914551,0.914551,0.914551,0.914551,0.914551,0.914551,0.914551,0.914551,0.914551,0.915039,0.915039,0.915039,0.915039,0.915039,0.915283,0.915527,0.915527,0.915527,0.915527,0.915527,0.915527,0.915588,0.915588,0.916077,0.916321,0.916321,0.916321,0.916321,0.916565,0.916565,0.916565,0.916565,0.917297,0.917297,0.917297,0.917542,0.918030,0.918030,0.918030,0.918030,0.918030,0.918518,0.918518,0.918518,0.918518,0.918518,0.918518,0.918518,0.918518,0.919006,0.919006,0.919006,0.919006,0.919006,0.919006,0.919006,0.919006,0.919006,0.919006,0.919006,0.919006,0.919006,0.919006,0.919006,0.919006,0.919006,0.919006,0.919495,0.919495,0.919495,0.919495,0.919495,0.919495,0.919495,0.919495,0.919495,0.919495,0.919495,0.919495,0.919495,0.919495,0.919495,0.919495,0.919495,0.919495,0.919495,0.919495,0.919495,0.919495,0.919495,0.919495,0.919495,0.919495,0.919495,0.919495,0.919495,0.919495,0.919495,0.919495,0.919495,0.919495,0.919495,0.919495,0.919495,0.919495,0.919495,0.919495,0.919495,0.919495,0.919495,0.919495,0.919495,0.919495,0.919495,0.919495,0.919495,0.919495,0.919495,0.919495,0.919495,0.919495,0.919495,0.919495,0.919495,0.919495,0.919495,0.919495,0.919495,0.919495,0.919495,0.919495,0.919495,0.919495,0.919495,0.919495,0.919495,0.919495,0.919495,0.919495,0.919495,0.919495,0.919495,0.919495,0.919495,0.919495,0.919495,0.919495,0.919495,0.919495,0.919495,0.919495,0.919495,0.919495,
