kBasicLog: 1
kBreedEdges: 1
kBreedGates: 1
kBreedSample: 4
kBreedType: 0
kChildren: 100
kEvaluations: 20000
kGens: 100
kLegalGateTypes: 1
kLog: 1
kLogIter: 4
kMaxGenStagnation: 300
kMessUp: 0
kMutatePercent: 1
kMutationMode: 1
kMutations: 6
kPruneOrphans: 1
kSaveDotGraphs: 1
kSeed: 0
kThreads: 4
kThreshold: 1000
kTruthWeight: 1
columns: 13
rows: 5,5,5,5,5,5,5,5,5,5,5,5,4
goal_correct_count: 256
goal_total_count: 2048
goal_total_weighted_count: 65536
~
gates_used: 29
total_count: 1628
total_weighted_count: 0
percent: 0.794922
weighted_percent: 0.000000
evaluations: 20100
~
1432,1448,1462,1490,1510,1514,1520,1524,1526,1526,1530,1532,1544,1546,1546,1546,1546,1546,1546,1546,1546,1546,1546,1546,1546,1546,1546,1546,1546,1546,1548,1550,1550,1550,1550,1550,1550,1550,1560,1564,1568,1572,1576,1580,1582,1590,1590,1594,1594,1594,1594,1594,1594,1594,1594,1594,1594,1594,1594,1594,1594,1594,1594,1594,1594,1594,1594,1594,1594,1594,1594,1594,1594,1594,1594,1594,1594,1594,1594,1596,1596,1600,1600,1600,1604,1604,1604,1604,1604,1604,1604,1604,1604,1604,1604,1604,1608,1612,1612,1612,1612,1612,1612,1612,1612,1612,1612,1612,1612,1612,1612,1612,1612,1612,1612,1612,1612,1612,1612,1612,1612,1612,1612,1612,1612,1612,1612,1612,1612,1612,1612,1612,1612,1612,1612,1616,1618,1618,1622,1622,1622,1622,1622,1622,1622,1622,1626,1626,1626,1626,1626,1626,1626,1626,1626,1626,1626,1626,1626,1626,1626,1628,1628,1628,1628,1628,1628,1628,1628,1628,1628,1628,1628,1628,1628,1628,1628,1628,1628,1628,1628,1628,1628,1628,1628,1628,1628,1628,1628,1628,1628,1628,1628,1628,1628,1628,1628,1628,1628,1628,1628,
46972,49020,53532,53634,54786,54914,54926,55182,55198,55198,55214,55250,55338,55342,55342,55342,55342,55342,55342,55342,55342,55342,55342,55342,55342,55342,55342,55342,55342,55342,55402,55406,55406,55406,55406,55406,55406,55406,56406,56426,56442,56690,56818,56946,56950,56982,56982,56990,56990,56990,56990,56990,56990,56990,56990,56990,56990,56990,56990,56990,56990,56990,56990,56990,56990,56990,56990,56990,56990,56990,56990,56990,56990,56990,56990,56990,56990,56990,56990,56992,56992,57056,57056,57056,57120,57120,57120,57120,57120,57120,57120,57120,57120,57120,57120,57120,57368,57376,57376,57376,57376,57376,57376,57376,57376,57376,57376,57376,57376,57376,57376,57376,57376,57376,57376,57376,57376,57376,57376,57376,57376,57376,57376,57376,57376,57376,57376,57376,57376,57376,57376,57376,57376,57376,57376,57384,57388,57388,57396,57396,57396,57396,57396,57396,57396,57396,57406,57406,57406,57406,57406,57406,57406,57406,57406,57406,57406,57406,57406,57406,57406,57408,57408,57408,57408,57408,57408,57408,57408,57408,57408,57408,57408,57408,57408,57408,57408,57408,57408,57408,57408,57408,57408,57408,57408,57408,57408,57408,57408,57408,57408,57408,57408,57408,57408,57408,57408,57408,57408,57408,57408,
0.699219,0.707031,0.713867,0.727539,0.737305,0.739258,0.742188,0.744141,0.745117,0.745117,0.747070,0.748047,0.753906,0.754883,0.754883,0.754883,0.754883,0.754883,0.754883,0.754883,0.754883,0.754883,0.754883,0.754883,0.754883,0.754883,0.754883,0.754883,0.754883,0.754883,0.755859,0.756836,0.756836,0.756836,0.756836,0.756836,0.756836,0.756836,0.761719,0.763672,0.765625,0.767578,0.769531,0.771484,0.772461,0.776367,0.776367,0.778320,0.778320,0.778320,0.778320,0.778320,0.778320,0.778320,0.778320,0.778320,0.778320,0.778320,0.778320,0.778320,0.778320,0.778320,0.778320,0.778320,0.778320,0.778320,0.778320,0.778320,0.778320,0.778320,0.778320,0.778320,0.778320,0.778320,0.778320,0.778320,0.778320,0.778320,0.778320,0.779297,0.779297,0.781250,0.781250,0.781250,0.783203,0.783203,0.783203,0.783203,0.783203,0.783203,0.783203,0.783203,0.783203,0.783203,0.783203,0.783203,0.785156,0.787109,0.787109,0.787109,0.787109,0.787109,0.787109,0.787109,0.787109,0.787109,0.787109,0.787109,0.787109,0.787109,0.787109,0.787109,0.787109,0.787109,0.787109,0.787109,0.787109,0.787109,0.787109,0.787109,0.787109,0.787109,0.787109,0.787109,0.787109,0.787109,0.787109,0.787109,0.787109,0.787109,0.787109,0.787109,0.787109,0.787109,0.787109,0.789062,0.790039,0.790039,0.791992,0.791992,0.791992,0.791992,0.791992,0.791992,0.791992,0.791992,0.793945,0.793945,0.793945,0.793945,0.793945,0.793945,0.793945,0.793945,0.793945,0.793945,0.793945,0.793945,0.793945,0.793945,0.793945,0.794922,0.794922,0.794922,0.794922,0.794922,0.794922,0.794922,0.794922,0.794922,0.794922,0.794922,0.794922,0.794922,0.794922,0.794922,0.794922,0.794922,0.794922,0.794922,0.794922,0.794922,0.794922,0.794922,0.794922,0.794922,0.794922,0.794922,0.794922,0.794922,0.794922,0.794922,0.794922,0.794922,0.794922,0.794922,0.794922,0.794922,0.794922,0.794922,0.794922,
0.716736,0.747986,0.816833,0.818390,0.835968,0.837921,0.838104,0.842010,0.842255,0.842255,0.842499,0.843048,0.844391,0.844452,0.844452,0.844452,0.844452,0.844452,0.844452,0.844452,0.844452,0.844452,0.844452,0.844452,0.844452,0.844452,0.844452,0.844452,0.844452,0.844452,0.845367,0.845428,0.845428,0.845428,0.845428,0.845428,0.845428,0.845428,0.860687,0.860992,0.861237,0.865021,0.866974,0.868927,0.868988,0.869476,0.869476,0.869598,0.869598,0.869598,0.869598,0.869598,0.869598,0.869598,0.869598,0.869598,0.869598,0.869598,0.869598,0.869598,0.869598,0.869598,0.869598,0.869598,0.869598,0.869598,0.869598,0.869598,0.869598,0.869598,0.869598,0.869598,0.869598,0.869598,0.869598,0.869598,0.869598,0.869598,0.869598,0.869629,0.869629,0.870605,0.870605,0.870605,0.871582,0.871582,0.871582,0.871582,0.871582,0.871582,0.871582,0.871582,0.871582,0.871582,0.871582,0.871582,0.875366,0.875488,0.875488,0.875488,0.875488,0.875488,0.875488,0.875488,0.875488,0.875488,0.875488,0.875488,0.875488,0.875488,0.875488,0.875488,0.875488,0.875488,0.875488,0.875488,0.875488,0.875488,0.875488,0.875488,0.875488,0.875488,0.875488,0.875488,0.875488,0.875488,0.875488,0.875488,0.875488,0.875488,0.875488,0.875488,0.875488,0.875488,0.875488,0.875610,0.875671,0.875671,0.875793,0.875793,0.875793,0.875793,0.875793,0.875793,0.875793,0.875793,0.875946,0.875946,0.875946,0.875946,0.875946,0.875946,0.875946,0.875946,0.875946,0.875946,0.875946,0.875946,0.875946,0.875946,0.875946,0.875977,0.875977,0.875977,0.875977,0.875977,0.875977,0.875977,0.875977,0.875977,0.875977,0.875977,0.875977,0.875977,0.875977,0.875977,0.875977,0.875977,0.875977,0.875977,0.875977,0.875977,0.875977,0.875977,0.875977,0.875977,0.875977,0.875977,0.875977,0.875977,0.875977,0.875977,0.875977,0.875977,0.875977,0.875977,0.875977,0.875977,0.875977,0.875977,0.875977,
