kBasicLog: 1
kBreedEdges: 1
kBreedGates: 1
kBreedSample: 4
kBreedType: 0
kChildren: 100
kEvaluations: 20000
kGens: 100
kLegalGateTypes: 1
kLog: 1
kLogIter: 11
kMaxGenStagnation: 300
kMessUp: 0
kMutatePercent: 1
kMutationMode: 1
kMutations: 6
kPruneOrphans: 1
kSaveDotGraphs: 1
kSeed: 0
kThreads: 4
kThreshold: 1000
kTruthWeight: 1
columns: 13
rows: 5,5,5,5,5,5,5,5,5,5,5,5,4
goal_correct_count: 256
goal_total_count: 2048
goal_total_weighted_count: 65536
~
gates_used: 31
total_count: 1648
total_weighted_count: 0
percent: 0.804688
weighted_percent: 0.000000
evaluations: 20100
~
1440,1448,1456,1494,1500,1504,1508,1508,1510,1510,1510,1510,1510,1514,1516,1516,1516,1516,1520,1520,1520,1520,1520,1520,1520,1520,1520,1522,1522,1522,1522,1522,1522,1522,1522,1522,1522,1522,1522,1522,1522,1522,1522,1522,1522,1522,1522,1522,1522,1522,1522,1522,1522,1522,1522,1522,1522,1522,1522,1522,1524,1524,1524,1524,1524,1524,1524,1524,1524,1524,1524,1524,1524,1524,1524,1524,1524,1524,1524,1524,1524,1524,1524,1524,1524,1524,1524,1524,1524,1524,1524,1524,1524,1524,1524,1524,1524,1524,1532,1532,1532,1532,1532,1532,1532,1532,1536,1536,1536,1536,1536,1536,1536,1536,1536,1536,1536,1536,1536,1536,1536,1536,1536,1536,1536,1536,1536,1536,1536,1536,1536,1536,1536,1536,1536,1536,1536,1536,1540,1548,1556,1572,1584,1616,1616,1616,1620,1620,1620,1628,1628,1628,1628,1628,1628,1628,1628,1628,1628,1628,1628,1628,1628,1628,1636,1636,1642,1642,1642,1642,1642,1646,1646,1646,1646,1646,1646,1646,1646,1646,1646,1646,1646,1646,1646,1646,1646,1646,1646,1646,1646,1646,1646,1646,1646,1646,1646,1646,1646,1648,1648,
45384,46152,46216,51076,51088,51212,51244,51244,51252,51252,51252,51252,51252,51572,51692,51692,51692,51692,51708,51708,51708,51708,51708,51708,51708,51708,51708,51724,51724,51724,51724,51724,51724,51724,51724,51724,51724,51724,51724,51724,51724,51724,51724,51724,51724,51724,51724,51724,51724,51724,51724,51724,51724,51724,51724,51724,51724,51724,51724,51724,51740,51740,51740,51740,51740,51740,51740,51740,51740,51740,51740,51740,51740,51740,51740,51740,51740,51740,51740,51740,51740,51740,51740,51740,51740,51740,51740,51740,51740,51740,51740,51740,51740,51740,51740,51740,51740,51740,51996,51996,51996,51996,51996,51996,51996,51996,52124,52124,52124,52124,52124,52124,52124,52124,52124,52124,52124,52124,52124,52124,52124,52124,52124,52124,52124,52124,52124,52124,52124,52124,52124,52124,52124,52124,52124,52124,52124,52124,54204,54716,55740,57020,57404,59452,59452,59452,59708,59708,59708,59964,59964,59964,59964,59964,59964,59964,59964,59964,59964,59964,59964,59964,59964,59964,60412,60412,60684,60684,60684,60684,60684,60716,60716,60716,60716,60716,60716,60716,60716,60716,60716,60716,60716,60716,60716,60716,60716,60716,60716,60716,60716,60716,60716,60716,60716,60716,60716,60716,60716,60732,60732,
0.703125,0.707031,0.710938,0.729492,0.732422,0.734375,0.736328,0.736328,0.737305,0.737305,0.737305,0.737305,0.737305,0.739258,0.740234,0.740234,0.740234,0.740234,0.742188,0.742188,0.742188,0.742188,0.742188,0.742188,0.742188,0.742188,0.742188,0.743164,0.743164,0.743164,0.743164,0.743164,0.743164,0.743164,0.743164,0.743164,0.743164,0.743164,0.743164,0.743164,0.743164,0.743164,0.743164,0.743164,0.743164,0.743164,0.743164,0.743164,0.743164,0.743164,0.743164,0.743164,0.743164,0.743164,0.743164,0.743164,0.743164,0.743164,0.743164,0.743164,0.744141,0.744141,0.744141,0.744141,0.744141,0.744141,0.744141,0.744141,0.744141,0.744141,0.744141,0.744141,0.744141,0.744141,0.744141,0.744141,0.744141,0.744141,0.744141,0.744141,0.744141,0.744141,0.744141,0.744141,0.744141,0.744141,0.744141,0.744141,0.744141,0.744141,0.744141,0.744141,0.744141,0.744141,0.744141,0.744141,0.744141,0.744141,0.748047,0.748047,0.748047,0.748047,0.748047,0.748047,0.748047,0.748047,0.750000,0.750000,0.750000,0.750000,0.750000,0.750000,0.750000,0.750000,0.750000,0.750000,0.750000,0.750000,0.750000,0.750000,0.750000,0.750000,0.750000,0.750000,0.750000,0.750000,0.750000,0.750000,0.750000,0.750000,0.750000,0.750000,0.750000,0.750000,0.750000,0.750000,0.750000,0.750000,0.751953,0.755859,0.759766,0.767578,0.773438,0.789062,0.789062,0.789062,0.791016,0.791016,0.791016,0.794922,0.794922,0.794922,0.794922,0.794922,0.794922,0.794922,0.794922,0.794922,0.794922,0.794922,0.794922,0.794922,0.794922,0.794922,0.798828,0.798828,0.801758,0.801758,0.801758,0.801758,0.801758,0.803711,0.803711,0.803711,0.803711,0.803711,0.803711,0.803711,0.803711,0.803711,0.803711,0.803711,0.803711,0.803711,0.803711,0.803711,0.803711,0.803711,0.803711,0.803711,0.803711,0.803711,0.803711,0.803711,0.803711,0.803711,0.803711,0.803711,0.803711,0.804688,0.804688,
0.692505,0.704224,0.705200,0.779358,0.779541,0.781433,0.781921,0.781921,0.782043,0.782043,0.782043,0.782043,0.782043,0.786926,0.788757,0.788757,0.788757,0.788757,0.789001,0.789001,0.789001,0.789001,0.789001,0.789001,0.789001,0.789001,0.789001,0.789246,0.789246,0.789246,0.789246,0.789246,0.789246,0.789246,0.789246,0.789246,0.789246,0.789246,0.789246,0.789246,0.789246,0.789246,0.789246,0.789246,0.789246,0.789246,0.789246,0.789246,0.789246,0.789246,0.789246,0.789246,0.789246,0.789246,0.789246,0.789246,0.789246,0.789246,0.789246,0.789246,0.789490,0.789490,0.789490,0.789490,0.789490,0.789490,0.789490,0.789490,0.789490,0.789490,0.789490,0.789490,0.789490,0.789490,0.789490,0.789490,0.789490,0.789490,0.789490,0.789490,0.789490,0.789490,0.789490,0.789490,0.789490,0.789490,0.789490,0.789490,0.789490,0.789490,0.789490,0.789490,0.789490,0.789490,0.789490,0.789490,0.789490,0.789490,0.793396,0.793396,0.793396,0.793396,0.793396,0.793396,0.793396,0.793396,0.795349,0.795349,0.795349,0.795349,0.795349,0.795349,0.795349,0.795349,0.795349,0.795349,0.795349,0.795349,0.795349,0.795349,0.795349,0.795349,0.795349,0.795349,0.795349,0.795349,0.795349,0.795349,0.795349,0.795349,0.795349,0.795349,0.795349,0.795349,0.795349,0.795349,0.795349,0.795349,0.827087,0.834900,0.850525,0.870056,0.875916,0.907166,0.907166,0.907166,0.911072,0.911072,0.911072,0.914978,0.914978,0.914978,0.914978,0.914978,0.914978,0.914978,0.914978,0.914978,0.914978,0.914978,0.914978,0.914978,0.914978,0.914978,0.921814,0.921814,0.925964,0.925964,0.925964,0.925964,0.925964,0.926453,0.926453,0.926453,0.926453,0.926453,0.926453,0.926453,0.926453,0.926453,0.926453,0.926453,0.926453,0.926453,0.926453,0.926453,0.926453,0.926453,0.926453,0.926453,0.926453,0.926453,0.926453,0.926453,0.926453,0.926453,0.926453,0.926453,0.926453,0.926697,0.926697,
