kBasicLog: 1
kBreedEdges: 1
kBreedGates: 1
kBreedSample: 4
kBreedType: 0
kChildren: 100
kEvaluations: 20000
kGens: 100
kLegalGateTypes: 1
kLog: 1
kLogIter: 19
kMaxGenStagnation: 300
kMessUp: 0
kMutatePercent: 1
kMutationMode: 1
kMutations: 6
kPruneOrphans: 1
kSaveDotGraphs: 1
kSeed: 0
kThreads: 4
kThreshold: 1000
kTruthWeight: 1
columns: 13
rows: 5,5,5,5,5,5,5,5,5,5,5,5,4
goal_correct_count: 256
goal_total_count: 2048
goal_total_weighted_count: 65536
~
gates_used: 41
total_count: 1646
total_weighted_count: 0
percent: 0.803711
weighted_percent: 0.000000
evaluations: 20100
~
1440,1462,1478,1494,1498,1510,1542,1546,1546,1546,1568,1568,1570,1570,1570,1570,1570,1570,1570,1572,1572,1574,1574,1574,1574,1574,1574,1574,1574,1574,1574,1574,1574,1574,1574,1574,1574,1574,1574,1574,1574,1574,1574,1574,1574,1574,1574,1574,1574,1574,1574,1574,1574,1574,1574,1574,1574,1574,1574,1574,1574,1574,1574,1574,1574,1574,1574,1574,1574,1574,1574,1574,1574,1574,1574,1574,1574,1574,1574,1574,1574,1574,1574,1574,1574,1574,1588,1590,1598,1598,1606,1614,1614,1614,1614,1638,1638,1638,1646,1646,1646,1646,1646,1646,1646,1646,1646,1646,1646,1646,1646,1646,1646,1646,1646,1646,1646,1646,1646,1646,1646,1646,1646,1646,1646,1646,1646,1646,1646,1646,1646,1646,1646,1646,1646,1646,1646,1646,1646,1646,1646,1646,1646,1646,1646,1646,1646,1646,1646,1646,1646,1646,1646,1646,1646,1646,1646,1646,1646,1646,1646,1646,1646,1646,1646,1646,1646,1646,1646,1646,1646,1646,1646,1646,1646,1646,1646,1646,1646,1646,1646,1646,1646,1646,1646,1646,1646,1646,1646,1646,1646,1646,1646,1646,1646,1646,1646,1646,1646,1646,1646,
48780,49340,49852,50364,50396,52440,56536,56540,56540,56540,57064,57064,57072,57072,57072,57072,57072,57072,57072,57080,57080,57088,57088,57088,57088,57088,57088,57088,57088,57088,57088,57088,57088,57088,57088,57088,57088,57088,57088,57088,57088,57088,57088,57088,57088,57088,57088,57088,57088,57088,57088,57088,57088,57088,57088,57088,57088,57088,57088,57088,57088,57088,57088,57088,57088,57088,57088,57088,57088,57088,57088,57088,57088,57088,57088,57088,57088,57088,57088,57088,57088,57088,57088,57088,57088,57088,58620,58624,58880,58880,59136,59264,59264,59264,59264,60800,60800,60800,61312,61312,61312,61312,61312,61312,61312,61312,61312,61312,61312,61312,61312,61312,61312,61312,61312,61312,61312,61312,61312,61312,61312,61312,61312,61312,61312,61312,61312,61312,61312,61312,61312,61312,61312,61312,61312,61312,61312,61312,61312,61312,61312,61312,61312,61312,61312,61312,61312,61312,61312,61312,61312,61312,61312,61312,61312,61312,61312,61312,61312,61312,61312,61312,61312,61312,61312,61312,61312,61312,61312,61312,61312,61312,61312,61312,61312,61312,61312,61312,61312,61312,61312,61312,61312,61312,61312,61312,61312,61312,61312,61312,61312,61312,61312,61312,61312,61312,61312,61312,61312,61312,61312,
0.703125,0.713867,0.721680,0.729492,0.731445,0.737305,0.752930,0.754883,0.754883,0.754883,0.765625,0.765625,0.766602,0.766602,0.766602,0.766602,0.766602,0.766602,0.766602,0.767578,0.767578,0.768555,0.768555,0.768555,0.768555,0.768555,0.768555,0.768555,0.768555,0.768555,0.768555,0.768555,0.768555,0.768555,0.768555,0.768555,0.768555,0.768555,0.768555,0.768555,0.768555,0.768555,0.768555,0.768555,0.768555,0.768555,0.768555,0.768555,0.768555,0.768555,0.768555,0.768555,0.768555,0.768555,0.768555,0.768555,0.768555,0.768555,0.768555,0.768555,0.768555,0.768555,0.768555,0.768555,0.768555,0.768555,0.768555,0.768555,0.768555,0.768555,0.768555,0.768555,0.768555,0.768555,0.768555,0.768555,0.768555,0.768555,0.768555,0.768555,0.768555,0.768555,0.768555,0.768555,0.768555,0.768555,0.775391,0.776367,0.780273,0.780273,0.784180,0.788086,0.788086,0.788086,0.788086,0.799805,0.799805,0.799805,0.803711,0.803711,0.803711,0.803711,0.803711,0.803711,0.803711,0.803711,0.803711,0.803711,0.803711,0.803711,0.803711,0.803711,0.803711,0.803711,0.803711,0.803711,0.803711,0.803711,0.803711,0.803711,0.803711,0.803711,0.803711,0.803711,0.803711,0.803711,0.803711,0.803711,0.803711,0.803711,0.803711,0.803711,0.803711,0.803711,0.803711,0.803711,0.803711,0.803711,0.803711,0.803711,0.803711,0.803711,0.803711,0.803711,0.803711,0.803711,0.803711,0.803711,0.803711,0.803711,0.803711,0.803711,0.803711,0.803711,0.803711,0.803711,0.803711,0.803711,0.803711,0.803711,0.803711,0.803711,0.803711,0.803711,0.803711,0.803711,0.803711,0.803711,0.803711,0.803711,0.803711,0.803711,0.803711,0.803711,0.803711,0.803711,0.803711,0.803711,0.803711,0.803711,0.803711,0.803711,0.803711,0.803711,0.803711,0.803711,0.803711,0.803711,0.803711,0.803711,0.803711,0.803711,0.803711,0.803711,0.803711,0.803711,0.803711,0.803711,0.803711,0.803711,0.803711,
0.744324,0.752869,0.760681,0.768494,0.768982,0.800171,0.862671,0.862732,0.862732,0.862732,0.870728,0.870728,0.870850,0.870850,0.870850,0.870850,0.870850,0.870850,0.870850,0.870972,0.870972,0.871094,0.871094,0.871094,0.871094,0.871094,0.871094,0.871094,0.871094,0.871094,0.871094,0.871094,0.871094,0.871094,0.871094,0.871094,0.871094,0.871094,0.871094,0.871094,0.871094,0.871094,0.871094,0.871094,0.871094,0.871094,0.871094,0.871094,0.871094,0.871094,0.871094,0.871094,0.871094,0.871094,0.871094,0.871094,0.871094,0.871094,0.871094,0.871094,0.871094,0.871094,0.871094,0.871094,0.871094,0.871094,0.871094,0.871094,0.871094,0.871094,0.871094,0.871094,0.871094,0.871094,0.871094,0.871094,0.871094,0.871094,0.871094,0.871094,0.871094,0.871094,0.871094,0.871094,0.871094,0.871094,0.894470,0.894531,0.898438,0.898438,0.902344,0.904297,0.904297,0.904297,0.904297,0.927734,0.927734,0.927734,0.935547,0.935547,0.935547,0.935547,0.935547,0.935547,0.935547,0.935547,0.935547,0.935547,0.935547,0.935547,0.935547,0.935547,0.935547,0.935547,0.935547,0.935547,0.935547,0.935547,0.935547,0.935547,0.935547,0.935547,0.935547,0.935547,0.935547,0.935547,0.935547,0.935547,0.935547,0.935547,0.935547,0.935547,0.935547,0.935547,0.935547,0.935547,0.935547,0.935547,0.935547,0.935547,0.935547,0.935547,0.935547,0.935547,0.935547,0.935547,0.935547,0.935547,0.935547,0.935547,0.935547,0.935547,0.935547,0.935547,0.935547,0.935547,0.935547,0.935547,0.935547,0.935547,0.935547,0.935547,0.935547,0.935547,0.935547,0.935547,0.935547,0.935547,0.935547,0.935547,0.935547,0.935547,0.935547,0.935547,0.935547,0.935547,0.935547,0.935547,0.935547,0.935547,0.935547,0.935547,0.935547,0.935547,0.935547,0.935547,0.935547,0.935547,0.935547,0.935547,0.935547,0.935547,0.935547,0.935547,0.935547,0.935547,0.935547,0.935547,0.935547,0.935547,0.935547,
