kBasicLog: 1
kBreedEdges: 1
kBreedGates: 1
kBreedSample: 4
kBreedType: 0
kChildren: 100
kEvaluations: 20000
kGens: 100
kLegalGateTypes: 1
kLog: 1
kLogIter: 7
kMaxGenStagnation: 300
kMessUp: 0
kMutatePercent: 1
kMutationMode: 1
kMutations: 6
kPruneOrphans: 1
kSaveDotGraphs: 1
kSeed: 0
kThreads: 4
kThreshold: 1000
kTruthWeight: 1
columns: 13
rows: 5,5,5,5,5,5,5,5,5,5,5,5,4
goal_correct_count: 256
goal_total_count: 2048
goal_total_weighted_count: 65536
~
gates_used: 31
total_count: 1726
total_weighted_count: 0
percent: 0.842773
weighted_percent: 0.000000
evaluations: 20100
~
1420,1428,1446,1454,1468,1480,1524,1540,1542,1554,1562,1570,1570,1575,1575,1583,1583,1583,1589,1590,1592,1604,1605,1606,1614,1618,1618,1618,1618,1618,1618,1619,1619,1619,1621,1621,1623,1627,1627,1633,1636,1638,1638,1638,1638,1638,1638,1638,1650,1654,1654,1666,1672,1672,1672,1672,1672,1672,1672,1672,1674,1674,1674,1674,1674,1676,1676,1676,1676,1676,1676,1676,1676,1676,1676,1676,1676,1676,1676,1676,1676,1676,1676,1676,1676,1676,1676,1676,1676,1676,1676,1676,1676,1676,1676,1676,1676,1676,1676,1676,1676,1676,1676,1676,1676,1676,1676,1676,1676,1676,1676,1678,1678,1678,1678,1678,1678,1678,1678,1686,1686,1686,1690,1690,1690,1694,1694,1694,1694,1702,1702,1702,1702,1702,1702,1702,1702,1702,1702,1702,1702,1702,1702,1702,1702,1702,1702,1702,1718,1718,1718,1718,1718,1718,1718,1718,1726,1726,1726,1726,1726,1726,1726,1726,1726,1726,1726,1726,1726,1726,1726,1726,1726,1726,1726,1726,1726,1726,1726,1726,1726,1726,1726,1726,1726,1726,1726,1726,1726,1726,1726,1726,1726,1726,1726,1726,1726,1726,1726,1726,1726,
44928,44936,46988,47244,49692,49860,52612,52684,53676,53700,53956,54084,54084,54128,54128,54384,54384,54384,54432,54436,54444,56476,56480,56484,56492,56620,56620,56620,56620,56620,56620,56624,56624,56624,56640,56640,56644,56648,56648,56654,56662,56664,56664,56664,56664,56664,56664,56664,60120,60248,60248,60632,60644,60644,60644,60644,60644,60644,60644,60644,60652,60652,60652,60652,60652,60660,60660,60660,60660,60660,60660,60660,60660,60660,60660,60660,60660,60660,60660,60660,60660,60660,60660,60660,60660,60660,60660,60660,60660,60660,60660,60660,60660,60660,60660,60660,60660,60660,60660,60660,60660,60660,60660,60660,60660,60660,60660,60660,60660,60660,60660,60662,60662,60662,60662,60662,60662,60662,60662,60918,60918,60918,61046,61046,61046,61174,61174,61174,61174,61430,61430,61430,61430,61430,61430,61430,61430,61430,61430,61430,61430,61430,61430,61430,61430,61430,61430,61430,61942,61942,61942,61942,61942,61942,61942,61942,62198,62198,62198,62198,62198,62198,62198,62198,62198,62198,62198,62198,62198,62198,62198,62198,62198,62198,62198,62198,62198,62198,62198,62198,62198,62198,62198,62198,62198,62198,62198,62198,62198,62198,62198,62198,62198,62198,62198,62198,62198,62198,62198,62198,62198,
0.693359,0.697266,0.706055,0.709961,0.716797,0.722656,0.744141,0.751953,0.752930,0.758789,0.762695,0.766602,0.766602,0.769043,0.769043,0.772949,0.772949,0.772949,0.775879,0.776367,0.777344,0.783203,0.783691,0.784180,0.788086,0.790039,0.790039,0.790039,0.790039,0.790039,0.790039,0.790527,0.790527,0.790527,0.791504,0.791504,0.792480,0.794434,0.794434,0.797363,0.798828,0.799805,0.799805,0.799805,0.799805,0.799805,0.799805,0.799805,0.805664,0.807617,0.807617,0.813477,0.816406,0.816406,0.816406,0.816406,0.816406,0.816406,0.816406,0.816406,0.817383,0.817383,0.817383,0.817383,0.817383,0.818359,0.818359,0.818359,0.818359,0.818359,0.818359,0.818359,0.818359,0.818359,0.818359,0.818359,0.818359,0.818359,0.818359,0.818359,0.818359,0.818359,0.818359,0.818359,0.818359,0.818359,0.818359,0.818359,0.818359,0.818359,0.818359,0.818359,0.818359,0.818359,0.818359,0.818359,0.818359,0.818359,0.818359,0.818359,0.818359,0.818359,0.818359,0.818359,0.818359,0.818359,0.818359,0.818359,0.818359,0.818359,0.818359,0.819336,0.819336,0.819336,0.819336,0.819336,0.819336,0.819336,0.819336,0.823242,0.823242,0.823242,0.825195,0.825195,0.825195,0.827148,0.827148,0.827148,0.827148,0.831055,0.831055,0.831055,0.831055,0.831055,0.831055,0.831055,0.831055,0.831055,0.831055,0.831055,0.831055,0.831055,0.831055,0.831055,0.831055,0.831055,0.831055,0.831055,0.838867,0.838867,0.838867,0.838867,0.838867,0.838867,0.838867,0.838867,0.842773,0.842773,0.842773,0.842773,0.842773,0.842773,0.842773,0.842773,0.842773,0.842773,0.842773,0.842773,0.842773,0.842773,0.842773,0.842773,0.842773,0.842773,0.842773,0.842773,0.842773,0.842773,0.842773,0.842773,0.842773,0.842773,0.842773,0.842773,0.842773,0.842773,0.842773,0.842773,0.842773,0.842773,0.842773,0.842773,0.842773,0.842773,0.842773,0.842773,0.842773,0.842773,0.842773,0.842773,0.842773,
0.685547,0.685669,0.716980,0.720886,0.758240,0.760803,0.802795,0.803894,0.819031,0.819397,0.823303,0.825256,0.825256,0.825928,0.825928,0.829834,0.829834,0.829834,0.830566,0.830627,0.830750,0.861755,0.861816,0.861877,0.862000,0.863953,0.863953,0.863953,0.863953,0.863953,0.863953,0.864014,0.864014,0.864014,0.864258,0.864258,0.864319,0.864380,0.864380,0.864471,0.864594,0.864624,0.864624,0.864624,0.864624,0.864624,0.864624,0.864624,0.917358,0.919312,0.919312,0.925171,0.925354,0.925354,0.925354,0.925354,0.925354,0.925354,0.925354,0.925354,0.925476,0.925476,0.925476,0.925476,0.925476,0.925598,0.925598,0.925598,0.925598,0.925598,0.925598,0.925598,0.925598,0.925598,0.925598,0.925598,0.925598,0.925598,0.925598,0.925598,0.925598,0.925598,0.925598,0.925598,0.925598,0.925598,0.925598,0.925598,0.925598,0.925598,0.925598,0.925598,0.925598,0.925598,0.925598,0.925598,0.925598,0.925598,0.925598,0.925598,0.925598,0.925598,0.925598,0.925598,0.925598,0.925598,0.925598,0.925598,0.925598,0.925598,0.925598,0.925629,0.925629,0.925629,0.925629,0.925629,0.925629,0.925629,0.925629,0.929535,0.929535,0.929535,0.931488,0.931488,0.931488,0.933441,0.933441,0.933441,0.933441,0.937347,0.937347,0.937347,0.937347,0.937347,0.937347,0.937347,0.937347,0.937347,0.937347,0.937347,0.937347,0.937347,0.937347,0.937347,0.937347,0.937347,0.937347,0.937347,0.945160,0.945160,0.945160,0.945160,0.945160,0.945160,0.945160,0.945160,0.949066,0.949066,0.949066,0.949066,0.949066,0.949066,0.949066,0.949066,0.949066,0.949066,0.949066,0.949066,0.949066,0.949066,0.949066,0.949066,0.949066,0.949066,0.949066,0.949066,0.949066,0.949066,0.949066,0.949066,0.949066,0.949066,0.949066,0.949066,0.949066,0.949066,0.949066,0.949066,0.949066,0.949066,0.949066,0.949066,0.949066,0.949066,0.949066,0.949066,0.949066,0.949066,0.949066,0.949066,0.949066,
