kBasicLog: 1
kBreedEdges: 1
kBreedGates: 1
kBreedSample: 4
kBreedType: 0
kChildren: 100
kEvaluations: 20000
kGens: 100
kLegalGateTypes: 1
kLog: 1
kLogIter: 3
kMaxGenStagnation: 300
kMessUp: 0
kMutatePercent: 1
kMutationMode: 1
kMutations: 6
kPruneOrphans: 1
kSaveDotGraphs: 1
kSeed: 0
kThreads: 4
kThreshold: 1000
kTruthWeight: 1
columns: 13
rows: 5,5,5,5,5,5,5,5,5,5,5,5,4
goal_correct_count: 256
goal_total_count: 2048
goal_total_weighted_count: 65536
~
gates_used: 35
total_count: 1654
total_weighted_count: 0
percent: 0.807617
weighted_percent: 0.000000
evaluations: 20100
~
1432,1440,1450,1466,1492,1508,1512,1516,1532,1532,1532,1532,1562,1562,1562,1562,1562,1566,1566,1572,1572,1572,1584,1588,1588,1590,1590,1594,1598,1600,1600,1602,1602,1602,1602,1602,1602,1602,1602,1604,1604,1604,1604,1606,1612,1612,1612,1612,1614,1614,1614,1614,1614,1614,1618,1618,1618,1624,1624,1624,1624,1624,1624,1624,1624,1624,1624,1624,1624,1624,1624,1624,1624,1624,1624,1624,1624,1624,1624,1624,1624,1624,1624,1624,1626,1626,1626,1626,1626,1626,1626,1626,1626,1626,1628,1628,1628,1628,1628,1638,1638,1638,1638,1638,1638,1638,1638,1638,1638,1638,1638,1638,1638,1638,1638,1640,1640,1644,1644,1644,1644,1644,1644,1644,1644,1644,1644,1644,1644,1644,1644,1644,1646,1646,1646,1646,1646,1646,1646,1646,1646,1646,1646,1646,1646,1646,1646,1646,1646,1646,1646,1646,1646,1646,1646,1648,1648,1652,1652,1652,1652,1652,1652,1652,1652,1652,1652,1652,1652,1652,1652,1652,1652,1652,1652,1652,1652,1652,1652,1654,1654,1654,1654,1654,1654,1654,1654,1654,1654,1654,1654,1654,1654,1654,1654,1654,1654,1654,1654,1654,1654,
47788,47802,47822,49870,50902,52950,52966,52990,54014,54014,54014,54014,56596,56596,56596,56596,56596,56660,56660,56684,56684,56684,57772,57788,57788,57792,57792,57884,58012,58044,58044,58052,58052,58052,58052,58052,58052,58052,58052,58056,58056,58056,58056,58060,58192,58192,58192,58192,58200,58200,58200,58200,58200,58200,58208,58208,58208,58220,58220,58220,58220,58220,58220,58220,58220,58220,58220,58220,58220,58220,58220,58220,58220,58220,58220,58220,58220,58220,58220,58220,58220,58220,58220,58220,58284,58284,58284,58284,58284,58284,58284,58284,58284,58284,58286,58286,58286,58286,58286,58296,58296,58296,58296,58296,58296,58296,58296,58296,58296,58296,58296,58296,58296,58296,58296,58304,58304,58320,58320,58320,58320,58320,58320,58320,58320,58320,58320,58320,58320,58320,58320,58320,58328,58328,58328,58328,58328,58328,58328,58328,58328,58328,58328,58328,58328,58328,58328,58328,58328,58328,58328,58328,58328,58328,58328,58336,58336,58368,58368,58368,58368,58368,58368,58368,58368,58368,58368,58368,58368,58368,58368,58368,58368,58368,58368,58368,58368,58368,58368,58432,58432,58432,58432,58432,58432,58432,58432,58432,58432,58432,58432,58432,58432,58432,58432,58432,58432,58432,58432,58432,58432,
0.699219,0.703125,0.708008,0.715820,0.728516,0.736328,0.738281,0.740234,0.748047,0.748047,0.748047,0.748047,0.762695,0.762695,0.762695,0.762695,0.762695,0.764648,0.764648,0.767578,0.767578,0.767578,0.773438,0.775391,0.775391,0.776367,0.776367,0.778320,0.780273,0.781250,0.781250,0.782227,0.782227,0.782227,0.782227,0.782227,0.782227,0.782227,0.782227,0.783203,0.783203,0.783203,0.783203,0.784180,0.787109,0.787109,0.787109,0.787109,0.788086,0.788086,0.788086,0.788086,0.788086,0.788086,0.790039,0.790039,0.790039,0.792969,0.792969,0.792969,0.792969,0.792969,0.792969,0.792969,0.792969,0.792969,0.792969,0.792969,0.792969,0.792969,0.792969,0.792969,0.792969,0.792969,0.792969,0.792969,0.792969,0.792969,0.792969,0.792969,0.792969,0.792969,0.792969,0.792969,0.793945,0.793945,0.793945,0.793945,0.793945,0.793945,0.793945,0.793945,0.793945,0.793945,0.794922,0.794922,0.794922,0.794922,0.794922,0.799805,0.799805,0.799805,0.799805,0.799805,0.799805,0.799805,0.799805,0.799805,0.799805,0.799805,0.799805,0.799805,0.799805,0.799805,0.799805,0.800781,0.800781,0.802734,0.802734,0.802734,0.802734,0.802734,0.802734,0.802734,0.802734,0.802734,0.802734,0.802734,0.802734,0.802734,0.802734,0.802734,0.803711,0.803711,0.803711,0.803711,0.803711,0.803711,0.803711,0.803711,0.803711,0.803711,0.803711,0.803711,0.803711,0.803711,0.803711,0.803711,0.803711,0.803711,0.803711,0.803711,0.803711,0.803711,0.803711,0.804688,0.804688,0.806641,0.806641,0.806641,0.806641,0.806641,0.806641,0.806641,0.806641,0.806641,0.806641,0.806641,0.806641,0.806641,0.806641,0.806641,0.806641,0.806641,0.806641,0.806641,0.806641,0.806641,0.806641,0.807617,0.807617,0.807617,0.807617,0.807617,0.807617,0.807617,0.807617,0.807617,0.807617,0.807617,0.807617,0.807617,0.807617,0.807617,0.807617,0.807617,0.807617,0.807617,0.807617,0.807617,0.807617,
0.729187,0.729401,0.729706,0.760956,0.776703,0.807953,0.808197,0.808563,0.824188,0.824188,0.824188,0.824188,0.863586,0.863586,0.863586,0.863586,0.863586,0.864563,0.864563,0.864929,0.864929,0.864929,0.881531,0.881775,0.881775,0.881836,0.881836,0.883240,0.885193,0.885681,0.885681,0.885803,0.885803,0.885803,0.885803,0.885803,0.885803,0.885803,0.885803,0.885864,0.885864,0.885864,0.885864,0.885925,0.887939,0.887939,0.887939,0.887939,0.888062,0.888062,0.888062,0.888062,0.888062,0.888062,0.888184,0.888184,0.888184,0.888367,0.888367,0.888367,0.888367,0.888367,0.888367,0.888367,0.888367,0.888367,0.888367,0.888367,0.888367,0.888367,0.888367,0.888367,0.888367,0.888367,0.888367,0.888367,0.888367,0.888367,0.888367,0.888367,0.888367,0.888367,0.888367,0.888367,0.889343,0.889343,0.889343,0.889343,0.889343,0.889343,0.889343,0.889343,0.889343,0.889343,0.889374,0.889374,0.889374,0.889374,0.889374,0.889526,0.889526,0.889526,0.889526,0.889526,0.889526,0.889526,0.889526,0.889526,0.889526,0.889526,0.889526,0.889526,0.889526,0.889526,0.889526,0.889648,0.889648,0.889893,0.889893,0.889893,0.889893,0.889893,0.889893,0.889893,0.889893,0.889893,0.889893,0.889893,0.889893,0.889893,0.889893,0.889893,0.890015,0.890015,0.890015,0.890015,0.890015,0.890015,0.890015,0.890015,0.890015,0.890015,0.890015,0.890015,0.890015,0.890015,0.890015,0.890015,0.890015,0.890015,0.890015,0.890015,0.890015,0.890015,0.890015,0.890137,0.890137,0.890625,0.890625,0.890625,0.890625,0.890625,0.890625,0.890625,0.890625,0.890625,0.890625,0.890625,0.890625,0.890625,0.890625,0.890625,0.890625,0.890625,0.890625,0.890625,0.890625,0.890625,0.890625,0.891602,0.891602,0.891602,0.891602,0.891602,0.891602,0.891602,0.891602,0.891602,0.891602,0.891602,0.891602,0.891602,0.891602,0.891602,0.891602,0.891602,0.891602,0.891602,0.891602,0.891602,0.891602,
