kBasicLog: 1
kBreedEdges: 1
kBreedGates: 1
kBreedSample: 4
kBreedType: 0
kChildren: 100
kEvaluations: 20000
kGens: 100
kLegalGateTypes: 1
kLog: 1
kLogIter: 14
kMaxGenStagnation: 300
kMessUp: 0
kMutatePercent: 1
kMutationMode: 1
kMutations: 6
kPruneOrphans: 1
kSaveDotGraphs: 1
kSeed: 0
kThreads: 4
kThreshold: 1000
kTruthWeight: 1
columns: 13
rows: 5,5,5,5,5,5,5,5,5,5,5,5,4
goal_correct_count: 256
goal_total_count: 2048
goal_total_weighted_count: 65536
~
gates_used: 37
total_count: 1572
total_weighted_count: 0
percent: 0.767578
weighted_percent: 0.000000
evaluations: 20100
~
1464,1464,1470,1478,1498,1502,1502,1502,1506,1514,1518,1518,1518,1520,1520,1520,1520,1524,1524,1526,1530,1530,1530,1530,1530,1530,1530,1530,1530,1530,1530,1530,1530,1530,1530,1530,1530,1530,1530,1530,1530,1530,1530,1530,1534,1534,1534,1534,1534,1534,1534,1534,1534,1534,1534,1542,1542,1542,1542,1542,1542,1542,1542,1542,1542,1542,1542,1542,1542,1542,1542,1542,1542,1542,1542,1542,1542,1542,1542,1542,1542,1542,1542,1542,1542,1542,1542,1542,1542,1542,1542,1542,1542,1542,1542,1542,1542,1542,1542,1542,1544,1548,1548,1548,1552,1552,1552,1552,1552,1552,1552,1552,1552,1556,1556,1556,1558,1558,1558,1558,1558,1558,1558,1558,1558,1558,1558,1558,1558,1558,1558,1558,1558,1558,1558,1558,1558,1558,1558,1558,1558,1558,1558,1558,1558,1558,1558,1558,1558,1560,1560,1560,1560,1560,1560,1560,1560,1560,1560,1560,1560,1560,1560,1560,1560,1560,1560,1560,1560,1560,1560,1560,1560,1560,1560,1562,1562,1562,1562,1562,1562,1562,1562,1562,1562,1562,1566,1566,1566,1568,1572,1572,1572,1572,1572,1572,1572,1572,1572,1572,1572,
53260,53260,54012,54524,55292,55308,55308,55308,55820,55948,55980,55980,55980,55984,55984,55984,55984,56048,56048,56050,56056,56056,56056,56056,56056,56056,56056,56056,56056,56056,56056,56056,56056,56056,56056,56056,56056,56056,56056,56056,56056,56056,56056,56056,56120,56120,56120,56120,56120,56120,56120,56120,56120,56120,56120,56504,56504,56504,56504,56504,56504,56504,56504,56504,56504,56504,56504,56504,56504,56504,56504,56504,56504,56504,56504,56504,56504,56504,56504,56504,56504,56504,56504,56504,56504,56504,56504,56504,56504,56504,56504,56504,56504,56504,56504,56504,56504,56504,56504,56504,56530,56536,56536,56536,56568,56568,56568,56568,56568,56568,56568,56568,56568,56572,56572,56572,56574,56574,56574,56574,56574,56574,56574,56574,56574,56574,56574,56574,56574,56574,56574,56574,56574,56574,56574,56574,56574,56574,56574,56574,56574,56574,56574,56574,56574,56574,56574,56574,56574,56576,56576,56576,56576,56576,56576,56576,56576,56576,56576,56576,56576,56576,56576,56576,56576,56576,56576,56576,56576,56576,56576,56576,56576,56576,56576,56584,56584,56584,56584,56584,56584,56584,56584,56584,56584,56584,56592,56592,56592,56598,56604,56604,56604,56604,56604,56604,56604,56604,56604,56604,56604,
0.714844,0.714844,0.717773,0.721680,0.731445,0.733398,0.733398,0.733398,0.735352,0.739258,0.741211,0.741211,0.741211,0.742188,0.742188,0.742188,0.742188,0.744141,0.744141,0.745117,0.747070,0.747070,0.747070,0.747070,0.747070,0.747070,0.747070,0.747070,0.747070,0.747070,0.747070,0.747070,0.747070,0.747070,0.747070,0.747070,0.747070,0.747070,0.747070,0.747070,0.747070,0.747070,0.747070,0.747070,0.749023,0.749023,0.749023,0.749023,0.749023,0.749023,0.749023,0.749023,0.749023,0.749023,0.749023,0.752930,0.752930,0.752930,0.752930,0.752930,0.752930,0.752930,0.752930,0.752930,0.752930,0.752930,0.752930,0.752930,0.752930,0.752930,0.752930,0.752930,0.752930,0.752930,0.752930,0.752930,0.752930,0.752930,0.752930,0.752930,0.752930,0.752930,0.752930,0.752930,0.752930,0.752930,0.752930,0.752930,0.752930,0.752930,0.752930,0.752930,0.752930,0.752930,0.752930,0.752930,0.752930,0.752930,0.752930,0.752930,0.753906,0.755859,0.755859,0.755859,0.757812,0.757812,0.757812,0.757812,0.757812,0.757812,0.757812,0.757812,0.757812,0.759766,0.759766,0.759766,0.760742,0.760742,0.760742,0.760742,0.760742,0.760742,0.760742,0.760742,0.760742,0.760742,0.760742,0.760742,0.760742,0.760742,0.760742,0.760742,0.760742,0.760742,0.760742,0.760742,0.760742,0.760742,0.760742,0.760742,0.760742,0.760742,0.760742,0.760742,0.760742,0.760742,0.760742,0.760742,0.760742,0.761719,0.761719,0.761719,0.761719,0.761719,0.761719,0.761719,0.761719,0.761719,0.761719,0.761719,0.761719,0.761719,0.761719,0.761719,0.761719,0.761719,0.761719,0.761719,0.761719,0.761719,0.761719,0.761719,0.761719,0.761719,0.761719,0.762695,0.762695,0.762695,0.762695,0.762695,0.762695,0.762695,0.762695,0.762695,0.762695,0.762695,0.764648,0.764648,0.764648,0.765625,0.767578,0.767578,0.767578,0.767578,0.767578,0.767578,0.767578,0.767578,0.767578,0.767578,0.767578,
0.812683,0.812683,0.824158,0.831970,0.843689,0.843933,0.843933,0.843933,0.851746,0.853699,0.854187,0.854187,0.854187,0.854248,0.854248,0.854248,0.854248,0.855225,0.855225,0.855255,0.855347,0.855347,0.855347,0.855347,0.855347,0.855347,0.855347,0.855347,0.855347,0.855347,0.855347,0.855347,0.855347,0.855347,0.855347,0.855347,0.855347,0.855347,0.855347,0.855347,0.855347,0.855347,0.855347,0.855347,0.856323,0.856323,0.856323,0.856323,0.856323,0.856323,0.856323,0.856323,0.856323,0.856323,0.856323,0.862183,0.862183,0.862183,0.862183,0.862183,0.862183,0.862183,0.862183,0.862183,0.862183,0.862183,0.862183,0.862183,0.862183,0.862183,0.862183,0.862183,0.862183,0.862183,0.862183,0.862183,0.862183,0.862183,0.862183,0.862183,0.862183,0.862183,0.862183,0.862183,0.862183,0.862183,0.862183,0.862183,0.862183,0.862183,0.862183,0.862183,0.862183,0.862183,0.862183,0.862183,0.862183,0.862183,0.862183,0.862183,0.862579,0.862671,0.862671,0.862671,0.863159,0.863159,0.863159,0.863159,0.863159,0.863159,0.863159,0.863159,0.863159,0.863220,0.863220,0.863220,0.863251,0.863251,0.863251,0.863251,0.863251,0.863251,0.863251,0.863251,0.863251,0.863251,0.863251,0.863251,0.863251,0.863251,0.863251,0.863251,0.863251,0.863251,0.863251,0.863251,0.863251,0.863251,0.863251,0.863251,0.863251,0.863251,0.863251,0.863251,0.863251,0.863251,0.863251,0.863251,0.863251,0.863281,0.863281,0.863281,0.863281,0.863281,0.863281,0.863281,0.863281,0.863281,0.863281,0.863281,0.863281,0.863281,0.863281,0.863281,0.863281,0.863281,0.863281,0.863281,0.863281,0.863281,0.863281,0.863281,0.863281,0.863281,0.863281,0.863403,0.863403,0.863403,0.863403,0.863403,0.863403,0.863403,0.863403,0.863403,0.863403,0.863403,0.863525,0.863525,0.863525,0.863617,0.863708,0.863708,0.863708,0.863708,0.863708,0.863708,0.863708,0.863708,0.863708,0.863708,0.863708,
