kBasicLog: 1
kBreedEdges: 1
kBreedGates: 1
kBreedSample: 4
kBreedType: 0
kChildren: 100
kEvaluations: 20000
kGens: 100
kLegalGateTypes: 1
kLog: 1
kLogIter: 12
kMaxGenStagnation: 300
kMessUp: 0
kMutatePercent: 1
kMutationMode: 1
kMutations: 6
kPruneOrphans: 1
kSaveDotGraphs: 1
kSeed: 0
kThreads: 4
kThreshold: 1000
kTruthWeight: 1
columns: 13
rows: 5,5,5,5,5,5,5,5,5,5,5,5,4
goal_correct_count: 256
goal_total_count: 2048
goal_total_weighted_count: 65536
~
gates_used: 37
total_count: 1608
total_weighted_count: 0
percent: 0.785156
weighted_percent: 0.000000
evaluations: 20100
~
1450,1468,1484,1490,1494,1500,1500,1502,1502,1504,1504,1522,1526,1526,1526,1526,1534,1546,1546,1552,1552,1552,1552,1552,1560,1572,1572,1574,1574,1574,1574,1574,1578,1578,1578,1580,1580,1580,1580,1580,1580,1580,1580,1582,1582,1582,1582,1582,1582,1582,1582,1582,1582,1582,1582,1584,1584,1584,1584,1584,1584,1584,1584,1584,1584,1584,1584,1584,1584,1584,1584,1584,1584,1584,1584,1584,1584,1584,1584,1584,1584,1584,1584,1584,1584,1584,1584,1584,1584,1584,1592,1592,1592,1592,1600,1604,1604,1604,1604,1604,1604,1604,1604,1604,1604,1604,1604,1604,1604,1604,1604,1604,1604,1604,1608,1608,1608,1608,1608,1608,1608,1608,1608,1608,1608,1608,1608,1608,1608,1608,1608,1608,1608,1608,1608,1608,1608,1608,1608,1608,1608,1608,1608,1608,1608,1608,1608,1608,1608,1608,1608,1608,1608,1608,1608,1608,1608,1608,1608,1608,1608,1608,1608,1608,1608,1608,1608,1608,1608,1608,1608,1608,1608,1608,1608,1608,1608,1608,1608,1608,1608,1608,1608,1608,1608,1608,1608,1608,1608,1608,1608,1608,1608,1608,1608,1608,1608,1608,1608,1608,1608,
47196,47244,47636,47728,47742,47838,47838,47842,47842,47858,47858,50834,51346,51346,51346,51346,52370,53906,53906,53918,53918,53918,53918,53918,53982,54006,54006,54010,54010,54010,54010,54010,54138,54138,54138,54142,54142,54142,54142,54142,54142,54142,54142,54146,54146,54146,54146,54146,54146,54146,54146,54146,54146,54146,54146,54154,54154,54154,54154,54154,54154,54154,54154,54154,54154,54154,54154,54154,54154,54154,54154,54154,54154,54154,54154,54154,54154,54154,54154,54154,54154,54154,54154,54154,54154,54154,54154,54154,54154,54154,56074,56074,56074,56074,56202,56266,56266,56266,56266,56266,56266,56266,56266,56266,56266,56266,56266,56266,56266,56266,56266,56266,56266,56266,56330,56330,56330,56330,56330,56330,56330,56330,56330,56330,56330,56330,56330,56330,56330,56330,56330,56330,56330,56330,56330,56330,56330,56330,56330,56330,56330,56330,56330,56330,56330,56330,56330,56330,56330,56330,56330,56330,56330,56330,56330,56330,56330,56330,56330,56330,56330,56330,56330,56330,56330,56330,56330,56330,56330,56330,56330,56330,56330,56330,56330,56330,56330,56330,56330,56330,56330,56330,56330,56330,56330,56330,56330,56330,56330,56330,56330,56330,56330,56330,56330,56330,56330,56330,56330,56330,56330,
0.708008,0.716797,0.724609,0.727539,0.729492,0.732422,0.732422,0.733398,0.733398,0.734375,0.734375,0.743164,0.745117,0.745117,0.745117,0.745117,0.749023,0.754883,0.754883,0.757812,0.757812,0.757812,0.757812,0.757812,0.761719,0.767578,0.767578,0.768555,0.768555,0.768555,0.768555,0.768555,0.770508,0.770508,0.770508,0.771484,0.771484,0.771484,0.771484,0.771484,0.771484,0.771484,0.771484,0.772461,0.772461,0.772461,0.772461,0.772461,0.772461,0.772461,0.772461,0.772461,0.772461,0.772461,0.772461,0.773438,0.773438,0.773438,0.773438,0.773438,0.773438,0.773438,0.773438,0.773438,0.773438,0.773438,0.773438,0.773438,0.773438,0.773438,0.773438,0.773438,0.773438,0.773438,0.773438,0.773438,0.773438,0.773438,0.773438,0.773438,0.773438,0.773438,0.773438,0.773438,0.773438,0.773438,0.773438,0.773438,0.773438,0.773438,0.777344,0.777344,0.777344,0.777344,0.781250,0.783203,0.783203,0.783203,0.783203,0.783203,0.783203,0.783203,0.783203,0.783203,0.783203,0.783203,0.783203,0.783203,0.783203,0.783203,0.783203,0.783203,0.783203,0.783203,0.785156,0.785156,0.785156,0.785156,0.785156,0.785156,0.785156,0.785156,0.785156,0.785156,0.785156,0.785156,0.785156,0.785156,0.785156,0.785156,0.785156,0.785156,0.785156,0.785156,0.785156,0.785156,0.785156,0.785156,0.785156,0.785156,0.785156,0.785156,0.785156,0.785156,0.785156,0.785156,0.785156,0.785156,0.785156,0.785156,0.785156,0.785156,0.785156,0.785156,0.785156,0.785156,0.785156,0.785156,0.785156,0.785156,0.785156,0.785156,0.785156,0.785156,0.785156,0.785156,0.785156,0.785156,0.785156,0.785156,0.785156,0.785156,0.785156,0.785156,0.785156,0.785156,0.785156,0.785156,0.785156,0.785156,0.785156,0.785156,0.785156,0.785156,0.785156,0.785156,0.785156,0.785156,0.785156,0.785156,0.785156,0.785156,0.785156,0.785156,0.785156,0.785156,0.785156,0.785156,0.785156,0.785156,0.785156,
0.720154,0.720886,0.726868,0.728271,0.728485,0.729950,0.729950,0.730011,0.730011,0.730255,0.730255,0.775665,0.783478,0.783478,0.783478,0.783478,0.799103,0.822540,0.822540,0.822723,0.822723,0.822723,0.822723,0.822723,0.823700,0.824066,0.824066,0.824127,0.824127,0.824127,0.824127,0.824127,0.826080,0.826080,0.826080,0.826141,0.826141,0.826141,0.826141,0.826141,0.826141,0.826141,0.826141,0.826202,0.826202,0.826202,0.826202,0.826202,0.826202,0.826202,0.826202,0.826202,0.826202,0.826202,0.826202,0.826324,0.826324,0.826324,0.826324,0.826324,0.826324,0.826324,0.826324,0.826324,0.826324,0.826324,0.826324,0.826324,0.826324,0.826324,0.826324,0.826324,0.826324,0.826324,0.826324,0.826324,0.826324,0.826324,0.826324,0.826324,0.826324,0.826324,0.826324,0.826324,0.826324,0.826324,0.826324,0.826324,0.826324,0.826324,0.855621,0.855621,0.855621,0.855621,0.857574,0.858551,0.858551,0.858551,0.858551,0.858551,0.858551,0.858551,0.858551,0.858551,0.858551,0.858551,0.858551,0.858551,0.858551,0.858551,0.858551,0.858551,0.858551,0.858551,0.859528,0.859528,0.859528,0.859528,0.859528,0.859528,0.859528,0.859528,0.859528,0.859528,0.859528,0.859528,0.859528,0.859528,0.859528,0.859528,0.859528,0.859528,0.859528,0.859528,0.859528,0.859528,0.859528,0.859528,0.859528,0.859528,0.859528,0.859528,0.859528,0.859528,0.859528,0.859528,0.859528,0.859528,0.859528,0.859528,0.859528,0.859528,0.859528,0.859528,0.859528,0.859528,0.859528,0.859528,0.859528,0.859528,0.859528,0.859528,0.859528,0.859528,0.859528,0.859528,0.859528,0.859528,0.859528,0.859528,0.859528,0.859528,0.859528,0.859528,0.859528,0.859528,0.859528,0.859528,0.859528,0.859528,0.859528,0.859528,0.859528,0.859528,0.859528,0.859528,0.859528,0.859528,0.859528,0.859528,0.859528,0.859528,0.859528,0.859528,0.859528,0.859528,0.859528,0.859528,0.859528,0.859528,0.859528,
