kBasicLog: 1
kBreedEdges: 1
kBreedGates: 1
kBreedSample: 4
kBreedType: 0
kChildren: 100
kEvaluations: 20000
kGens: 100
kLegalGateTypes: 1
kLog: 1
kLogIter: 10
kMaxGenStagnation: 300
kMessUp: 0
kMutatePercent: 1
kMutationMode: 1
kMutations: 6
kPruneOrphans: 1
kSaveDotGraphs: 1
kSeed: 0
kThreads: 4
kThreshold: 1000
kTruthWeight: 1
columns: 13
rows: 5,5,5,5,5,5,5,5,5,5,5,5,4
goal_correct_count: 256
goal_total_count: 2048
goal_total_weighted_count: 65536
~
gates_used: 33
total_count: 1522
total_weighted_count: 0
percent: 0.743164
weighted_percent: 0.000000
evaluations: 20100
~
1432,1440,1460,1476,1484,1490,1494,1498,1504,1504,1504,1504,1504,1504,1506,1506,1506,1506,1506,1506,1514,1514,1514,1514,1516,1518,1520,1520,1520,1520,1520,1520,1520,1520,1520,1520,1520,1520,1520,1520,1520,1520,1520,1520,1520,1520,1520,1520,1520,1520,1520,1520,1520,1520,1520,1520,1520,1520,1520,1520,1520,1520,1520,1520,1520,1520,1520,1520,1520,1520,1520,1520,1520,1520,1520,1520,1520,1520,1520,1520,1520,1520,1520,1522,1522,1522,1522,1522,1522,1522,1522,1522,1522,1522,1522,1522,1522,1522,1522,1522,1522,1522,1522,1522,1522,1522,1522,1522,1522,1522,1522,1522,1522,1522,1522,1522,1522,1522,1522,1522,1522,1522,1522,1522,1522,1522,1522,1522,1522,1522,1522,1522,1522,1522,1522,1522,1522,1522,1522,1522,1522,1522,1522,1522,1522,1522,1522,1522,1522,1522,1522,1522,1522,1522,1522,1522,1522,1522,1522,1522,1522,1522,1522,1522,1522,1522,1522,1522,1522,1522,1522,1522,1522,1522,1522,1522,1522,1522,1522,1522,1522,1522,1522,1522,1522,1522,1522,1522,1522,1522,1522,1522,1522,1522,1522,1522,1522,1522,1522,1522,1522,
48620,49644,52204,54252,54764,54812,54876,54940,55020,55020,55020,55020,55020,55020,55036,55036,55036,55036,55036,55036,55548,55548,55548,55548,55556,55560,55568,55568,55568,55568,55568,55568,55568,55568,55568,55568,55568,55568,55568,55568,55568,55568,55568,55568,55568,55568,55568,55568,55568,55568,55568,55568,55568,55568,55568,55568,55568,55568,55568,55568,55568,55568,55568,55568,55568,55568,55568,55568,55568,55568,55568,55568,55568,55568,55568,55568,55568,55568,55568,55568,55568,55568,55568,55576,55576,55576,55576,55576,55576,55576,55576,55576,55576,55576,55576,55576,55576,55576,55576,55576,55576,55576,55576,55576,55576,55576,55576,55576,55576,55576,55576,55576,55576,55576,55576,55576,55576,55576,55576,55576,55576,55576,55576,55576,55576,55576,55576,55576,55576,55576,55576,55576,55576,55576,55576,55576,55576,55576,55576,55576,55576,55576,55576,55576,55576,55576,55576,55576,55576,55576,55576,55576,55576,55576,55576,55576,55576,55576,55576,55576,55576,55576,55576,55576,55576,55576,55576,55576,55576,55576,55576,55576,55576,55576,55576,55576,55576,55576,55576,55576,55576,55576,55576,55576,55576,55576,55576,55576,55576,55576,55576,55576,55576,55576,55576,55576,55576,55576,55576,55576,55576,
0.699219,0.703125,0.712891,0.720703,0.724609,0.727539,0.729492,0.731445,0.734375,0.734375,0.734375,0.734375,0.734375,0.734375,0.735352,0.735352,0.735352,0.735352,0.735352,0.735352,0.739258,0.739258,0.739258,0.739258,0.740234,0.741211,0.742188,0.742188,0.742188,0.742188,0.742188,0.742188,0.742188,0.742188,0.742188,0.742188,0.742188,0.742188,0.742188,0.742188,0.742188,0.742188,0.742188,0.742188,0.742188,0.742188,0.742188,0.742188,0.742188,0.742188,0.742188,0.742188,0.742188,0.742188,0.742188,0.742188,0.742188,0.742188,0.742188,0.742188,0.742188,0.742188,0.742188,0.742188,0.742188,0.742188,0.742188,0.742188,0.742188,0.742188,0.742188,0.742188,0.742188,0.742188,0.742188,0.742188,0.742188,0.742188,0.742188,0.742188,0.742188,0.742188,0.742188,0.743164,0.743164,0.743164,0.743164,0.743164,0.743164,0.743164,0.743164,0.743164,0.743164,0.743164,0.743164,0.743164,0.743164,0.743164,0.743164,0.743164,0.743164,0.743164,0.743164,0.743164,0.743164,0.743164,0.743164,0.743164,0.743164,0.743164,0.743164,0.743164,0.743164,0.743164,0.743164,0.743164,0.743164,0.743164,0.743164,0.743164,0.743164,0.743164,0.743164,0.743164,0.743164,0.743164,0.743164,0.743164,0.743164,0.743164,0.743164,0.743164,0.743164,0.743164,0.743164,0.743164,0.743164,0.743164,0.743164,0.743164,0.743164,0.743164,0.743164,0.743164,0.743164,0.743164,0.743164,0.743164,0.743164,0.743164,0.743164,0.743164,0.743164,0.743164,0.743164,0.743164,0.743164,0.743164,0.743164,0.743164,0.743164,0.743164,0.743164,0.743164,0.743164,0.743164,0.743164,0.743164,0.743164,0.743164,0.743164,0.743164,0.743164,0.743164,0.743164,0.743164,0.743164,0.743164,0.743164,0.743164,0.743164,0.743164,0.743164,0.743164,0.743164,0.743164,0.743164,0.743164,0.743164,0.743164,0.743164,0.743164,0.743164,0.743164,0.743164,0.743164,0.743164,0.743164,0.743164,0.743164,0.743164,
0.741882,0.757507,0.796570,0.827820,0.835632,0.836365,0.837341,0.838318,0.839539,0.839539,0.839539,0.839539,0.839539,0.839539,0.839783,0.839783,0.839783,0.839783,0.839783,0.839783,0.847595,0.847595,0.847595,0.847595,0.847717,0.847778,0.847900,0.847900,0.847900,0.847900,0.847900,0.847900,0.847900,0.847900,0.847900,0.847900,0.847900,0.847900,0.847900,0.847900,0.847900,0.847900,0.847900,0.847900,0.847900,0.847900,0.847900,0.847900,0.847900,0.847900,0.847900,0.847900,0.847900,0.847900,0.847900,0.847900,0.847900,0.847900,0.847900,0.847900,0.847900,0.847900,0.847900,0.847900,0.847900,0.847900,0.847900,0.847900,0.847900,0.847900,0.847900,0.847900,0.847900,0.847900,0.847900,0.847900,0.847900,0.847900,0.847900,0.847900,0.847900,0.847900,0.847900,0.848022,0.848022,0.848022,0.848022,0.848022,0.848022,0.848022,0.848022,0.848022,0.848022,0.848022,0.848022,0.848022,0.848022,0.848022,0.848022,0.848022,0.848022,0.848022,0.848022,0.848022,0.848022,0.848022,0.848022,0.848022,0.848022,0.848022,0.848022,0.848022,0.848022,0.848022,0.848022,0.848022,0.848022,0.848022,0.848022,0.848022,0.848022,0.848022,0.848022,0.848022,0.848022,0.848022,0.848022,0.848022,0.848022,0.848022,0.848022,0.848022,0.848022,0.848022,0.848022,0.848022,0.848022,0.848022,0.848022,0.848022,0.848022,0.848022,0.848022,0.848022,0.848022,0.848022,0.848022,0.848022,0.848022,0.848022,0.848022,0.848022,0.848022,0.848022,0.848022,0.848022,0.848022,0.848022,0.848022,0.848022,0.848022,0.848022,0.848022,0.848022,0.848022,0.848022,0.848022,0.848022,0.848022,0.848022,0.848022,0.848022,0.848022,0.848022,0.848022,0.848022,0.848022,0.848022,0.848022,0.848022,0.848022,0.848022,0.848022,0.848022,0.848022,0.848022,0.848022,0.848022,0.848022,0.848022,0.848022,0.848022,0.848022,0.848022,0.848022,0.848022,0.848022,0.848022,0.848022,0.848022,0.848022,
