kBasicLog: 1
kBreedEdges: 1
kBreedGates: 1
kBreedSample: 4
kBreedType: 0
kChildren: 100
kEvaluations: 20000
kGens: 100
kLegalGateTypes: 1
kLog: 1
kLogIter: 6
kMaxGenStagnation: 300
kMessUp: 0
kMutatePercent: 1
kMutationMode: 1
kMutations: 6
kPruneOrphans: 1
kSaveDotGraphs: 1
kSeed: 0
kThreads: 4
kThreshold: 1000
kTruthWeight: 1
columns: 13
rows: 5,5,5,5,5,5,5,5,5,5,5,5,4
goal_correct_count: 256
goal_total_count: 2048
goal_total_weighted_count: 65536
~
gates_used: 31
total_count: 1594
total_weighted_count: 0
percent: 0.778320
weighted_percent: 0.000000
evaluations: 20100
~
1424,1428,1438,1446,1452,1460,1460,1462,1462,1462,1462,1462,1494,1494,1500,1508,1512,1512,1514,1516,1518,1524,1524,1528,1528,1532,1532,1532,1540,1544,1544,1548,1550,1552,1552,1552,1552,1552,1552,1552,1552,1552,1552,1552,1552,1552,1552,1552,1552,1552,1552,1552,1552,1552,1552,1552,1552,1552,1556,1556,1556,1556,1556,1556,1556,1556,1556,1556,1556,1568,1568,1568,1568,1568,1568,1568,1568,1568,1568,1568,1568,1568,1568,1568,1568,1568,1568,1568,1568,1568,1568,1568,1568,1568,1572,1572,1572,1572,1572,1576,1576,1576,1576,1576,1576,1576,1576,1576,1584,1584,1584,1584,1586,1592,1592,1592,1592,1592,1594,1594,1594,1594,1594,1594,1594,1594,1594,1594,1594,1594,1594,1594,1594,1594,1594,1594,1594,1594,1594,1594,1594,1594,1594,1594,1594,1594,1594,1594,1594,1594,1594,1594,1594,1594,1594,1594,1594,1594,1594,1594,1594,1594,1594,1594,1594,1594,1594,1594,1594,1594,1594,1594,1594,1594,1594,1594,1594,1594,1594,1594,1594,1594,1594,1594,1594,1594,1594,1594,1594,1594,1594,1594,1594,1594,1594,1594,1594,1594,1594,1594,1594,
45422,45550,46526,46590,46610,47122,47122,47126,47126,47126,47126,47126,51222,53270,53772,54220,54476,54476,54484,54492,54508,54514,54514,54518,54518,54534,54534,54534,54598,54662,54662,54726,54730,54738,54738,54738,54738,54738,54738,54738,54738,54738,54738,54738,54738,54738,54738,54738,54738,54738,54738,54738,54738,54738,54738,54738,54738,54738,55186,55186,55186,55186,55186,55186,55186,55186,55186,55186,55186,56146,56146,56146,56146,56146,56146,56146,56146,56146,56146,56146,56146,56146,56146,56146,56146,56146,56146,56146,56146,56146,56146,56146,56146,56146,56402,56402,56402,56402,56402,56658,56658,56658,56658,56658,56658,56658,56658,56658,57170,57170,57170,57170,57178,57274,57274,57274,57274,57274,57276,57276,57276,57276,57276,57276,57276,57276,57276,57276,57276,57276,57276,57276,57276,57276,57276,57276,57276,57276,57276,57276,57276,57276,57276,57276,57276,57276,57276,57276,57276,57276,57276,57276,57276,57276,57276,57276,57276,57276,57276,57276,57276,57276,57276,57276,57276,57276,57276,57276,57276,57276,57276,57276,57276,57276,57276,57276,57276,57276,57276,57276,57276,57276,57276,57276,57276,57276,57276,57276,57276,57276,57276,57276,57276,57276,57276,57276,57276,57276,57276,57276,57276,
0.695312,0.697266,0.702148,0.706055,0.708984,0.712891,0.712891,0.713867,0.713867,0.713867,0.713867,0.713867,0.729492,0.729492,0.732422,0.736328,0.738281,0.738281,0.739258,0.740234,0.741211,0.744141,0.744141,0.746094,0.746094,0.748047,0.748047,0.748047,0.751953,0.753906,0.753906,0.755859,0.756836,0.757812,0.757812,0.757812,0.757812,0.757812,0.757812,0.757812,0.757812,0.757812,0.757812,0.757812,0.757812,0.757812,0.757812,0.757812,0.757812,0.757812,0.757812,0.757812,0.757812,0.757812,0.757812,0.757812,0.757812,0.757812,0.759766,0.759766,0.759766,0.759766,0.759766,0.759766,0.759766,0.759766,0.759766,0.759766,0.759766,0.765625,0.765625,0.765625,0.765625,0.765625,0.765625,0.765625,0.765625,0.765625,0.765625,0.765625,0.765625,0.765625,0.765625,0.765625,0.765625,0.765625,0.765625,0.765625,0.765625,0.765625,0.765625,0.765625,0.765625,0.765625,0.767578,0.767578,0.767578,0.767578,0.767578,0.769531,0.769531,0.769531,0.769531,0.769531,0.769531,0.769531,0.769531,0.769531,0.773438,0.773438,0.773438,0.773438,0.774414,0.777344,0.777344,0.777344,0.777344,0.777344,0.778320,0.778320,0.778320,0.778320,0.778320,0.778320,0.778320,0.778320,0.778320,0.778320,0.778320,0.778320,0.778320,0.778320,0.778320,0.778320,0.778320,0.778320,0.778320,0.778320,0.778320,0.778320,0.778320,0.778320,0.778320,0.778320,0.778320,0.778320,0.778320,0.778320,0.778320,0.778320,0.778320,0.778320,0.778320,0.778320,0.778320,0.778320,0.778320,0.778320,0.778320,0.778320,0.778320,0.778320,0.778320,0.778320,0.778320,0.778320,0.778320,0.778320,0.778320,0.778320,0.778320,0.778320,0.778320,0.778320,0.778320,0.778320,0.778320,0.778320,0.778320,0.778320,0.778320,0.778320,0.778320,0.778320,0.778320,0.778320,0.778320,0.778320,0.778320,0.778320,0.778320,0.778320,0.778320,0.778320,0.778320,0.778320,0.778320,0.778320,0.778320,0.778320,0.778320,
0.693085,0.695038,0.709930,0.710907,0.711212,0.719025,0.719025,0.719086,0.719086,0.719086,0.719086,0.719086,0.781586,0.812836,0.820496,0.827332,0.831238,0.831238,0.831360,0.831482,0.831726,0.831818,0.831818,0.831879,0.831879,0.832123,0.832123,0.832123,0.833099,0.834076,0.834076,0.835052,0.835114,0.835236,0.835236,0.835236,0.835236,0.835236,0.835236,0.835236,0.835236,0.835236,0.835236,0.835236,0.835236,0.835236,0.835236,0.835236,0.835236,0.835236,0.835236,0.835236,0.835236,0.835236,0.835236,0.835236,0.835236,0.835236,0.842072,0.842072,0.842072,0.842072,0.842072,0.842072,0.842072,0.842072,0.842072,0.842072,0.842072,0.856720,0.856720,0.856720,0.856720,0.856720,0.856720,0.856720,0.856720,0.856720,0.856720,0.856720,0.856720,0.856720,0.856720,0.856720,0.856720,0.856720,0.856720,0.856720,0.856720,0.856720,0.856720,0.856720,0.856720,0.856720,0.860626,0.860626,0.860626,0.860626,0.860626,0.864532,0.864532,0.864532,0.864532,0.864532,0.864532,0.864532,0.864532,0.864532,0.872345,0.872345,0.872345,0.872345,0.872467,0.873932,0.873932,0.873932,0.873932,0.873932,0.873962,0.873962,0.873962,0.873962,0.873962,0.873962,0.873962,0.873962,0.873962,0.873962,0.873962,0.873962,0.873962,0.873962,0.873962,0.873962,0.873962,0.873962,0.873962,0.873962,0.873962,0.873962,0.873962,0.873962,0.873962,0.873962,0.873962,0.873962,0.873962,0.873962,0.873962,0.873962,0.873962,0.873962,0.873962,0.873962,0.873962,0.873962,0.873962,0.873962,0.873962,0.873962,0.873962,0.873962,0.873962,0.873962,0.873962,0.873962,0.873962,0.873962,0.873962,0.873962,0.873962,0.873962,0.873962,0.873962,0.873962,0.873962,0.873962,0.873962,0.873962,0.873962,0.873962,0.873962,0.873962,0.873962,0.873962,0.873962,0.873962,0.873962,0.873962,0.873962,0.873962,0.873962,0.873962,0.873962,0.873962,0.873962,0.873962,0.873962,0.873962,0.873962,0.873962,
