kBasicLog: 1
kBreedEdges: 1
kBreedGates: 1
kBreedSample: 4
kBreedType: 0
kChildren: 100
kEvaluations: 20000
kGens: 100
kLegalGateTypes: 1
kLog: 1
kLogIter: 18
kMaxGenStagnation: 300
kMessUp: 0
kMutatePercent: 1
kMutationMode: 1
kMutations: 6
kPruneOrphans: 1
kSaveDotGraphs: 1
kSeed: 0
kThreads: 4
kThreshold: 1000
kTruthWeight: 1
columns: 13
rows: 5,5,5,5,5,5,5,5,5,5,5,5,4
goal_correct_count: 256
goal_total_count: 2048
goal_total_weighted_count: 65536
~
gates_used: 31
total_count: 1564
total_weighted_count: 0
percent: 0.763672
weighted_percent: 0.000000
evaluations: 20100
~
1504,1512,1514,1514,1520,1524,1528,1528,1534,1536,1536,1536,1536,1538,1538,1538,1538,1538,1538,1546,1548,1548,1548,1548,1548,1548,1548,1548,1550,1550,1550,1550,1550,1550,1550,1550,1550,1550,1550,1550,1554,1556,1558,1558,1558,1558,1558,1558,1558,1558,1558,1558,1558,1558,1558,1558,1558,1558,1558,1558,1558,1558,1558,1558,1558,1558,1558,1558,1558,1558,1558,1558,1558,1558,1558,1558,1558,1558,1558,1558,1558,1558,1558,1558,1558,1560,1560,1560,1560,1560,1560,1564,1564,1564,1564,1564,1564,1564,1564,1564,1564,1564,1564,1564,1564,1564,1564,1564,1564,1564,1564,1564,1564,1564,1564,1564,1564,1564,1564,1564,1564,1564,1564,1564,1564,1564,1564,1564,1564,1564,1564,1564,1564,1564,1564,1564,1564,1564,1564,1564,1564,1564,1564,1564,1564,1564,1564,1564,1564,1564,1564,1564,1564,1564,1564,1564,1564,1564,1564,1564,1564,1564,1564,1564,1564,1564,1564,1564,1564,1564,1564,1564,1564,1564,1564,1564,1564,1564,1564,1564,1564,1564,1564,1564,1564,1564,1564,1564,1564,1564,1564,1564,1564,1564,1564,1564,1564,1564,1564,1564,1564,
55272,55400,55408,55408,55656,55688,55912,55912,55952,55960,55960,55960,55960,55964,55964,55964,55964,55964,55964,55996,56004,56004,56004,56004,56004,56004,56004,56004,56012,56012,56012,56012,56012,56012,56012,56012,56012,56012,56012,56012,56204,56260,56268,56268,56268,56268,56268,56268,56268,56268,56268,56268,56268,56268,56268,56268,56268,56268,56268,56268,56268,56268,56268,56268,56268,56268,56268,56268,56268,56268,56268,56268,56268,56268,56268,56268,56268,56268,56268,56268,56268,56268,56268,56268,56268,56324,56324,56324,56324,56324,56324,56388,56388,56388,56388,56388,56388,56388,56388,56388,56388,56388,56388,56388,56388,56388,56388,56388,56388,56388,56388,56388,56388,56388,56388,56388,56388,56388,56388,56388,56388,56388,56388,56388,56388,56388,56388,56388,56388,56388,56388,56388,56388,56388,56388,56388,56388,56388,56388,56388,56388,56388,56388,56388,56388,56388,56388,56388,56388,56388,56388,56388,56388,56388,56388,56388,56388,56388,56388,56388,56388,56388,56388,56388,56388,56388,56388,56388,56388,56388,56388,56388,56388,56388,56388,56388,56388,56388,56388,56388,56388,56388,56388,56388,56388,56388,56388,56388,56388,56388,56388,56388,56388,56388,56388,56388,56388,56388,56388,56388,56388,
0.734375,0.738281,0.739258,0.739258,0.742188,0.744141,0.746094,0.746094,0.749023,0.750000,0.750000,0.750000,0.750000,0.750977,0.750977,0.750977,0.750977,0.750977,0.750977,0.754883,0.755859,0.755859,0.755859,0.755859,0.755859,0.755859,0.755859,0.755859,0.756836,0.756836,0.756836,0.756836,0.756836,0.756836,0.756836,0.756836,0.756836,0.756836,0.756836,0.756836,0.758789,0.759766,0.760742,0.760742,0.760742,0.760742,0.760742,0.760742,0.760742,0.760742,0.760742,0.760742,0.760742,0.760742,0.760742,0.760742,0.760742,0.760742,0.760742,0.760742,0.760742,0.760742,0.760742,0.760742,0.760742,0.760742,0.760742,0.760742,0.760742,0.760742,0.760742,0.760742,0.760742,0.760742,0.760742,0.760742,0.760742,0.760742,0.760742,0.760742,0.760742,0.760742,0.760742,0.760742,0.760742,0.761719,0.761719,0.761719,0.761719,0.761719,0.761719,0.763672,0.763672,0.763672,0.763672,0.763672,0.763672,0.763672,0.763672,0.763672,0.763672,0.763672,0.763672,0.763672,0.763672,0.763672,0.763672,0.763672,0.763672,0.763672,0.763672,0.763672,0.763672,0.763672,0.763672,0.763672,0.763672,0.763672,0.763672,0.763672,0.763672,0.763672,0.763672,0.763672,0.763672,0.763672,0.763672,0.763672,0.763672,0.763672,0.763672,0.763672,0.763672,0.763672,0.763672,0.763672,0.763672,0.763672,0.763672,0.763672,0.763672,0.763672,0.763672,0.763672,0.763672,0.763672,0.763672,0.763672,0.763672,0.763672,0.763672,0.763672,0.763672,0.763672,0.763672,0.763672,0.763672,0.763672,0.763672,0.763672,0.763672,0.763672,0.763672,0.763672,0.763672,0.763672,0.763672,0.763672,0.763672,0.763672,0.763672,0.763672,0.763672,0.763672,0.763672,0.763672,0.763672,0.763672,0.763672,0.763672,0.763672,0.763672,0.763672,0.763672,0.763672,0.763672,0.763672,0.763672,0.763672,0.763672,0.763672,0.763672,0.763672,0.763672,0.763672,0.763672,0.763672,0.763672,0.763672,0.763672,0.763672,
0.843384,0.845337,0.845459,0.845459,0.849243,0.849731,0.853149,0.853149,0.853760,0.853882,0.853882,0.853882,0.853882,0.853943,0.853943,0.853943,0.853943,0.853943,0.853943,0.854431,0.854553,0.854553,0.854553,0.854553,0.854553,0.854553,0.854553,0.854553,0.854675,0.854675,0.854675,0.854675,0.854675,0.854675,0.854675,0.854675,0.854675,0.854675,0.854675,0.854675,0.857605,0.858459,0.858582,0.858582,0.858582,0.858582,0.858582,0.858582,0.858582,0.858582,0.858582,0.858582,0.858582,0.858582,0.858582,0.858582,0.858582,0.858582,0.858582,0.858582,0.858582,0.858582,0.858582,0.858582,0.858582,0.858582,0.858582,0.858582,0.858582,0.858582,0.858582,0.858582,0.858582,0.858582,0.858582,0.858582,0.858582,0.858582,0.858582,0.858582,0.858582,0.858582,0.858582,0.858582,0.858582,0.859436,0.859436,0.859436,0.859436,0.859436,0.859436,0.860413,0.860413,0.860413,0.860413,0.860413,0.860413,0.860413,0.860413,0.860413,0.860413,0.860413,0.860413,0.860413,0.860413,0.860413,0.860413,0.860413,0.860413,0.860413,0.860413,0.860413,0.860413,0.860413,0.860413,0.860413,0.860413,0.860413,0.860413,0.860413,0.860413,0.860413,0.860413,0.860413,0.860413,0.860413,0.860413,0.860413,0.860413,0.860413,0.860413,0.860413,0.860413,0.860413,0.860413,0.860413,0.860413,0.860413,0.860413,0.860413,0.860413,0.860413,0.860413,0.860413,0.860413,0.860413,0.860413,0.860413,0.860413,0.860413,0.860413,0.860413,0.860413,0.860413,0.860413,0.860413,0.860413,0.860413,0.860413,0.860413,0.860413,0.860413,0.860413,0.860413,0.860413,0.860413,0.860413,0.860413,0.860413,0.860413,0.860413,0.860413,0.860413,0.860413,0.860413,0.860413,0.860413,0.860413,0.860413,0.860413,0.860413,0.860413,0.860413,0.860413,0.860413,0.860413,0.860413,0.860413,0.860413,0.860413,0.860413,0.860413,0.860413,0.860413,0.860413,0.860413,0.860413,0.860413,0.860413,0.860413,0.860413,
