kBasicLog: 1
kBreedEdges: 1
kBreedGates: 1
kBreedSample: 4
kBreedType: 0
kChildren: 100
kEvaluations: 20000
kGens: 100
kLegalGateTypes: 1
kLog: 1
kLogIter: 1
kMaxGenStagnation: 300
kMessUp: 0
kMutatePercent: 1
kMutationMode: 1
kMutations: 6
kPruneOrphans: 1
kSaveDotGraphs: 1
kSeed: 0
kThreads: 4
kThreshold: 1000
kTruthWeight: 1
columns: 13
rows: 5,5,5,5,5,5,5,5,5,5,5,5,4
goal_correct_count: 256
goal_total_count: 2048
goal_total_weighted_count: 65536
~
gates_used: 40
total_count: 1617
total_weighted_count: 0
percent: 0.789551
weighted_percent: 0.000000
evaluations: 20100
~
1436,1448,1470,1478,1482,1506,1510,1538,1538,1538,1538,1548,1552,1579,1582,1584,1589,1594,1594,1594,1596,1598,1600,1600,1600,1600,1603,1606,1607,1607,1607,1607,1609,1609,1609,1609,1609,1609,1609,1609,1609,1609,1609,1609,1609,1609,1611,1611,1611,1611,1611,1611,1611,1611,1611,1611,1611,1611,1611,1611,1611,1611,1611,1611,1611,1611,1611,1611,1611,1611,1615,1615,1615,1615,1615,1615,1617,1617,1617,1617,1617,1617,1617,1617,1617,1617,1617,1617,1617,1617,1617,1617,1617,1617,1617,1617,1617,1617,1617,1617,1617,1617,1617,1617,1617,1617,1617,1617,1617,1617,1617,1617,1617,1617,1617,1617,1617,1617,1617,1617,1617,1617,1617,1617,1617,1617,1617,1617,1617,1617,1617,1617,1617,1617,1617,1617,1617,1617,1617,1617,1617,1617,1617,1617,1617,1617,1617,1617,1617,1617,1617,1617,1617,1617,1617,1617,1617,1617,1617,1617,1617,1617,1617,1617,1617,1617,1617,1617,1617,1617,1617,1617,1617,1617,1617,1617,1617,1617,1617,1617,1617,1617,1617,1617,1617,1617,1617,1617,1617,1617,1617,1617,1617,1617,1617,1617,1617,1617,1617,1617,1617,
45932,45956,47366,47404,47414,50486,52008,56228,56228,56228,56228,56520,56528,56780,56828,56832,57040,57120,57120,57120,57136,57152,57154,57154,57154,57154,57250,57346,57362,57362,57362,57362,57426,57426,57426,57426,57426,57426,57426,57426,57426,57426,57426,57426,57426,57426,57430,57430,57430,57430,57430,57430,57430,57430,57430,57430,57430,57430,57430,57430,57430,57430,57430,57430,57430,57430,57430,57430,57430,57430,57434,57434,57434,57434,57434,57434,57436,57436,57436,57436,57436,57436,57436,57436,57436,57436,57436,57436,57436,57436,57436,57436,57436,57436,57436,57436,57436,57436,57436,57436,57436,57436,57436,57436,57436,57436,57436,57436,57436,57436,57436,57436,57436,57436,57436,57436,57436,57436,57436,57436,57436,57436,57436,57436,57436,57436,57436,57436,57436,57436,57436,57436,57436,57436,57436,57436,57436,57436,57436,57436,57436,57436,57436,57436,57436,57436,57436,57436,57436,57436,57436,57436,57436,57436,57436,57436,57436,57436,57436,57436,57436,57436,57436,57436,57436,57436,57436,57436,57436,57436,57436,57436,57436,57436,57436,57436,57436,57436,57436,57436,57436,57436,57436,57436,57436,57436,57436,57436,57436,57436,57436,57436,57436,57436,57436,57436,57436,57436,57436,57436,57436,
0.701172,0.707031,0.717773,0.721680,0.723633,0.735352,0.737305,0.750977,0.750977,0.750977,0.750977,0.755859,0.757812,0.770996,0.772461,0.773438,0.775879,0.778320,0.778320,0.778320,0.779297,0.780273,0.781250,0.781250,0.781250,0.781250,0.782715,0.784180,0.784668,0.784668,0.784668,0.784668,0.785645,0.785645,0.785645,0.785645,0.785645,0.785645,0.785645,0.785645,0.785645,0.785645,0.785645,0.785645,0.785645,0.785645,0.786621,0.786621,0.786621,0.786621,0.786621,0.786621,0.786621,0.786621,0.786621,0.786621,0.786621,0.786621,0.786621,0.786621,0.786621,0.786621,0.786621,0.786621,0.786621,0.786621,0.786621,0.786621,0.786621,0.786621,0.788574,0.788574,0.788574,0.788574,0.788574,0.788574,0.789551,0.789551,0.789551,0.789551,0.789551,0.789551,0.789551,0.789551,0.789551,0.789551,0.789551,0.789551,0.789551,0.789551,0.789551,0.789551,0.789551,0.789551,0.789551,0.789551,0.789551,0.789551,0.789551,0.789551,0.789551,0.789551,0.789551,0.789551,0.789551,0.789551,0.789551,0.789551,0.789551,0.789551,0.789551,0.789551,0.789551,0.789551,0.789551,0.789551,0.789551,0.789551,0.789551,0.789551,0.789551,0.789551,0.789551,0.789551,0.789551,0.789551,0.789551,0.789551,0.789551,0.789551,0.789551,0.789551,0.789551,0.789551,0.789551,0.789551,0.789551,0.789551,0.789551,0.789551,0.789551,0.789551,0.789551,0.789551,0.789551,0.789551,0.789551,0.789551,0.789551,0.789551,0.789551,0.789551,0.789551,0.789551,0.789551,0.789551,0.789551,0.789551,0.789551,0.789551,0.789551,0.789551,0.789551,0.789551,0.789551,0.789551,0.789551,0.789551,0.789551,0.789551,0.789551,0.789551,0.789551,0.789551,0.789551,0.789551,0.789551,0.789551,0.789551,0.789551,0.789551,0.789551,0.789551,0.789551,0.789551,0.789551,0.789551,0.789551,0.789551,0.789551,0.789551,0.789551,0.789551,0.789551,0.789551,0.789551,0.789551,0.789551,0.789551,0.789551,0.789551,
0.700867,0.701233,0.722748,0.723328,0.723480,0.770355,0.793579,0.857971,0.857971,0.857971,0.857971,0.862427,0.862549,0.866394,0.867126,0.867188,0.870361,0.871582,0.871582,0.871582,0.871826,0.872070,0.872101,0.872101,0.872101,0.872101,0.873566,0.875031,0.875275,0.875275,0.875275,0.875275,0.876251,0.876251,0.876251,0.876251,0.876251,0.876251,0.876251,0.876251,0.876251,0.876251,0.876251,0.876251,0.876251,0.876251,0.876312,0.876312,0.876312,0.876312,0.876312,0.876312,0.876312,0.876312,0.876312,0.876312,0.876312,0.876312,0.876312,0.876312,0.876312,0.876312,0.876312,0.876312,0.876312,0.876312,0.876312,0.876312,0.876312,0.876312,0.876373,0.876373,0.876373,0.876373,0.876373,0.876373,0.876404,0.876404,0.876404,0.876404,0.876404,0.876404,0.876404,0.876404,0.876404,0.876404,0.876404,0.876404,0.876404,0.876404,0.876404,0.876404,0.876404,0.876404,0.876404,0.876404,0.876404,0.876404,0.876404,0.876404,0.876404,0.876404,0.876404,0.876404,0.876404,0.876404,0.876404,0.876404,0.876404,0.876404,0.876404,0.876404,0.876404,0.876404,0.876404,0.876404,0.876404,0.876404,0.876404,0.876404,0.876404,0.876404,0.876404,0.876404,0.876404,0.876404,0.876404,0.876404,0.876404,0.876404,0.876404,0.876404,0.876404,0.876404,0.876404,0.876404,0.876404,0.876404,0.876404,0.876404,0.876404,0.876404,0.876404,0.876404,0.876404,0.876404,0.876404,0.876404,0.876404,0.876404,0.876404,0.876404,0.876404,0.876404,0.876404,0.876404,0.876404,0.876404,0.876404,0.876404,0.876404,0.876404,0.876404,0.876404,0.876404,0.876404,0.876404,0.876404,0.876404,0.876404,0.876404,0.876404,0.876404,0.876404,0.876404,0.876404,0.876404,0.876404,0.876404,0.876404,0.876404,0.876404,0.876404,0.876404,0.876404,0.876404,0.876404,0.876404,0.876404,0.876404,0.876404,0.876404,0.876404,0.876404,0.876404,0.876404,0.876404,0.876404,0.876404,0.876404,0.876404,
