kBasicLog: 1
kBreedEdges: 1
kBreedGates: 1
kBreedSample: 4
kBreedType: 0
kChildren: 100
kEvaluations: 20000
kGens: 100
kLegalGateTypes: 1
kLog: 1
kLogIter: 9
kMaxGenStagnation: 300
kMessUp: 0
kMutatePercent: 1
kMutationMode: 1
kMutations: 6
kPruneOrphans: 1
kSaveDotGraphs: 1
kSeed: 0
kThreads: 4
kThreshold: 1000
kTruthWeight: 1
columns: 13
rows: 5,5,5,5,5,5,5,5,5,5,5,5,4
goal_correct_count: 256
goal_total_count: 2048
goal_total_weighted_count: 65536
~
gates_used: 32
total_count: 1610
total_weighted_count: 0
percent: 0.786133
weighted_percent: 0.000000
evaluations: 20100
~
1406,1414,1436,1446,1462,1470,1476,1480,1496,1496,1500,1500,1514,1522,1522,1528,1528,1532,1532,1532,1536,1536,1546,1548,1550,1552,1552,1556,1556,1556,1556,1556,1556,1558,1560,1562,1562,1564,1564,1564,1564,1564,1564,1570,1570,1576,1576,1576,1576,1576,1576,1576,1578,1578,1578,1578,1578,1578,1578,1578,1578,1578,1578,1578,1578,1578,1580,1580,1580,1580,1588,1592,1594,1594,1594,1594,1594,1594,1594,1594,1594,1594,1594,1594,1594,1594,1594,1594,1594,1594,1594,1594,1594,1594,1594,1594,1594,1594,1594,1594,1594,1594,1594,1594,1594,1594,1594,1594,1602,1602,1602,1602,1602,1602,1602,1610,1610,1610,1610,1610,1610,1610,1610,1610,1610,1610,1610,1610,1610,1610,1610,1610,1610,1610,1610,1610,1610,1610,1610,1610,1610,1610,1610,1610,1610,1610,1610,1610,1610,1610,1610,1610,1610,1610,1610,1610,1610,1610,1610,1610,1610,1610,1610,1610,1610,1610,1610,1610,1610,1610,1610,1610,1610,1610,1610,1610,1610,1610,1610,1610,1610,1610,1610,1610,1610,1610,1610,1610,1610,1610,1610,1610,1610,1610,1610,1610,1610,1610,1610,1610,1610,
45308,45580,45692,46592,48640,49664,50208,50352,52400,52400,52464,52464,53892,54404,54404,54444,54444,54452,54452,54452,54468,54468,56480,56484,56500,56516,56516,56548,56548,56548,56548,56548,56548,56556,56560,56568,56568,56576,56576,56576,56576,56576,56576,57552,57552,57612,57612,57612,57612,57612,57612,57612,57616,57616,57616,57616,57616,57616,57616,57616,57616,57616,57616,57616,57616,57616,57620,57620,57620,57620,57636,57668,57672,57672,57672,57672,57672,57672,57672,57672,57672,57672,57672,57672,57672,57672,57672,57672,57672,57672,57672,57672,57672,57672,57672,57672,57672,57672,57672,57672,57672,57672,57672,57672,57672,57672,57672,57672,57680,57680,57680,57680,57680,57680,57680,57688,57688,57688,57688,57688,57688,57688,57688,57688,57688,57688,57688,57688,57688,57688,57688,57688,57688,57688,57688,57688,57688,57688,57688,57688,57688,57688,57688,57688,57688,57688,57688,57688,57688,57688,57688,57688,57688,57688,57688,57688,57688,57688,57688,57688,57688,57688,57688,57688,57688,57688,57688,57688,57688,57688,57688,57688,57688,57688,57688,57688,57688,57688,57688,57688,57688,57688,57688,57688,57688,57688,57688,57688,57688,57688,57688,57688,57688,57688,57688,57688,57688,57688,57688,57688,57688,
0.686523,0.690430,0.701172,0.706055,0.713867,0.717773,0.720703,0.722656,0.730469,0.730469,0.732422,0.732422,0.739258,0.743164,0.743164,0.746094,0.746094,0.748047,0.748047,0.748047,0.750000,0.750000,0.754883,0.755859,0.756836,0.757812,0.757812,0.759766,0.759766,0.759766,0.759766,0.759766,0.759766,0.760742,0.761719,0.762695,0.762695,0.763672,0.763672,0.763672,0.763672,0.763672,0.763672,0.766602,0.766602,0.769531,0.769531,0.769531,0.769531,0.769531,0.769531,0.769531,0.770508,0.770508,0.770508,0.770508,0.770508,0.770508,0.770508,0.770508,0.770508,0.770508,0.770508,0.770508,0.770508,0.770508,0.771484,0.771484,0.771484,0.771484,0.775391,0.777344,0.778320,0.778320,0.778320,0.778320,0.778320,0.778320,0.778320,0.778320,0.778320,0.778320,0.778320,0.778320,0.778320,0.778320,0.778320,0.778320,0.778320,0.778320,0.778320,0.778320,0.778320,0.778320,0.778320,0.778320,0.778320,0.778320,0.778320,0.778320,0.778320,0.778320,0.778320,0.778320,0.778320,0.778320,0.778320,0.778320,0.782227,0.782227,0.782227,0.782227,0.782227,0.782227,0.782227,0.786133,0.786133,0.786133,0.786133,0.786133,0.786133,0.786133,0.786133,0.786133,0.786133,0.786133,0.786133,0.786133,0.786133,0.786133,0.786133,0.786133,0.786133,0.786133,0.786133,0.786133,0.786133,0.786133,0.786133,0.786133,0.786133,0.786133,0.786133,0.786133,0.786133,0.786133,0.786133,0.786133,0.786133,0.786133,0.786133,0.786133,0.786133,0.786133,0.786133,0.786133,0.786133,0.786133,0.786133,0.786133,0.786133,0.786133,0.786133,0.786133,0.786133,0.786133,0.786133,0.786133,0.786133,0.786133,0.786133,0.786133,0.786133,0.786133,0.786133,0.786133,0.786133,0.786133,0.786133,0.786133,0.786133,0.786133,0.786133,0.786133,0.786133,0.786133,0.786133,0.786133,0.786133,0.786133,0.786133,0.786133,0.786133,0.786133,0.786133,0.786133,0.786133,0.786133,0.786133,0.786133,0.786133,
0.691345,0.695496,0.697205,0.710938,0.742188,0.757812,0.766113,0.768311,0.799561,0.799561,0.800537,0.800537,0.822327,0.830139,0.830139,0.830750,0.830750,0.830872,0.830872,0.830872,0.831116,0.831116,0.861816,0.861877,0.862122,0.862366,0.862366,0.862854,0.862854,0.862854,0.862854,0.862854,0.862854,0.862976,0.863037,0.863159,0.863159,0.863281,0.863281,0.863281,0.863281,0.863281,0.863281,0.878174,0.878174,0.879089,0.879089,0.879089,0.879089,0.879089,0.879089,0.879089,0.879150,0.879150,0.879150,0.879150,0.879150,0.879150,0.879150,0.879150,0.879150,0.879150,0.879150,0.879150,0.879150,0.879150,0.879211,0.879211,0.879211,0.879211,0.879456,0.879944,0.880005,0.880005,0.880005,0.880005,0.880005,0.880005,0.880005,0.880005,0.880005,0.880005,0.880005,0.880005,0.880005,0.880005,0.880005,0.880005,0.880005,0.880005,0.880005,0.880005,0.880005,0.880005,0.880005,0.880005,0.880005,0.880005,0.880005,0.880005,0.880005,0.880005,0.880005,0.880005,0.880005,0.880005,0.880005,0.880005,0.880127,0.880127,0.880127,0.880127,0.880127,0.880127,0.880127,0.880249,0.880249,0.880249,0.880249,0.880249,0.880249,0.880249,0.880249,0.880249,0.880249,0.880249,0.880249,0.880249,0.880249,0.880249,0.880249,0.880249,0.880249,0.880249,0.880249,0.880249,0.880249,0.880249,0.880249,0.880249,0.880249,0.880249,0.880249,0.880249,0.880249,0.880249,0.880249,0.880249,0.880249,0.880249,0.880249,0.880249,0.880249,0.880249,0.880249,0.880249,0.880249,0.880249,0.880249,0.880249,0.880249,0.880249,0.880249,0.880249,0.880249,0.880249,0.880249,0.880249,0.880249,0.880249,0.880249,0.880249,0.880249,0.880249,0.880249,0.880249,0.880249,0.880249,0.880249,0.880249,0.880249,0.880249,0.880249,0.880249,0.880249,0.880249,0.880249,0.880249,0.880249,0.880249,0.880249,0.880249,0.880249,0.880249,0.880249,0.880249,0.880249,0.880249,0.880249,0.880249,0.880249,
