kBasicLog: 1
kBreedEdges: 1
kBreedGates: 1
kBreedSample: 4
kBreedType: 0
kChildren: 100
kEvaluations: 50000
kGens: 100
kLegalGateTypes: 1
kLog: 1
kLogIter: 0
kMaxGenStagnation: 300
kMessUp: 0
kMutatePercent: 5
kMutationMode: 1
kMutations: 16
kPruneOrphans: 1
kSaveDotGraphs: 1
kSeed: 0
kThreads: 4
kThreshold: 1000
kTruthWeight: 1
columns: 13
rows: 5,5,5,5,5,5,5,5,5,5,5,5,4
goal_correct_count: 256
goal_total_count: 2048
goal_total_weighted_count: 65536
~
gates_used: 42
total_count: 1666
total_weighted_count: 0
percent: 0.813477
weighted_percent: 0.000000
evaluations: 50100
~
1466,1500,1510,1532,1544,1544,1544,1580,1588,1596,1606,1606,1606,1606,1606,1606,1618,1618,1618,1626,1626,1626,1626,1626,1626,1626,1626,1626,1626,1626,1626,1626,1626,1626,1626,1626,1630,1630,1630,1630,1630,1632,1632,1632,1632,1634,1634,1634,1636,1638,1638,1638,1638,1638,1638,1638,1638,1638,1638,1638,1642,1642,1642,1642,1642,1644,1644,1644,1644,1644,1646,1646,1646,1646,1646,1646,1646,1646,1646,1646,1646,1646,1646,1646,1646,1646,1646,1646,1646,1646,1646,1646,1646,1646,1646,1646,1646,1646,1646,1646,1646,1646,1646,1646,1646,1646,1646,1646,1646,1646,1646,1646,1646,1646,1646,1646,1646,1646,1646,1646,1646,1646,1646,1646,1646,1650,1650,1650,1650,1650,1650,1650,1650,1650,1650,1650,1650,1650,1650,1650,1650,1650,1650,1650,1650,1650,1650,1650,1650,1650,1650,1650,1650,1650,1650,1654,1654,1654,1654,1654,1654,1654,1654,1654,1654,1654,1658,1662,1662,1662,1662,1662,1662,1662,1662,1662,1662,1662,1662,1662,1662,1662,1662,1662,1662,1662,1662,1662,1662,1662,1662,1662,1662,1662,1662,1662,1662,1662,1662,1662,1662,1662,1662,1662,1662,1662,1662,1662,1662,1662,1662,1662,1662,1662,1662,1662,1662,1662,1662,1662,1662,1662,1662,1662,1662,1662,1662,1662,1662,1662,1662,1662,1662,1662,1662,1662,1662,1662,1662,1662,1662,1662,1662,1662,1662,1662,1662,1662,1662,1662,1662,1662,1662,1662,1662,1662,1662,1662,1662,1662,1662,1662,1662,1662,1662,1662,1662,1662,1662,1662,1662,1662,1662,1662,1662,1662,1662,1662,1662,1662,1662,1662,1662,1662,1662,1662,1662,1662,1662,1662,1662,1662,1662,1662,1662,1662,1662,1662,1662,1662,1662,1662,1662,1662,1662,1662,1662,1662,1662,1662,1662,1662,1662,1662,1662,1662,1662,1662,1664,1664,1664,1664,1664,1664,1664,1664,1664,1664,1664,1664,1664,1664,1664,1664,1664,1664,1664,1664,1664,1664,1664,1664,1664,1664,1664,1664,1664,1664,1664,1664,1664,1664,1664,1664,1664,1664,1664,1664,1664,1664,1664,1664,1664,1664,1664,1664,1664,1664,1664,1664,1664,1664,1664,1664,1664,1664,1664,1664,1664,1664,1664,1664,1664,1664,1664,1664,1664,1664,1664,1664,1664,1664,1664,1664,1664,1664,1664,1664,1664,1664,1664,1664,1664,1664,1664,1664,1664,1664,1664,1664,1664,1664,1664,1664,1664,1664,1664,1664,1664,1664,1664,1664,1664,1664,1664,1664,1664,1664,1664,1664,1664,1664,1664,1664,1664,1664,1664,1664,1664,1664,1664,1664,1664,1664,1664,1664,1664,1664,1664,1664,1664,1664,1664,1664,1664,1664,1664,1664,1664,1664,1664,1664,1664,1664,1664,1664,1664,1664,1664,1664,1664,1664,1664,1664,1664,1664,1664,1664,1664,1664,1664,1664,1664,1664,1664,1664,1664,1664,1664,1664,1664,1664,1664,1664,1664,1664,1664,1664,1664,1666,1666,
53276,55332,56286,56340,56412,56412,56412,57436,58412,58924,58964,58964,58964,58964,58964,58964,59484,59484,59484,59548,59548,59548,59548,59548,59548,59548,59548,59548,59548,59548,59548,59548,59548,59548,59548,59548,59612,59612,59612,59612,59612,59644,59644,59644,59644,60508,60508,60508,60598,60600,60600,60600,60600,60600,60600,60600,60600,60600,60600,60600,60632,60632,60632,60632,60632,60664,60664,60664,60664,60664,60694,60694,60694,60694,60694,60694,60694,60694,60694,60694,60694,60694,60694,60694,60694,60694,60694,60694,60694,60694,60694,60694,60694,60694,60694,60694,60694,60694,60694,60694,60694,60694,60694,60694,60694,60694,60694,60694,60694,60694,60694,60694,60694,60694,60694,60694,60694,60694,60694,60694,60694,60694,60694,60694,60694,60758,60758,60758,60758,60758,60758,60758,60758,60758,60758,60758,60758,60758,60758,60758,60758,60758,60758,60758,60758,60758,60758,60758,60758,60758,60758,60758,60758,60758,60758,60822,60822,60822,60822,60822,60822,60822,60822,60822,60822,60822,60828,60892,60892,60892,60892,60892,60892,60892,60892,60892,60892,60892,60892,60892,60892,60892,60892,60892,60892,60892,60892,60892,60892,60892,60892,60892,60892,60892,60892,60892,60892,60892,60892,60892,60892,60892,60892,60892,60892,60892,60892,60892,60892,60892,60892,60892,60892,60892,60892,60892,60892,60892,60892,60892,60892,60892,60892,60892,60892,60892,60892,60892,60892,60892,60892,60892,60892,60892,60892,60892,60892,60892,60892,60892,60892,60892,60892,60892,60892,60892,60892,60892,60892,60892,60892,60892,60892,60892,60892,60892,60892,60892,60892,60892,60892,60892,60892,60892,60892,60892,60892,60892,60892,60892,60892,60892,60892,60892,60892,60892,60892,60892,60892,60892,60892,60892,60892,60892,60892,60892,60892,60892,60892,60892,60892,60892,60892,60892,60892,60892,60892,60892,60892,60892,60892,60892,60892,60892,60892,60892,60892,60892,60892,60892,60892,60892,60892,60892,60892,60892,60892,60892,60916,60916,60916,60916,60916,60916,60916,60916,60916,60916,60916,60916,60916,60916,60916,60916,60916,60916,60916,60916,60916,60916,60916,60916,60916,60916,60916,60916,60916,60916,60916,60916,60916,60916,60916,60916,60916,60916,60916,60916,60916,60916,60916,60916,60916,60916,60916,60916,60916,60916,60916,60916,60916,60916,60916,60916,60916,60916,60916,60916,60916,60916,60916,60916,60916,60916,60916,60916,60916,60916,60916,60916,60916,60916,60916,60916,60916,60916,60916,60916,60916,60916,60916,60916,60916,60916,60916,60916,60916,60916,60916,60916,60916,60916,60916,60916,60916,60916,60916,60916,60916,60916,60916,60916,60916,60916,60916,60916,60916,60916,60916,60916,60916,60916,60916,60916,60916,60916,60916,60916,60916,60916,60916,60916,60916,60916,60916,60916,60916,60916,60916,60916,60916,60916,60916,60916,60916,60916,60916,60916,60916,60916,60916,60916,60916,60916,60916,60916,60916,60916,60916,60916,60916,60916,60916,60916,60916,60916,60916,60916,60916,60916,60916,60916,60916,60916,60916,60916,60916,60916,60916,60916,60916,60916,60916,60916,60916,60916,60916,60916,60916,60948,60948,
0.715820,0.732422,0.737305,0.748047,0.753906,0.753906,0.753906,0.771484,0.775391,0.779297,0.784180,0.784180,0.784180,0.784180,0.784180,0.784180,0.790039,0.790039,0.790039,0.793945,0.793945,0.793945,0.793945,0.793945,0.793945,0.793945,0.793945,0.793945,0.793945,0.793945,0.793945,0.793945,0.793945,0.793945,0.793945,0.793945,0.795898,0.795898,0.795898,0.795898,0.795898,0.796875,0.796875,0.796875,0.796875,0.797852,0.797852,0.797852,0.798828,0.799805,0.799805,0.799805,0.799805,0.799805,0.799805,0.799805,0.799805,0.799805,0.799805,0.799805,0.801758,0.801758,0.801758,0.801758,0.801758,0.802734,0.802734,0.802734,0.802734,0.802734,0.803711,0.803711,0.803711,0.803711,0.803711,0.803711,0.803711,0.803711,0.803711,0.803711,0.803711,0.803711,0.803711,0.803711,0.803711,0.803711,0.803711,0.803711,0.803711,0.803711,0.803711,0.803711,0.803711,0.803711,0.803711,0.803711,0.803711,0.803711,0.803711,0.803711,0.803711,0.803711,0.803711,0.803711,0.803711,0.803711,0.803711,0.803711,0.803711,0.803711,0.803711,0.803711,0.803711,0.803711,0.803711,0.803711,0.803711,0.803711,0.803711,0.803711,0.803711,0.803711,0.803711,0.803711,0.803711,0.805664,0.805664,0.805664,0.805664,0.805664,0.805664,0.805664,0.805664,0.805664,0.805664,0.805664,0.805664,0.805664,0.805664,0.805664,0.805664,0.805664,0.805664,0.805664,0.805664,0.805664,0.805664,0.805664,0.805664,0.805664,0.805664,0.805664,0.805664,0.805664,0.805664,0.807617,0.807617,0.807617,0.807617,0.807617,0.807617,0.807617,0.807617,0.807617,0.807617,0.807617,0.809570,0.811523,0.811523,0.811523,0.811523,0.811523,0.811523,0.811523,0.811523,0.811523,0.811523,0.811523,0.811523,0.811523,0.811523,0.811523,0.811523,0.811523,0.811523,0.811523,0.811523,0.811523,0.811523,0.811523,0.811523,0.811523,0.811523,0.811523,0.811523,0.811523,0.811523,0.811523,0.811523,0.811523,0.811523,0.811523,0.811523,0.811523,0.811523,0.811523,0.811523,0.811523,0.811523,0.811523,0.811523,0.811523,0.811523,0.811523,0.811523,0.811523,0.811523,0.811523,0.811523,0.811523,0.811523,0.811523,0.811523,0.811523,0.811523,0.811523,0.811523,0.811523,0.811523,0.811523,0.811523,0.811523,0.811523,0.811523,0.811523,0.811523,0.811523,0.811523,0.811523,0.811523,0.811523,0.811523,0.811523,0.811523,0.811523,0.811523,0.811523,0.811523,0.811523,0.811523,0.811523,0.811523,0.811523,0.811523,0.811523,0.811523,0.811523,0.811523,0.811523,0.811523,0.811523,0.811523,0.811523,0.811523,0.811523,0.811523,0.811523,0.811523,0.811523,0.811523,0.811523,0.811523,0.811523,0.811523,0.811523,0.811523,0.811523,0.811523,0.811523,0.811523,0.811523,0.811523,0.811523,0.811523,0.811523,0.811523,0.811523,0.811523,0.811523,0.811523,0.811523,0.811523,0.811523,0.811523,0.811523,0.811523,0.811523,0.811523,0.811523,0.811523,0.811523,0.811523,0.811523,0.811523,0.811523,0.811523,0.811523,0.811523,0.811523,0.811523,0.811523,0.811523,0.811523,0.811523,0.811523,0.811523,0.811523,0.811523,0.812500,0.812500,0.812500,0.812500,0.812500,0.812500,0.812500,0.812500,0.812500,0.812500,0.812500,0.812500,0.812500,0.812500,0.812500,0.812500,0.812500,0.812500,0.812500,0.812500,0.812500,0.812500,0.812500,0.812500,0.812500,0.812500,0.812500,0.812500,0.812500,0.812500,0.812500,0.812500,0.812500,0.812500,0.812500,0.812500,0.812500,0.812500,0.812500,0.812500,0.812500,0.812500,0.812500,0.812500,0.812500,0.812500,0.812500,0.812500,0.812500,0.812500,0.812500,0.812500,0.812500,0.812500,0.812500,0.812500,0.812500,0.812500,0.812500,0.812500,0.812500,0.812500,0.812500,0.812500,0.812500,0.812500,0.812500,0.812500,0.812500,0.812500,0.812500,0.812500,0.812500,0.812500,0.812500,0.812500,0.812500,0.812500,0.812500,0.812500,0.812500,0.812500,0.812500,0.812500,0.812500,0.812500,0.812500,0.812500,0.812500,0.812500,0.812500,0.812500,0.812500,0.812500,0.812500,0.812500,0.812500,0.812500,0.812500,0.812500,0.812500,0.812500,0.812500,0.812500,0.812500,0.812500,0.812500,0.812500,0.812500,0.812500,0.812500,0.812500,0.812500,0.812500,0.812500,0.812500,0.812500,0.812500,0.812500,0.812500,0.812500,0.812500,0.812500,0.812500,0.812500,0.812500,0.812500,0.812500,0.812500,0.812500,0.812500,0.812500,0.812500,0.812500,0.812500,0.812500,0.812500,0.812500,0.812500,0.812500,0.812500,0.812500,0.812500,0.812500,0.812500,0.812500,0.812500,0.812500,0.812500,0.812500,0.812500,0.812500,0.812500,0.812500,0.812500,0.812500,0.812500,0.812500,0.812500,0.812500,0.812500,0.812500,0.812500,0.812500,0.812500,0.812500,0.812500,0.812500,0.812500,0.812500,0.812500,0.812500,0.812500,0.812500,0.812500,0.812500,0.812500,0.812500,0.812500,0.812500,0.812500,0.813477,0.813477,
0.812927,0.844299,0.858856,0.859680,0.860779,0.860779,0.860779,0.876404,0.891296,0.899109,0.899719,0.899719,0.899719,0.899719,0.899719,0.899719,0.907654,0.907654,0.907654,0.908630,0.908630,0.908630,0.908630,0.908630,0.908630,0.908630,0.908630,0.908630,0.908630,0.908630,0.908630,0.908630,0.908630,0.908630,0.908630,0.908630,0.909607,0.909607,0.909607,0.909607,0.909607,0.910095,0.910095,0.910095,0.910095,0.923279,0.923279,0.923279,0.924652,0.924683,0.924683,0.924683,0.924683,0.924683,0.924683,0.924683,0.924683,0.924683,0.924683,0.924683,0.925171,0.925171,0.925171,0.925171,0.925171,0.925659,0.925659,0.925659,0.925659,0.925659,0.926117,0.926117,0.926117,0.926117,0.926117,0.926117,0.926117,0.926117,0.926117,0.926117,0.926117,0.926117,0.926117,0.926117,0.926117,0.926117,0.926117,0.926117,0.926117,0.926117,0.926117,0.926117,0.926117,0.926117,0.926117,0.926117,0.926117,0.926117,0.926117,0.926117,0.926117,0.926117,0.926117,0.926117,0.926117,0.926117,0.926117,0.926117,0.926117,0.926117,0.926117,0.926117,0.926117,0.926117,0.926117,0.926117,0.926117,0.926117,0.926117,0.926117,0.926117,0.926117,0.926117,0.926117,0.926117,0.927094,0.927094,0.927094,0.927094,0.927094,0.927094,0.927094,0.927094,0.927094,0.927094,0.927094,0.927094,0.927094,0.927094,0.927094,0.927094,0.927094,0.927094,0.927094,0.927094,0.927094,0.927094,0.927094,0.927094,0.927094,0.927094,0.927094,0.927094,0.927094,0.927094,0.928070,0.928070,0.928070,0.928070,0.928070,0.928070,0.928070,0.928070,0.928070,0.928070,0.928070,0.928162,0.929138,0.929138,0.929138,0.929138,0.929138,0.929138,0.929138,0.929138,0.929138,0.929138,0.929138,0.929138,0.929138,0.929138,0.929138,0.929138,0.929138,0.929138,0.929138,0.929138,0.929138,0.929138,0.929138,0.929138,0.929138,0.929138,0.929138,0.929138,0.929138,0.929138,0.929138,0.929138,0.929138,0.929138,0.929138,0.929138,0.929138,0.929138,0.929138,0.929138,0.929138,0.929138,0.929138,0.929138,0.929138,0.929138,0.929138,0.929138,0.929138,0.929138,0.929138,0.929138,0.929138,0.929138,0.929138,0.929138,0.929138,0.929138,0.929138,0.929138,0.929138,0.929138,0.929138,0.929138,0.929138,0.929138,0.929138,0.929138,0.929138,0.929138,0.929138,0.929138,0.929138,0.929138,0.929138,0.929138,0.929138,0.929138,0.929138,0.929138,0.929138,0.929138,0.929138,0.929138,0.929138,0.929138,0.929138,0.929138,0.929138,0.929138,0.929138,0.929138,0.929138,0.929138,0.929138,0.929138,0.929138,0.929138,0.929138,0.929138,0.929138,0.929138,0.929138,0.929138,0.929138,0.929138,0.929138,0.929138,0.929138,0.929138,0.929138,0.929138,0.929138,0.929138,0.929138,0.929138,0.929138,0.929138,0.929138,0.929138,0.929138,0.929138,0.929138,0.929138,0.929138,0.929138,0.929138,0.929138,0.929138,0.929138,0.929138,0.929138,0.929138,0.929138,0.929138,0.929138,0.929138,0.929138,0.929138,0.929138,0.929138,0.929138,0.929138,0.929138,0.929138,0.929138,0.929138,0.929138,0.929138,0.929138,0.929138,0.929504,0.929504,0.929504,0.929504,0.929504,0.929504,0.929504,0.929504,0.929504,0.929504,0.929504,0.929504,0.929504,0.929504,0.929504,0.929504,0.929504,0.929504,0.929504,0.929504,0.929504,0.929504,0.929504,0.929504,0.929504,0.929504,0.929504,0.929504,0.929504,0.929504,0.929504,0.929504,0.929504,0.929504,0.929504,0.929504,0.929504,0.929504,0.929504,0.929504,0.929504,0.929504,0.929504,0.929504,0.929504,0.929504,0.929504,0.929504,0.929504,0.929504,0.929504,0.929504,0.929504,0.929504,0.929504,0.929504,0.929504,0.929504,0.929504,0.929504,0.929504,0.929504,0.929504,0.929504,0.929504,0.929504,0.929504,0.929504,0.929504,0.929504,0.929504,0.929504,0.929504,0.929504,0.929504,0.929504,0.929504,0.929504,0.929504,0.929504,0.929504,0.929504,0.929504,0.929504,0.929504,0.929504,0.929504,0.929504,0.929504,0.929504,0.929504,0.929504,0.929504,0.929504,0.929504,0.929504,0.929504,0.929504,0.929504,0.929504,0.929504,0.929504,0.929504,0.929504,0.929504,0.929504,0.929504,0.929504,0.929504,0.929504,0.929504,0.929504,0.929504,0.929504,0.929504,0.929504,0.929504,0.929504,0.929504,0.929504,0.929504,0.929504,0.929504,0.929504,0.929504,0.929504,0.929504,0.929504,0.929504,0.929504,0.929504,0.929504,0.929504,0.929504,0.929504,0.929504,0.929504,0.929504,0.929504,0.929504,0.929504,0.929504,0.929504,0.929504,0.929504,0.929504,0.929504,0.929504,0.929504,0.929504,0.929504,0.929504,0.929504,0.929504,0.929504,0.929504,0.929504,0.929504,0.929504,0.929504,0.929504,0.929504,0.929504,0.929504,0.929504,0.929504,0.929504,0.929504,0.929504,0.929504,0.929504,0.929504,0.929504,0.929504,0.929504,0.929504,0.929504,0.929504,0.929504,0.929504,0.929504,0.929993,0.929993,
