kBasicLog: 1
kBreedEdges: 1
kBreedGates: 1
kBreedSample: 4
kBreedType: 0
kChildren: 100
kEvaluations: 50000
kGens: 100
kLegalGateTypes: 1
kLog: 1
kLogIter: 2
kMaxGenStagnation: 300
kMessUp: 0
kMutatePercent: 5
kMutationMode: 1
kMutations: 16
kPruneOrphans: 1
kSaveDotGraphs: 1
kSeed: 0
kThreads: 4
kThreshold: 1000
kTruthWeight: 1
columns: 13
rows: 5,5,5,5,5,5,5,5,5,5,5,5,4
goal_correct_count: 256
goal_total_count: 2048
goal_total_weighted_count: 65536
~
gates_used: 28
total_count: 1630
total_weighted_count: 0
percent: 0.795898
weighted_percent: 0.000000
evaluations: 50100
~
1478,1500,1514,1524,1528,1536,1536,1560,1568,1572,1580,1588,1598,1602,1604,1604,1604,1604,1606,1612,1612,1612,1614,1614,1614,1614,1616,1616,1620,1620,1622,1622,1622,1622,1622,1622,1622,1622,1622,1622,1622,1622,1622,1622,1622,1622,1622,1622,1622,1622,1622,1622,1622,1622,1622,1622,1622,1622,1622,1622,1622,1622,1622,1622,1622,1622,1622,1622,1622,1622,1622,1622,1622,1622,1622,1622,1622,1622,1622,1622,1622,1622,1622,1622,1622,1622,1622,1622,1622,1622,1622,1622,1622,1622,1622,1622,1622,1622,1622,1622,1622,1622,1622,1622,1622,1622,1622,1622,1622,1622,1622,1622,1622,1622,1622,1622,1622,1622,1622,1622,1622,1622,1622,1622,1622,1622,1622,1622,1622,1622,1622,1622,1622,1622,1622,1622,1622,1622,1622,1622,1622,1622,1622,1622,1622,1622,1622,1622,1622,1622,1622,1622,1622,1622,1622,1622,1622,1622,1622,1622,1622,1622,1622,1622,1622,1622,1622,1622,1622,1622,1622,1622,1624,1624,1624,1628,1628,1628,1628,1628,1628,1628,1628,1628,1628,1628,1628,1628,1628,1628,1628,1628,1628,1628,1628,1628,1628,1628,1628,1628,1628,1628,1628,1628,1628,1628,1628,1628,1628,1628,1628,1628,1628,1628,1628,1628,1628,1628,1628,1628,1628,1628,1628,1628,1628,1628,1628,1628,1628,1628,1628,1628,1628,1628,1628,1628,1628,1628,1628,1628,1628,1628,1628,1628,1628,1628,1628,1628,1628,1628,1628,1628,1628,1628,1628,1628,1628,1628,1628,1628,1628,1628,1628,1628,1628,1628,1628,1628,1628,1628,1628,1628,1628,1628,1628,1628,1628,1628,1628,1628,1628,1628,1628,1628,1628,1628,1628,1628,1628,1628,1628,1628,1628,1628,1628,1628,1628,1628,1628,1628,1628,1628,1628,1628,1628,1628,1628,1628,1628,1628,1628,1628,1628,1628,1628,1628,1628,1628,1628,1628,1628,1628,1628,1628,1628,1628,1628,1628,1628,1628,1628,1628,1628,1628,1628,1628,1628,1628,1628,1628,1628,1628,1628,1628,1628,1628,1628,1628,1628,1628,1628,1628,1628,1628,1628,1628,1628,1628,1628,1628,1628,1628,1628,1628,1628,1628,1628,1628,1628,1628,1628,1628,1628,1628,1628,1628,1628,1628,1628,1628,1628,1628,1628,1628,1628,1628,1628,1628,1630,1630,1630,1630,1630,1630,1630,1630,1630,1630,1630,1630,1630,1630,1630,1630,1630,1630,1630,1630,1630,1630,1630,1630,1630,1630,1630,1630,1630,1630,1630,1630,1630,1630,1630,1630,1630,1630,1630,1630,1630,1630,1630,1630,1630,1630,1630,1630,1630,1630,1630,1630,1630,1630,1630,1630,1630,1630,1630,1630,1630,1630,1630,1630,1630,1630,1630,1630,1630,1630,1630,1630,1630,1630,1630,1630,1630,1630,1630,1630,1630,1630,1630,1630,1630,1630,1630,1630,1630,1630,1630,1630,1630,1630,1630,1630,1630,1630,1630,1630,1630,1630,1630,1630,1630,1630,1630,1630,1630,1630,1630,1630,1630,
54748,55344,55852,55872,55884,55948,55948,58956,59020,59036,59308,59552,59604,59636,59644,59644,59644,59644,59646,59652,59652,59652,59660,59660,59660,59660,59676,59676,59740,59740,59756,59756,59756,59756,59756,59756,59756,59756,59756,59756,59756,59756,59756,59756,59756,59756,59756,59756,59756,59756,59756,59756,59756,59756,59756,59756,59756,59756,59756,59756,59756,59756,59756,59756,59756,59756,59756,59756,59756,59756,59756,59756,59756,59756,59756,59756,59756,59756,59756,59756,59756,59756,59756,59756,59756,59756,59756,59756,59756,59756,59756,59756,59756,59756,59756,59756,59756,59756,59756,59756,59756,59756,59756,59756,59756,59756,59756,59756,59756,59756,59756,59756,59756,59756,59756,59756,59756,59756,59756,59756,59756,59756,59756,59756,59756,59756,59756,59756,59756,59756,59756,59756,59756,59756,59756,59756,59756,59756,59756,59756,59756,59756,59756,59756,59756,59756,59756,59756,59756,59756,59756,59756,59756,59756,59756,59756,59756,59756,59756,59756,59756,59756,59756,59756,59756,59756,59756,59756,59756,59756,59756,59756,59860,59860,59860,59876,59876,59876,59876,59876,59876,59876,59876,59876,59876,59876,59876,59876,59876,59876,59876,59876,59876,59876,59876,59876,59876,59876,59876,59876,59876,59876,59876,59876,59876,59876,59876,59876,59876,59876,59876,59876,59876,59876,59876,59876,59876,59876,59876,59876,59876,59876,59876,59876,59876,59876,59876,59876,59876,59876,59876,59876,59876,59876,59876,59876,59876,59876,59876,59876,59876,59876,59876,59876,59876,59876,59876,59876,59876,59876,59876,59876,59876,59876,59876,59876,59876,59876,59876,59876,59876,59876,59876,59876,59876,59876,59876,59876,59876,59876,59876,59876,59876,59876,59876,59876,59876,59876,59876,59876,59876,59876,59876,59876,59876,59876,59876,59876,59876,59876,59876,59876,59876,59876,59876,59876,59876,59876,59876,59876,59876,59876,59876,59876,59876,59876,59876,59876,59876,59876,59876,59876,59876,59876,59876,59876,59876,59876,59876,59876,59876,59876,59876,59876,59876,59876,59876,59876,59876,59876,59876,59876,59876,59876,59876,59876,59876,59876,59876,59876,59876,59876,59876,59876,59876,59876,59876,59876,59876,59876,59876,59876,59876,59876,59876,59876,59876,59876,59876,59876,59876,59876,59876,59876,59876,59876,59876,59876,59876,59876,59876,59876,59876,59876,59876,59876,59876,59876,59876,59876,59876,59876,59876,59876,59876,59876,59876,59876,59884,59884,59884,59884,59884,59884,59884,59884,59884,59884,59884,59884,59884,59884,59884,59884,59884,59884,59884,59884,59884,59884,59884,59884,59884,59884,59884,59884,59884,59884,59884,59884,59884,59884,59884,59884,59884,59884,59884,59884,59884,59884,59884,59884,59884,59884,59884,59884,59884,59884,59884,59884,59884,59884,59884,59884,59884,59884,59884,59884,59884,59884,59884,59884,59884,59884,59884,59884,59884,59884,59884,59884,59884,59884,59884,59884,59884,59884,59884,59884,59884,59884,59884,59884,59884,59884,59884,59884,59884,59884,59884,59884,59884,59884,59884,59884,59884,59884,59884,59884,59884,59884,59884,59884,59884,59884,59884,59884,59884,59884,59884,59884,59884,
0.721680,0.732422,0.739258,0.744141,0.746094,0.750000,0.750000,0.761719,0.765625,0.767578,0.771484,0.775391,0.780273,0.782227,0.783203,0.783203,0.783203,0.783203,0.784180,0.787109,0.787109,0.787109,0.788086,0.788086,0.788086,0.788086,0.789062,0.789062,0.791016,0.791016,0.791992,0.791992,0.791992,0.791992,0.791992,0.791992,0.791992,0.791992,0.791992,0.791992,0.791992,0.791992,0.791992,0.791992,0.791992,0.791992,0.791992,0.791992,0.791992,0.791992,0.791992,0.791992,0.791992,0.791992,0.791992,0.791992,0.791992,0.791992,0.791992,0.791992,0.791992,0.791992,0.791992,0.791992,0.791992,0.791992,0.791992,0.791992,0.791992,0.791992,0.791992,0.791992,0.791992,0.791992,0.791992,0.791992,0.791992,0.791992,0.791992,0.791992,0.791992,0.791992,0.791992,0.791992,0.791992,0.791992,0.791992,0.791992,0.791992,0.791992,0.791992,0.791992,0.791992,0.791992,0.791992,0.791992,0.791992,0.791992,0.791992,0.791992,0.791992,0.791992,0.791992,0.791992,0.791992,0.791992,0.791992,0.791992,0.791992,0.791992,0.791992,0.791992,0.791992,0.791992,0.791992,0.791992,0.791992,0.791992,0.791992,0.791992,0.791992,0.791992,0.791992,0.791992,0.791992,0.791992,0.791992,0.791992,0.791992,0.791992,0.791992,0.791992,0.791992,0.791992,0.791992,0.791992,0.791992,0.791992,0.791992,0.791992,0.791992,0.791992,0.791992,0.791992,0.791992,0.791992,0.791992,0.791992,0.791992,0.791992,0.791992,0.791992,0.791992,0.791992,0.791992,0.791992,0.791992,0.791992,0.791992,0.791992,0.791992,0.791992,0.791992,0.791992,0.791992,0.791992,0.791992,0.791992,0.791992,0.791992,0.791992,0.791992,0.792969,0.792969,0.792969,0.794922,0.794922,0.794922,0.794922,0.794922,0.794922,0.794922,0.794922,0.794922,0.794922,0.794922,0.794922,0.794922,0.794922,0.794922,0.794922,0.794922,0.794922,0.794922,0.794922,0.794922,0.794922,0.794922,0.794922,0.794922,0.794922,0.794922,0.794922,0.794922,0.794922,0.794922,0.794922,0.794922,0.794922,0.794922,0.794922,0.794922,0.794922,0.794922,0.794922,0.794922,0.794922,0.794922,0.794922,0.794922,0.794922,0.794922,0.794922,0.794922,0.794922,0.794922,0.794922,0.794922,0.794922,0.794922,0.794922,0.794922,0.794922,0.794922,0.794922,0.794922,0.794922,0.794922,0.794922,0.794922,0.794922,0.794922,0.794922,0.794922,0.794922,0.794922,0.794922,0.794922,0.794922,0.794922,0.794922,0.794922,0.794922,0.794922,0.794922,0.794922,0.794922,0.794922,0.794922,0.794922,0.794922,0.794922,0.794922,0.794922,0.794922,0.794922,0.794922,0.794922,0.794922,0.794922,0.794922,0.794922,0.794922,0.794922,0.794922,0.794922,0.794922,0.794922,0.794922,0.794922,0.794922,0.794922,0.794922,0.794922,0.794922,0.794922,0.794922,0.794922,0.794922,0.794922,0.794922,0.794922,0.794922,0.794922,0.794922,0.794922,0.794922,0.794922,0.794922,0.794922,0.794922,0.794922,0.794922,0.794922,0.794922,0.794922,0.794922,0.794922,0.794922,0.794922,0.794922,0.794922,0.794922,0.794922,0.794922,0.794922,0.794922,0.794922,0.794922,0.794922,0.794922,0.794922,0.794922,0.794922,0.794922,0.794922,0.794922,0.794922,0.794922,0.794922,0.794922,0.794922,0.794922,0.794922,0.794922,0.794922,0.794922,0.794922,0.794922,0.794922,0.794922,0.794922,0.794922,0.794922,0.794922,0.794922,0.794922,0.794922,0.794922,0.794922,0.794922,0.794922,0.794922,0.794922,0.794922,0.794922,0.794922,0.794922,0.794922,0.794922,0.794922,0.794922,0.794922,0.794922,0.794922,0.794922,0.794922,0.794922,0.794922,0.794922,0.794922,0.794922,0.794922,0.794922,0.794922,0.794922,0.794922,0.794922,0.794922,0.794922,0.794922,0.794922,0.794922,0.794922,0.794922,0.794922,0.794922,0.794922,0.795898,0.795898,0.795898,0.795898,0.795898,0.795898,0.795898,0.795898,0.795898,0.795898,0.795898,0.795898,0.795898,0.795898,0.795898,0.795898,0.795898,0.795898,0.795898,0.795898,0.795898,0.795898,0.795898,0.795898,0.795898,0.795898,0.795898,0.795898,0.795898,0.795898,0.795898,0.795898,0.795898,0.795898,0.795898,0.795898,0.795898,0.795898,0.795898,0.795898,0.795898,0.795898,0.795898,0.795898,0.795898,0.795898,0.795898,0.795898,0.795898,0.795898,0.795898,0.795898,0.795898,0.795898,0.795898,0.795898,0.795898,0.795898,0.795898,0.795898,0.795898,0.795898,0.795898,0.795898,0.795898,0.795898,0.795898,0.795898,0.795898,0.795898,0.795898,0.795898,0.795898,0.795898,0.795898,0.795898,0.795898,0.795898,0.795898,0.795898,0.795898,0.795898,0.795898,0.795898,0.795898,0.795898,0.795898,0.795898,0.795898,0.795898,0.795898,0.795898,0.795898,0.795898,0.795898,0.795898,0.795898,0.795898,0.795898,0.795898,0.795898,0.795898,0.795898,0.795898,0.795898,0.795898,0.795898,0.795898,0.795898,0.795898,0.795898,0.795898,0.795898,
0.835388,0.844482,0.852234,0.852539,0.852722,0.853699,0.853699,0.899597,0.900574,0.900818,0.904968,0.908691,0.909485,0.909973,0.910095,0.910095,0.910095,0.910095,0.910126,0.910217,0.910217,0.910217,0.910339,0.910339,0.910339,0.910339,0.910583,0.910583,0.911560,0.911560,0.911804,0.911804,0.911804,0.911804,0.911804,0.911804,0.911804,0.911804,0.911804,0.911804,0.911804,0.911804,0.911804,0.911804,0.911804,0.911804,0.911804,0.911804,0.911804,0.911804,0.911804,0.911804,0.911804,0.911804,0.911804,0.911804,0.911804,0.911804,0.911804,0.911804,0.911804,0.911804,0.911804,0.911804,0.911804,0.911804,0.911804,0.911804,0.911804,0.911804,0.911804,0.911804,0.911804,0.911804,0.911804,0.911804,0.911804,0.911804,0.911804,0.911804,0.911804,0.911804,0.911804,0.911804,0.911804,0.911804,0.911804,0.911804,0.911804,0.911804,0.911804,0.911804,0.911804,0.911804,0.911804,0.911804,0.911804,0.911804,0.911804,0.911804,0.911804,0.911804,0.911804,0.911804,0.911804,0.911804,0.911804,0.911804,0.911804,0.911804,0.911804,0.911804,0.911804,0.911804,0.911804,0.911804,0.911804,0.911804,0.911804,0.911804,0.911804,0.911804,0.911804,0.911804,0.911804,0.911804,0.911804,0.911804,0.911804,0.911804,0.911804,0.911804,0.911804,0.911804,0.911804,0.911804,0.911804,0.911804,0.911804,0.911804,0.911804,0.911804,0.911804,0.911804,0.911804,0.911804,0.911804,0.911804,0.911804,0.911804,0.911804,0.911804,0.911804,0.911804,0.911804,0.911804,0.911804,0.911804,0.911804,0.911804,0.911804,0.911804,0.911804,0.911804,0.911804,0.911804,0.911804,0.911804,0.911804,0.911804,0.911804,0.911804,0.913391,0.913391,0.913391,0.913635,0.913635,0.913635,0.913635,0.913635,0.913635,0.913635,0.913635,0.913635,0.913635,0.913635,0.913635,0.913635,0.913635,0.913635,0.913635,0.913635,0.913635,0.913635,0.913635,0.913635,0.913635,0.913635,0.913635,0.913635,0.913635,0.913635,0.913635,0.913635,0.913635,0.913635,0.913635,0.913635,0.913635,0.913635,0.913635,0.913635,0.913635,0.913635,0.913635,0.913635,0.913635,0.913635,0.913635,0.913635,0.913635,0.913635,0.913635,0.913635,0.913635,0.913635,0.913635,0.913635,0.913635,0.913635,0.913635,0.913635,0.913635,0.913635,0.913635,0.913635,0.913635,0.913635,0.913635,0.913635,0.913635,0.913635,0.913635,0.913635,0.913635,0.913635,0.913635,0.913635,0.913635,0.913635,0.913635,0.913635,0.913635,0.913635,0.913635,0.913635,0.913635,0.913635,0.913635,0.913635,0.913635,0.913635,0.913635,0.913635,0.913635,0.913635,0.913635,0.913635,0.913635,0.913635,0.913635,0.913635,0.913635,0.913635,0.913635,0.913635,0.913635,0.913635,0.913635,0.913635,0.913635,0.913635,0.913635,0.913635,0.913635,0.913635,0.913635,0.913635,0.913635,0.913635,0.913635,0.913635,0.913635,0.913635,0.913635,0.913635,0.913635,0.913635,0.913635,0.913635,0.913635,0.913635,0.913635,0.913635,0.913635,0.913635,0.913635,0.913635,0.913635,0.913635,0.913635,0.913635,0.913635,0.913635,0.913635,0.913635,0.913635,0.913635,0.913635,0.913635,0.913635,0.913635,0.913635,0.913635,0.913635,0.913635,0.913635,0.913635,0.913635,0.913635,0.913635,0.913635,0.913635,0.913635,0.913635,0.913635,0.913635,0.913635,0.913635,0.913635,0.913635,0.913635,0.913635,0.913635,0.913635,0.913635,0.913635,0.913635,0.913635,0.913635,0.913635,0.913635,0.913635,0.913635,0.913635,0.913635,0.913635,0.913635,0.913635,0.913635,0.913635,0.913635,0.913635,0.913635,0.913635,0.913635,0.913635,0.913635,0.913635,0.913635,0.913635,0.913635,0.913635,0.913635,0.913635,0.913635,0.913635,0.913635,0.913635,0.913635,0.913635,0.913635,0.913635,0.913635,0.913635,0.913635,0.913635,0.913635,0.913757,0.913757,0.913757,0.913757,0.913757,0.913757,0.913757,0.913757,0.913757,0.913757,0.913757,0.913757,0.913757,0.913757,0.913757,0.913757,0.913757,0.913757,0.913757,0.913757,0.913757,0.913757,0.913757,0.913757,0.913757,0.913757,0.913757,0.913757,0.913757,0.913757,0.913757,0.913757,0.913757,0.913757,0.913757,0.913757,0.913757,0.913757,0.913757,0.913757,0.913757,0.913757,0.913757,0.913757,0.913757,0.913757,0.913757,0.913757,0.913757,0.913757,0.913757,0.913757,0.913757,0.913757,0.913757,0.913757,0.913757,0.913757,0.913757,0.913757,0.913757,0.913757,0.913757,0.913757,0.913757,0.913757,0.913757,0.913757,0.913757,0.913757,0.913757,0.913757,0.913757,0.913757,0.913757,0.913757,0.913757,0.913757,0.913757,0.913757,0.913757,0.913757,0.913757,0.913757,0.913757,0.913757,0.913757,0.913757,0.913757,0.913757,0.913757,0.913757,0.913757,0.913757,0.913757,0.913757,0.913757,0.913757,0.913757,0.913757,0.913757,0.913757,0.913757,0.913757,0.913757,0.913757,0.913757,0.913757,0.913757,0.913757,0.913757,0.913757,0.913757,
