kBasicLog: 1
kBreedEdges: 1
kBreedGates: 1
kBreedSample: 4
kBreedType: 0
kChildren: 100
kEvaluations: 50000
kGens: 100
kLegalGateTypes: 1
kLog: 1
kLogIter: 1
kMaxGenStagnation: 300
kMessUp: 0
kMutatePercent: 5
kMutationMode: 1
kMutations: 16
kPruneOrphans: 1
kSaveDotGraphs: 1
kSeed: 0
kThreads: 4
kThreshold: 1000
kTruthWeight: 1
columns: 13
rows: 5,5,5,5,5,5,5,5,5,5,5,5,4
goal_correct_count: 256
goal_total_count: 2048
goal_total_weighted_count: 65536
~
gates_used: 38
total_count: 1668
total_weighted_count: 0
percent: 0.814453
weighted_percent: 0.000000
evaluations: 50100
~
1486,1508,1522,1524,1530,1530,1534,1534,1546,1546,1546,1548,1548,1548,1548,1548,1548,1550,1550,1550,1550,1550,1550,1552,1552,1552,1552,1552,1556,1556,1556,1556,1558,1558,1558,1558,1558,1558,1560,1560,1560,1560,1560,1560,1560,1560,1560,1560,1560,1560,1560,1560,1560,1560,1560,1560,1560,1560,1560,1560,1560,1560,1560,1560,1560,1560,1560,1560,1560,1560,1560,1568,1568,1568,1568,1568,1568,1568,1568,1568,1568,1568,1568,1568,1568,1568,1574,1574,1574,1574,1574,1574,1574,1574,1574,1574,1576,1582,1582,1584,1600,1600,1600,1600,1602,1602,1602,1602,1602,1606,1606,1606,1614,1614,1614,1614,1614,1614,1614,1614,1614,1614,1614,1614,1614,1614,1614,1614,1614,1614,1614,1614,1614,1614,1614,1614,1614,1614,1614,1614,1630,1630,1630,1630,1638,1638,1638,1638,1638,1638,1638,1638,1638,1638,1638,1638,1638,1638,1638,1638,1638,1638,1638,1638,1638,1638,1638,1638,1638,1638,1638,1638,1638,1638,1638,1638,1638,1638,1638,1638,1638,1650,1650,1650,1650,1650,1650,1650,1650,1650,1650,1650,1650,1650,1650,1650,1650,1650,1650,1652,1652,1656,1656,1656,1656,1656,1656,1656,1656,1656,1656,1656,1656,1656,1656,1656,1656,1656,1656,1656,1656,1656,1656,1656,1656,1656,1656,1656,1656,1656,1656,1656,1656,1656,1656,1656,1656,1656,1656,1656,1656,1656,1656,1656,1656,1656,1656,1656,1656,1656,1656,1656,1656,1656,1656,1656,1656,1656,1656,1656,1656,1656,1656,1656,1656,1656,1656,1656,1656,1656,1656,1656,1656,1656,1656,1656,1656,1656,1656,1656,1656,1656,1656,1656,1656,1656,1656,1656,1656,1656,1656,1656,1656,1656,1656,1656,1656,1656,1656,1656,1656,1656,1656,1656,1656,1656,1656,1656,1656,1656,1656,1656,1656,1656,1656,1656,1656,1656,1656,1656,1656,1656,1656,1656,1656,1656,1656,1656,1656,1656,1656,1656,1656,1656,1656,1656,1656,1656,1656,1656,1656,1656,1656,1656,1656,1656,1656,1656,1656,1656,1656,1656,1656,1656,1656,1656,1656,1656,1656,1656,1656,1656,1656,1656,1656,1656,1656,1656,1656,1656,1656,1656,1656,1656,1656,1656,1658,1658,1658,1658,1658,1658,1658,1658,1658,1658,1658,1658,1658,1658,1658,1658,1658,1658,1658,1658,1658,1658,1658,1658,1658,1658,1658,1658,1658,1658,1658,1658,1658,1658,1658,1658,1660,1660,1660,1660,1660,1660,1660,1660,1660,1660,1660,1660,1660,1660,1660,1660,1660,1660,1660,1660,1660,1660,1660,1660,1660,1660,1660,1660,1660,1660,1660,1660,1660,1660,1660,1660,1660,1660,1660,1660,1660,1660,1660,1660,1660,1660,1660,1660,1660,1660,1660,1660,1660,1660,1660,1660,1660,1662,1666,1666,1666,1666,1666,1666,1666,1666,1666,1666,1666,1666,1666,1666,1666,1666,1666,1666,1666,1666,1666,1666,1668,1668,1668,1668,1668,1668,1668,1668,1668,
52930,53334,53662,53718,54592,54592,54720,54720,55748,55748,55748,55756,55756,55756,55756,55756,55756,55772,55772,55772,55772,55772,55772,55788,55788,55788,55788,55788,55796,55796,55796,55796,55812,55812,55812,55812,55812,55812,55828,55828,55828,55828,55828,55828,55828,55828,55828,55828,55828,55828,55828,55828,55828,55828,55828,55828,55828,55828,55828,55828,55828,55828,55828,55828,55828,55828,55828,55828,55828,55828,55828,55988,55988,55988,55988,55988,55988,55988,55988,55988,55988,55988,55988,55988,55988,55988,56000,56000,56000,56000,56000,56000,56000,56000,56000,56000,57032,57120,57120,57128,57200,57200,57200,57200,57208,57208,57208,57208,57208,57240,57240,57240,57368,57368,57368,57368,57368,57368,57368,57368,57368,57368,57368,57368,57368,57368,57368,57368,57368,57368,57368,57368,57368,57368,57368,57368,57368,57368,57368,57368,58776,58776,58776,58776,58904,58904,58904,58904,58904,58904,58904,58904,58904,58904,58904,58904,58904,58904,58904,58904,58904,58904,58904,58904,58904,58904,58904,58904,58904,58904,58904,58904,58904,58904,58904,58904,58904,58904,58904,58904,58904,60280,60280,60280,60280,60280,60280,60280,60280,60280,60280,60280,60280,60280,60280,60280,60280,60280,60280,60288,60288,60320,60320,60320,60320,60320,60320,60320,60320,60320,60320,60320,60320,60320,60320,60320,60320,60320,60320,60320,60320,60320,60320,60320,60320,60320,60320,60320,60320,60320,60320,60320,60320,60320,60320,60320,60320,60320,60320,60320,60320,60320,60320,60320,60320,60320,60320,60320,60320,60320,60320,60320,60320,60320,60320,60320,60320,60320,60320,60320,60320,60320,60320,60320,60320,60320,60320,60320,60320,60320,60320,60320,60320,60320,60320,60320,60320,60320,60320,60320,60320,60320,60320,60320,60320,60320,60320,60320,60320,60320,60320,60320,60320,60320,60320,60320,60320,60320,60320,60320,60320,60320,60320,60320,60320,60320,60320,60320,60320,60320,60320,60320,60320,60320,60320,60320,60320,60320,60320,60320,60320,60320,60320,60320,60320,60320,60320,60320,60320,60320,60320,60320,60320,60320,60320,60320,60320,60320,60320,60320,60320,60320,60320,60320,60320,60320,60320,60320,60320,60320,60320,60320,60320,60320,60320,60320,60320,60320,60320,60320,60320,60320,60320,60320,60320,60320,60320,60320,60320,60320,60320,60320,60320,60320,60320,60320,60328,60328,60328,60328,60328,60328,60328,60328,60328,60328,60328,60328,60328,60328,60328,60328,60328,60328,60328,60328,60328,60328,60328,60328,60328,60328,60328,60328,60328,60328,60328,60328,60328,60328,60328,60328,60332,60332,60332,60332,60332,60332,60332,60332,60332,60332,60332,60332,60332,60332,60332,60332,60332,60332,60332,60332,60332,60332,60332,60332,60332,60332,60332,60332,60332,60332,60332,60332,60332,60332,60332,60332,60332,60332,60332,60332,60332,60332,60332,60332,60332,60332,60332,60332,60332,60332,60332,60332,60332,60332,60332,60332,60332,60440,60456,60456,60456,60456,60456,60456,60456,60456,60456,60456,60456,60456,60456,60456,60456,60456,60456,60456,60456,60456,60456,60456,60460,60460,60460,60460,60460,60460,60460,60460,60460,
0.725586,0.736328,0.743164,0.744141,0.747070,0.747070,0.749023,0.749023,0.754883,0.754883,0.754883,0.755859,0.755859,0.755859,0.755859,0.755859,0.755859,0.756836,0.756836,0.756836,0.756836,0.756836,0.756836,0.757812,0.757812,0.757812,0.757812,0.757812,0.759766,0.759766,0.759766,0.759766,0.760742,0.760742,0.760742,0.760742,0.760742,0.760742,0.761719,0.761719,0.761719,0.761719,0.761719,0.761719,0.761719,0.761719,0.761719,0.761719,0.761719,0.761719,0.761719,0.761719,0.761719,0.761719,0.761719,0.761719,0.761719,0.761719,0.761719,0.761719,0.761719,0.761719,0.761719,0.761719,0.761719,0.761719,0.761719,0.761719,0.761719,0.761719,0.761719,0.765625,0.765625,0.765625,0.765625,0.765625,0.765625,0.765625,0.765625,0.765625,0.765625,0.765625,0.765625,0.765625,0.765625,0.765625,0.768555,0.768555,0.768555,0.768555,0.768555,0.768555,0.768555,0.768555,0.768555,0.768555,0.769531,0.772461,0.772461,0.773438,0.781250,0.781250,0.781250,0.781250,0.782227,0.782227,0.782227,0.782227,0.782227,0.784180,0.784180,0.784180,0.788086,0.788086,0.788086,0.788086,0.788086,0.788086,0.788086,0.788086,0.788086,0.788086,0.788086,0.788086,0.788086,0.788086,0.788086,0.788086,0.788086,0.788086,0.788086,0.788086,0.788086,0.788086,0.788086,0.788086,0.788086,0.788086,0.788086,0.788086,0.795898,0.795898,0.795898,0.795898,0.799805,0.799805,0.799805,0.799805,0.799805,0.799805,0.799805,0.799805,0.799805,0.799805,0.799805,0.799805,0.799805,0.799805,0.799805,0.799805,0.799805,0.799805,0.799805,0.799805,0.799805,0.799805,0.799805,0.799805,0.799805,0.799805,0.799805,0.799805,0.799805,0.799805,0.799805,0.799805,0.799805,0.799805,0.799805,0.799805,0.799805,0.805664,0.805664,0.805664,0.805664,0.805664,0.805664,0.805664,0.805664,0.805664,0.805664,0.805664,0.805664,0.805664,0.805664,0.805664,0.805664,0.805664,0.805664,0.806641,0.806641,0.808594,0.808594,0.808594,0.808594,0.808594,0.808594,0.808594,0.808594,0.808594,0.808594,0.808594,0.808594,0.808594,0.808594,0.808594,0.808594,0.808594,0.808594,0.808594,0.808594,0.808594,0.808594,0.808594,0.808594,0.808594,0.808594,0.808594,0.808594,0.808594,0.808594,0.808594,0.808594,0.808594,0.808594,0.808594,0.808594,0.808594,0.808594,0.808594,0.808594,0.808594,0.808594,0.808594,0.808594,0.808594,0.808594,0.808594,0.808594,0.808594,0.808594,0.808594,0.808594,0.808594,0.808594,0.808594,0.808594,0.808594,0.808594,0.808594,0.808594,0.808594,0.808594,0.808594,0.808594,0.808594,0.808594,0.808594,0.808594,0.808594,0.808594,0.808594,0.808594,0.808594,0.808594,0.808594,0.808594,0.808594,0.808594,0.808594,0.808594,0.808594,0.808594,0.808594,0.808594,0.808594,0.808594,0.808594,0.808594,0.808594,0.808594,0.808594,0.808594,0.808594,0.808594,0.808594,0.808594,0.808594,0.808594,0.808594,0.808594,0.808594,0.808594,0.808594,0.808594,0.808594,0.808594,0.808594,0.808594,0.808594,0.808594,0.808594,0.808594,0.808594,0.808594,0.808594,0.808594,0.808594,0.808594,0.808594,0.808594,0.808594,0.808594,0.808594,0.808594,0.808594,0.808594,0.808594,0.808594,0.808594,0.808594,0.808594,0.808594,0.808594,0.808594,0.808594,0.808594,0.808594,0.808594,0.808594,0.808594,0.808594,0.808594,0.808594,0.808594,0.808594,0.808594,0.808594,0.808594,0.808594,0.808594,0.808594,0.808594,0.808594,0.808594,0.808594,0.808594,0.808594,0.808594,0.808594,0.808594,0.808594,0.808594,0.808594,0.808594,0.808594,0.808594,0.808594,0.808594,0.808594,0.808594,0.808594,0.808594,0.808594,0.808594,0.808594,0.809570,0.809570,0.809570,0.809570,0.809570,0.809570,0.809570,0.809570,0.809570,0.809570,0.809570,0.809570,0.809570,0.809570,0.809570,0.809570,0.809570,0.809570,0.809570,0.809570,0.809570,0.809570,0.809570,0.809570,0.809570,0.809570,0.809570,0.809570,0.809570,0.809570,0.809570,0.809570,0.809570,0.809570,0.809570,0.809570,0.810547,0.810547,0.810547,0.810547,0.810547,0.810547,0.810547,0.810547,0.810547,0.810547,0.810547,0.810547,0.810547,0.810547,0.810547,0.810547,0.810547,0.810547,0.810547,0.810547,0.810547,0.810547,0.810547,0.810547,0.810547,0.810547,0.810547,0.810547,0.810547,0.810547,0.810547,0.810547,0.810547,0.810547,0.810547,0.810547,0.810547,0.810547,0.810547,0.810547,0.810547,0.810547,0.810547,0.810547,0.810547,0.810547,0.810547,0.810547,0.810547,0.810547,0.810547,0.810547,0.810547,0.810547,0.810547,0.810547,0.810547,0.811523,0.813477,0.813477,0.813477,0.813477,0.813477,0.813477,0.813477,0.813477,0.813477,0.813477,0.813477,0.813477,0.813477,0.813477,0.813477,0.813477,0.813477,0.813477,0.813477,0.813477,0.813477,0.813477,0.814453,0.814453,0.814453,0.814453,0.814453,0.814453,0.814453,0.814453,0.814453,
0.807648,0.813812,0.818817,0.819672,0.833008,0.833008,0.834961,0.834961,0.850647,0.850647,0.850647,0.850769,0.850769,0.850769,0.850769,0.850769,0.850769,0.851013,0.851013,0.851013,0.851013,0.851013,0.851013,0.851257,0.851257,0.851257,0.851257,0.851257,0.851379,0.851379,0.851379,0.851379,0.851624,0.851624,0.851624,0.851624,0.851624,0.851624,0.851868,0.851868,0.851868,0.851868,0.851868,0.851868,0.851868,0.851868,0.851868,0.851868,0.851868,0.851868,0.851868,0.851868,0.851868,0.851868,0.851868,0.851868,0.851868,0.851868,0.851868,0.851868,0.851868,0.851868,0.851868,0.851868,0.851868,0.851868,0.851868,0.851868,0.851868,0.851868,0.851868,0.854309,0.854309,0.854309,0.854309,0.854309,0.854309,0.854309,0.854309,0.854309,0.854309,0.854309,0.854309,0.854309,0.854309,0.854309,0.854492,0.854492,0.854492,0.854492,0.854492,0.854492,0.854492,0.854492,0.854492,0.854492,0.870239,0.871582,0.871582,0.871704,0.872803,0.872803,0.872803,0.872803,0.872925,0.872925,0.872925,0.872925,0.872925,0.873413,0.873413,0.873413,0.875366,0.875366,0.875366,0.875366,0.875366,0.875366,0.875366,0.875366,0.875366,0.875366,0.875366,0.875366,0.875366,0.875366,0.875366,0.875366,0.875366,0.875366,0.875366,0.875366,0.875366,0.875366,0.875366,0.875366,0.875366,0.875366,0.875366,0.875366,0.896851,0.896851,0.896851,0.896851,0.898804,0.898804,0.898804,0.898804,0.898804,0.898804,0.898804,0.898804,0.898804,0.898804,0.898804,0.898804,0.898804,0.898804,0.898804,0.898804,0.898804,0.898804,0.898804,0.898804,0.898804,0.898804,0.898804,0.898804,0.898804,0.898804,0.898804,0.898804,0.898804,0.898804,0.898804,0.898804,0.898804,0.898804,0.898804,0.898804,0.898804,0.919800,0.919800,0.919800,0.919800,0.919800,0.919800,0.919800,0.919800,0.919800,0.919800,0.919800,0.919800,0.919800,0.919800,0.919800,0.919800,0.919800,0.919800,0.919922,0.919922,0.920410,0.920410,0.920410,0.920410,0.920410,0.920410,0.920410,0.920410,0.920410,0.920410,0.920410,0.920410,0.920410,0.920410,0.920410,0.920410,0.920410,0.920410,0.920410,0.920410,0.920410,0.920410,0.920410,0.920410,0.920410,0.920410,0.920410,0.920410,0.920410,0.920410,0.920410,0.920410,0.920410,0.920410,0.920410,0.920410,0.920410,0.920410,0.920410,0.920410,0.920410,0.920410,0.920410,0.920410,0.920410,0.920410,0.920410,0.920410,0.920410,0.920410,0.920410,0.920410,0.920410,0.920410,0.920410,0.920410,0.920410,0.920410,0.920410,0.920410,0.920410,0.920410,0.920410,0.920410,0.920410,0.920410,0.920410,0.920410,0.920410,0.920410,0.920410,0.920410,0.920410,0.920410,0.920410,0.920410,0.920410,0.920410,0.920410,0.920410,0.920410,0.920410,0.920410,0.920410,0.920410,0.920410,0.920410,0.920410,0.920410,0.920410,0.920410,0.920410,0.920410,0.920410,0.920410,0.920410,0.920410,0.920410,0.920410,0.920410,0.920410,0.920410,0.920410,0.920410,0.920410,0.920410,0.920410,0.920410,0.920410,0.920410,0.920410,0.920410,0.920410,0.920410,0.920410,0.920410,0.920410,0.920410,0.920410,0.920410,0.920410,0.920410,0.920410,0.920410,0.920410,0.920410,0.920410,0.920410,0.920410,0.920410,0.920410,0.920410,0.920410,0.920410,0.920410,0.920410,0.920410,0.920410,0.920410,0.920410,0.920410,0.920410,0.920410,0.920410,0.920410,0.920410,0.920410,0.920410,0.920410,0.920410,0.920410,0.920410,0.920410,0.920410,0.920410,0.920410,0.920410,0.920410,0.920410,0.920410,0.920410,0.920410,0.920410,0.920410,0.920410,0.920410,0.920410,0.920410,0.920410,0.920410,0.920410,0.920410,0.920410,0.920410,0.920410,0.920532,0.920532,0.920532,0.920532,0.920532,0.920532,0.920532,0.920532,0.920532,0.920532,0.920532,0.920532,0.920532,0.920532,0.920532,0.920532,0.920532,0.920532,0.920532,0.920532,0.920532,0.920532,0.920532,0.920532,0.920532,0.920532,0.920532,0.920532,0.920532,0.920532,0.920532,0.920532,0.920532,0.920532,0.920532,0.920532,0.920593,0.920593,0.920593,0.920593,0.920593,0.920593,0.920593,0.920593,0.920593,0.920593,0.920593,0.920593,0.920593,0.920593,0.920593,0.920593,0.920593,0.920593,0.920593,0.920593,0.920593,0.920593,0.920593,0.920593,0.920593,0.920593,0.920593,0.920593,0.920593,0.920593,0.920593,0.920593,0.920593,0.920593,0.920593,0.920593,0.920593,0.920593,0.920593,0.920593,0.920593,0.920593,0.920593,0.920593,0.920593,0.920593,0.920593,0.920593,0.920593,0.920593,0.920593,0.920593,0.920593,0.920593,0.920593,0.920593,0.920593,0.922241,0.922485,0.922485,0.922485,0.922485,0.922485,0.922485,0.922485,0.922485,0.922485,0.922485,0.922485,0.922485,0.922485,0.922485,0.922485,0.922485,0.922485,0.922485,0.922485,0.922485,0.922485,0.922485,0.922546,0.922546,0.922546,0.922546,0.922546,0.922546,0.922546,0.922546,0.922546,
