kBasicLog: 1
kBreedEdges: 1
kBreedGates: 1
kBreedSample: 4
kBreedType: 0
kChildren: 100
kEvaluations: 50000
kGens: 100
kLegalGateTypes: 1
kLog: 1
kLogIter: 2
kMaxGenStagnation: 300
kMessUp: 0
kMutatePercent: 3
kMutationMode: 1
kMutations: 16
kPruneOrphans: 1
kSaveDotGraphs: 1
kSeed: 0
kThreads: 4
kThreshold: 1000
kTruthWeight: 1
columns: 13
rows: 5,5,5,5,5,5,5,5,5,5,5,5,4
goal_correct_count: 256
goal_total_count: 2048
goal_total_weighted_count: 65536
~
gates_used: 35
total_count: 1612
total_weighted_count: 0
percent: 0.787109
weighted_percent: 0.000000
evaluations: 50100
~
1490,1506,1514,1524,1528,1530,1536,1540,1544,1552,1554,1558,1560,1572,1576,1576,1576,1576,1580,1584,1584,1584,1584,1584,1584,1584,1584,1584,1584,1584,1584,1584,1584,1584,1588,1588,1588,1588,1590,1590,1590,1590,1590,1590,1590,1590,1590,1590,1590,1590,1594,1594,1594,1594,1594,1594,1594,1594,1594,1594,1594,1594,1594,1594,1594,1594,1594,1594,1594,1594,1600,1600,1600,1600,1600,1600,1602,1602,1602,1608,1608,1608,1608,1608,1608,1608,1608,1608,1608,1608,1608,1608,1608,1608,1608,1608,1608,1608,1608,1608,1608,1608,1608,1608,1608,1608,1608,1608,1608,1608,1608,1608,1608,1608,1608,1608,1608,1608,1608,1608,1608,1608,1608,1608,1608,1608,1608,1608,1608,1608,1608,1608,1608,1608,1608,1608,1608,1608,1608,1608,1608,1608,1608,1608,1608,1608,1608,1608,1608,1608,1608,1608,1608,1608,1608,1608,1608,1608,1608,1608,1608,1608,1608,1608,1608,1608,1608,1608,1608,1608,1608,1608,1608,1608,1608,1608,1608,1608,1608,1608,1608,1608,1608,1608,1608,1608,1608,1608,1608,1608,1608,1608,1608,1608,1608,1608,1608,1608,1608,1608,1608,1608,1608,1608,1608,1608,1608,1608,1608,1608,1608,1608,1608,1608,1608,1608,1608,1608,1608,1608,1608,1608,1608,1608,1608,1608,1608,1608,1608,1608,1608,1608,1608,1608,1608,1608,1608,1608,1608,1608,1608,1608,1608,1608,1608,1608,1608,1608,1608,1608,1608,1608,1608,1608,1608,1608,1608,1608,1608,1608,1608,1608,1608,1608,1608,1608,1608,1608,1608,1608,1608,1608,1608,1608,1608,1608,1608,1608,1608,1608,1608,1608,1608,1608,1608,1608,1608,1608,1608,1608,1608,1608,1608,1608,1608,1608,1608,1608,1608,1608,1608,1608,1608,1608,1608,1608,1608,1608,1608,1608,1608,1608,1608,1608,1608,1608,1608,1608,1608,1608,1608,1608,1608,1608,1608,1608,1608,1608,1608,1608,1608,1608,1608,1608,1608,1608,1608,1608,1608,1608,1608,1608,1608,1608,1608,1608,1608,1608,1608,1608,1608,1608,1608,1608,1608,1608,1608,1608,1608,1608,1608,1608,1608,1608,1608,1608,1608,1608,1608,1608,1608,1608,1608,1608,1608,1608,1608,1608,1608,1608,1608,1608,1608,1608,1608,1608,1608,1608,1608,1608,1608,1610,1610,1610,1610,1610,1610,1610,1610,1610,1610,1610,1610,1610,1610,1610,1610,1610,1610,1610,1610,1610,1610,1612,1612,1612,1612,1612,1612,1612,1612,1612,1612,1612,1612,1612,1612,1612,1612,1612,1612,1612,1612,1612,1612,1612,1612,1612,1612,1612,1612,1612,1612,1612,1612,1612,1612,1612,1612,1612,1612,1612,1612,1612,1612,1612,1612,1612,1612,1612,1612,1612,1612,1612,1612,1612,1612,1612,1612,1612,1612,1612,1612,1612,1612,1612,1612,1612,1612,1612,1612,1612,1612,1612,1612,1612,1612,1612,1612,1612,1612,1612,1612,1612,1612,1612,1612,1612,1612,1612,1612,
49812,51860,51892,52756,52820,52822,52916,52920,55890,55922,55980,55988,55990,57006,57014,57014,57014,57014,57078,57142,57142,57142,57142,57142,57142,57142,57142,57142,57142,57142,57142,57142,57142,57142,57146,57146,57146,57146,57150,57150,57150,57150,57150,57150,57150,57150,57150,57150,57150,57150,57158,57158,57158,57158,57158,57158,57158,57158,57158,57158,57158,57158,57158,57158,57158,57158,57158,57158,57158,57158,57168,57168,57168,57168,57168,57168,57184,57184,57184,57232,57232,57232,57232,57232,57232,57232,57232,57232,57232,57232,57232,57232,57232,57232,57232,57232,57232,57232,57232,57232,57232,57232,57232,57232,57232,57232,57232,57232,57232,57232,57232,57232,57232,57232,57232,57232,57232,57232,57232,57232,57232,57232,57232,57232,57232,57232,57232,57232,57232,57232,57232,57232,57232,57232,57232,57232,57232,57232,57232,57232,57232,57232,57232,57232,57232,57232,57232,57232,57232,57232,57232,57232,57232,57232,57232,57232,57232,57232,57232,57232,57232,57232,57232,57232,57232,57232,57232,57232,57232,57232,57232,57232,57232,57232,57232,57232,57232,57232,57232,57232,57232,57232,57232,57232,57232,57232,57232,57232,57232,57232,57232,57232,57232,57232,57232,57232,57232,57232,57232,57232,57232,57232,57232,57232,57232,57232,57232,57232,57232,57232,57232,57232,57232,57232,57232,57232,57232,57232,57232,57232,57232,57232,57232,57232,57232,57232,57232,57232,57232,57232,57232,57232,57232,57232,57232,57232,57232,57232,57232,57232,57232,57232,57232,57232,57232,57232,57232,57232,57232,57232,57232,57232,57232,57232,57232,57232,57232,57232,57232,57232,57232,57232,57232,57232,57232,57232,57232,57232,57232,57232,57232,57232,57232,57232,57232,57232,57232,57232,57232,57232,57232,57232,57232,57232,57232,57232,57232,57232,57232,57232,57232,57232,57232,57232,57232,57232,57232,57232,57232,57232,57232,57232,57232,57232,57232,57232,57232,57232,57232,57232,57232,57232,57232,57232,57232,57232,57232,57232,57232,57232,57232,57232,57232,57232,57232,57232,57232,57232,57232,57232,57232,57232,57232,57232,57232,57232,57232,57232,57232,57232,57232,57232,57232,57232,57232,57232,57232,57232,57232,57232,57232,57232,57232,57232,57232,57232,57232,57232,57232,57232,57232,57232,57232,57232,57232,57232,57232,57232,57232,57232,57232,57232,57232,57232,57232,57232,57232,57232,57232,57232,57232,57232,57232,57232,57232,57232,57232,57232,57232,57232,57232,57240,57240,57240,57240,57240,57240,57240,57240,57240,57240,57240,57240,57240,57240,57240,57240,57240,57240,57240,57240,57240,57240,57248,57248,57248,57248,57248,57248,57248,57248,57248,57248,57248,57248,57248,57248,57248,57248,57248,57248,57248,57248,57248,57248,57248,57248,57248,57248,57248,57248,57248,57248,57248,57248,57248,57248,57248,57248,57248,57248,57248,57248,57248,57248,57248,57248,57248,57248,57248,57248,57248,57248,57248,57248,57248,57248,57248,57248,57248,57248,57248,57248,57248,57248,57248,57248,57248,57248,57248,57248,57248,57248,57248,57248,57248,57248,57248,57248,57248,57248,57248,57248,57248,57248,57248,57248,57248,57248,57248,57248,
0.727539,0.735352,0.739258,0.744141,0.746094,0.747070,0.750000,0.751953,0.753906,0.757812,0.758789,0.760742,0.761719,0.767578,0.769531,0.769531,0.769531,0.769531,0.771484,0.773438,0.773438,0.773438,0.773438,0.773438,0.773438,0.773438,0.773438,0.773438,0.773438,0.773438,0.773438,0.773438,0.773438,0.773438,0.775391,0.775391,0.775391,0.775391,0.776367,0.776367,0.776367,0.776367,0.776367,0.776367,0.776367,0.776367,0.776367,0.776367,0.776367,0.776367,0.778320,0.778320,0.778320,0.778320,0.778320,0.778320,0.778320,0.778320,0.778320,0.778320,0.778320,0.778320,0.778320,0.778320,0.778320,0.778320,0.778320,0.778320,0.778320,0.778320,0.781250,0.781250,0.781250,0.781250,0.781250,0.781250,0.782227,0.782227,0.782227,0.785156,0.785156,0.785156,0.785156,0.785156,0.785156,0.785156,0.785156,0.785156,0.785156,0.785156,0.785156,0.785156,0.785156,0.785156,0.785156,0.785156,0.785156,0.785156,0.785156,0.785156,0.785156,0.785156,0.785156,0.785156,0.785156,0.785156,0.785156,0.785156,0.785156,0.785156,0.785156,0.785156,0.785156,0.785156,0.785156,0.785156,0.785156,0.785156,0.785156,0.785156,0.785156,0.785156,0.785156,0.785156,0.785156,0.785156,0.785156,0.785156,0.785156,0.785156,0.785156,0.785156,0.785156,0.785156,0.785156,0.785156,0.785156,0.785156,0.785156,0.785156,0.785156,0.785156,0.785156,0.785156,0.785156,0.785156,0.785156,0.785156,0.785156,0.785156,0.785156,0.785156,0.785156,0.785156,0.785156,0.785156,0.785156,0.785156,0.785156,0.785156,0.785156,0.785156,0.785156,0.785156,0.785156,0.785156,0.785156,0.785156,0.785156,0.785156,0.785156,0.785156,0.785156,0.785156,0.785156,0.785156,0.785156,0.785156,0.785156,0.785156,0.785156,0.785156,0.785156,0.785156,0.785156,0.785156,0.785156,0.785156,0.785156,0.785156,0.785156,0.785156,0.785156,0.785156,0.785156,0.785156,0.785156,0.785156,0.785156,0.785156,0.785156,0.785156,0.785156,0.785156,0.785156,0.785156,0.785156,0.785156,0.785156,0.785156,0.785156,0.785156,0.785156,0.785156,0.785156,0.785156,0.785156,0.785156,0.785156,0.785156,0.785156,0.785156,0.785156,0.785156,0.785156,0.785156,0.785156,0.785156,0.785156,0.785156,0.785156,0.785156,0.785156,0.785156,0.785156,0.785156,0.785156,0.785156,0.785156,0.785156,0.785156,0.785156,0.785156,0.785156,0.785156,0.785156,0.785156,0.785156,0.785156,0.785156,0.785156,0.785156,0.785156,0.785156,0.785156,0.785156,0.785156,0.785156,0.785156,0.785156,0.785156,0.785156,0.785156,0.785156,0.785156,0.785156,0.785156,0.785156,0.785156,0.785156,0.785156,0.785156,0.785156,0.785156,0.785156,0.785156,0.785156,0.785156,0.785156,0.785156,0.785156,0.785156,0.785156,0.785156,0.785156,0.785156,0.785156,0.785156,0.785156,0.785156,0.785156,0.785156,0.785156,0.785156,0.785156,0.785156,0.785156,0.785156,0.785156,0.785156,0.785156,0.785156,0.785156,0.785156,0.785156,0.785156,0.785156,0.785156,0.785156,0.785156,0.785156,0.785156,0.785156,0.785156,0.785156,0.785156,0.785156,0.785156,0.785156,0.785156,0.785156,0.785156,0.785156,0.785156,0.785156,0.785156,0.785156,0.785156,0.785156,0.785156,0.785156,0.785156,0.785156,0.785156,0.785156,0.785156,0.785156,0.785156,0.785156,0.785156,0.785156,0.785156,0.785156,0.785156,0.785156,0.785156,0.785156,0.785156,0.785156,0.785156,0.785156,0.785156,0.785156,0.785156,0.785156,0.785156,0.785156,0.785156,0.785156,0.785156,0.785156,0.785156,0.785156,0.785156,0.785156,0.785156,0.785156,0.785156,0.785156,0.785156,0.785156,0.785156,0.785156,0.785156,0.785156,0.785156,0.785156,0.785156,0.785156,0.785156,0.785156,0.785156,0.785156,0.785156,0.785156,0.785156,0.785156,0.785156,0.785156,0.785156,0.785156,0.786133,0.786133,0.786133,0.786133,0.786133,0.786133,0.786133,0.786133,0.786133,0.786133,0.786133,0.786133,0.786133,0.786133,0.786133,0.786133,0.786133,0.786133,0.786133,0.786133,0.786133,0.786133,0.787109,0.787109,0.787109,0.787109,0.787109,0.787109,0.787109,0.787109,0.787109,0.787109,0.787109,0.787109,0.787109,0.787109,0.787109,0.787109,0.787109,0.787109,0.787109,0.787109,0.787109,0.787109,0.787109,0.787109,0.787109,0.787109,0.787109,0.787109,0.787109,0.787109,0.787109,0.787109,0.787109,0.787109,0.787109,0.787109,0.787109,0.787109,0.787109,0.787109,0.787109,0.787109,0.787109,0.787109,0.787109,0.787109,0.787109,0.787109,0.787109,0.787109,0.787109,0.787109,0.787109,0.787109,0.787109,0.787109,0.787109,0.787109,0.787109,0.787109,0.787109,0.787109,0.787109,0.787109,0.787109,0.787109,0.787109,0.787109,0.787109,0.787109,0.787109,0.787109,0.787109,0.787109,0.787109,0.787109,0.787109,0.787109,0.787109,0.787109,0.787109,0.787109,0.787109,0.787109,0.787109,0.787109,0.787109,0.787109,
0.760071,0.791321,0.791809,0.804993,0.805969,0.806000,0.807434,0.807495,0.852814,0.853302,0.854187,0.854309,0.854340,0.869843,0.869965,0.869965,0.869965,0.869965,0.870941,0.871918,0.871918,0.871918,0.871918,0.871918,0.871918,0.871918,0.871918,0.871918,0.871918,0.871918,0.871918,0.871918,0.871918,0.871918,0.871979,0.871979,0.871979,0.871979,0.872040,0.872040,0.872040,0.872040,0.872040,0.872040,0.872040,0.872040,0.872040,0.872040,0.872040,0.872040,0.872162,0.872162,0.872162,0.872162,0.872162,0.872162,0.872162,0.872162,0.872162,0.872162,0.872162,0.872162,0.872162,0.872162,0.872162,0.872162,0.872162,0.872162,0.872162,0.872162,0.872314,0.872314,0.872314,0.872314,0.872314,0.872314,0.872559,0.872559,0.872559,0.873291,0.873291,0.873291,0.873291,0.873291,0.873291,0.873291,0.873291,0.873291,0.873291,0.873291,0.873291,0.873291,0.873291,0.873291,0.873291,0.873291,0.873291,0.873291,0.873291,0.873291,0.873291,0.873291,0.873291,0.873291,0.873291,0.873291,0.873291,0.873291,0.873291,0.873291,0.873291,0.873291,0.873291,0.873291,0.873291,0.873291,0.873291,0.873291,0.873291,0.873291,0.873291,0.873291,0.873291,0.873291,0.873291,0.873291,0.873291,0.873291,0.873291,0.873291,0.873291,0.873291,0.873291,0.873291,0.873291,0.873291,0.873291,0.873291,0.873291,0.873291,0.873291,0.873291,0.873291,0.873291,0.873291,0.873291,0.873291,0.873291,0.873291,0.873291,0.873291,0.873291,0.873291,0.873291,0.873291,0.873291,0.873291,0.873291,0.873291,0.873291,0.873291,0.873291,0.873291,0.873291,0.873291,0.873291,0.873291,0.873291,0.873291,0.873291,0.873291,0.873291,0.873291,0.873291,0.873291,0.873291,0.873291,0.873291,0.873291,0.873291,0.873291,0.873291,0.873291,0.873291,0.873291,0.873291,0.873291,0.873291,0.873291,0.873291,0.873291,0.873291,0.873291,0.873291,0.873291,0.873291,0.873291,0.873291,0.873291,0.873291,0.873291,0.873291,0.873291,0.873291,0.873291,0.873291,0.873291,0.873291,0.873291,0.873291,0.873291,0.873291,0.873291,0.873291,0.873291,0.873291,0.873291,0.873291,0.873291,0.873291,0.873291,0.873291,0.873291,0.873291,0.873291,0.873291,0.873291,0.873291,0.873291,0.873291,0.873291,0.873291,0.873291,0.873291,0.873291,0.873291,0.873291,0.873291,0.873291,0.873291,0.873291,0.873291,0.873291,0.873291,0.873291,0.873291,0.873291,0.873291,0.873291,0.873291,0.873291,0.873291,0.873291,0.873291,0.873291,0.873291,0.873291,0.873291,0.873291,0.873291,0.873291,0.873291,0.873291,0.873291,0.873291,0.873291,0.873291,0.873291,0.873291,0.873291,0.873291,0.873291,0.873291,0.873291,0.873291,0.873291,0.873291,0.873291,0.873291,0.873291,0.873291,0.873291,0.873291,0.873291,0.873291,0.873291,0.873291,0.873291,0.873291,0.873291,0.873291,0.873291,0.873291,0.873291,0.873291,0.873291,0.873291,0.873291,0.873291,0.873291,0.873291,0.873291,0.873291,0.873291,0.873291,0.873291,0.873291,0.873291,0.873291,0.873291,0.873291,0.873291,0.873291,0.873291,0.873291,0.873291,0.873291,0.873291,0.873291,0.873291,0.873291,0.873291,0.873291,0.873291,0.873291,0.873291,0.873291,0.873291,0.873291,0.873291,0.873291,0.873291,0.873291,0.873291,0.873291,0.873291,0.873291,0.873291,0.873291,0.873291,0.873291,0.873291,0.873291,0.873291,0.873291,0.873291,0.873291,0.873291,0.873291,0.873291,0.873291,0.873291,0.873291,0.873291,0.873291,0.873291,0.873291,0.873291,0.873291,0.873291,0.873291,0.873291,0.873291,0.873291,0.873291,0.873291,0.873291,0.873291,0.873291,0.873291,0.873291,0.873291,0.873291,0.873291,0.873291,0.873291,0.873291,0.873291,0.873291,0.873291,0.873291,0.873291,0.873291,0.873291,0.873291,0.873291,0.873291,0.873291,0.873291,0.873291,0.873291,0.873413,0.873413,0.873413,0.873413,0.873413,0.873413,0.873413,0.873413,0.873413,0.873413,0.873413,0.873413,0.873413,0.873413,0.873413,0.873413,0.873413,0.873413,0.873413,0.873413,0.873413,0.873413,0.873535,0.873535,0.873535,0.873535,0.873535,0.873535,0.873535,0.873535,0.873535,0.873535,0.873535,0.873535,0.873535,0.873535,0.873535,0.873535,0.873535,0.873535,0.873535,0.873535,0.873535,0.873535,0.873535,0.873535,0.873535,0.873535,0.873535,0.873535,0.873535,0.873535,0.873535,0.873535,0.873535,0.873535,0.873535,0.873535,0.873535,0.873535,0.873535,0.873535,0.873535,0.873535,0.873535,0.873535,0.873535,0.873535,0.873535,0.873535,0.873535,0.873535,0.873535,0.873535,0.873535,0.873535,0.873535,0.873535,0.873535,0.873535,0.873535,0.873535,0.873535,0.873535,0.873535,0.873535,0.873535,0.873535,0.873535,0.873535,0.873535,0.873535,0.873535,0.873535,0.873535,0.873535,0.873535,0.873535,0.873535,0.873535,0.873535,0.873535,0.873535,0.873535,0.873535,0.873535,0.873535,0.873535,0.873535,0.873535,
