kBasicLog: 1
kBreedEdges: 1
kBreedGates: 1
kBreedSample: 4
kBreedType: 0
kChildren: 100
kEvaluations: 50000
kGens: 100
kLegalGateTypes: 1
kLog: 1
kLogIter: 1
kMaxGenStagnation: 300
kMessUp: 0
kMutatePercent: 3
kMutationMode: 1
kMutations: 16
kPruneOrphans: 1
kSaveDotGraphs: 1
kSeed: 0
kThreads: 4
kThreshold: 1000
kTruthWeight: 1
columns: 13
rows: 5,5,5,5,5,5,5,5,5,5,5,5,4
goal_correct_count: 256
goal_total_count: 2048
goal_total_weighted_count: 65536
~
gates_used: 39
total_count: 1672
total_weighted_count: 0
percent: 0.816406
weighted_percent: 0.000000
evaluations: 50100
~
1456,1480,1494,1522,1540,1554,1560,1576,1582,1584,1592,1592,1594,1598,1610,1610,1610,1612,1612,1612,1612,1612,1612,1614,1616,1620,1620,1620,1620,1620,1620,1620,1620,1620,1620,1620,1620,1630,1630,1630,1630,1630,1630,1630,1630,1630,1630,1630,1630,1630,1634,1634,1634,1634,1634,1634,1634,1634,1634,1638,1638,1638,1638,1638,1638,1638,1638,1638,1638,1638,1638,1638,1638,1638,1638,1638,1638,1638,1638,1638,1638,1638,1638,1638,1638,1642,1642,1642,1642,1642,1642,1644,1644,1644,1644,1644,1644,1644,1644,1644,1644,1644,1644,1644,1644,1644,1644,1644,1644,1644,1644,1644,1644,1644,1644,1644,1644,1644,1644,1644,1644,1644,1644,1644,1644,1644,1644,1644,1644,1644,1644,1644,1644,1644,1644,1644,1644,1644,1644,1644,1644,1644,1644,1644,1644,1644,1644,1644,1644,1644,1644,1644,1644,1644,1644,1644,1644,1644,1644,1644,1644,1644,1644,1644,1644,1644,1644,1644,1644,1644,1644,1644,1644,1644,1644,1644,1644,1644,1644,1644,1644,1644,1644,1644,1644,1644,1644,1644,1644,1644,1644,1644,1644,1644,1644,1644,1644,1644,1644,1644,1644,1644,1644,1644,1644,1644,1644,1644,1644,1644,1644,1644,1644,1644,1644,1644,1644,1644,1644,1644,1644,1644,1644,1644,1644,1644,1644,1644,1644,1644,1644,1644,1644,1644,1648,1648,1648,1648,1648,1648,1648,1648,1648,1648,1648,1648,1648,1648,1648,1648,1648,1648,1648,1648,1648,1648,1648,1648,1648,1648,1648,1648,1648,1648,1648,1650,1652,1654,1654,1654,1654,1654,1654,1654,1654,1654,1654,1654,1654,1654,1654,1654,1654,1654,1654,1654,1654,1654,1654,1654,1654,1654,1660,1660,1660,1660,1660,1664,1664,1664,1664,1664,1664,1664,1664,1664,1664,1664,1664,1668,1668,1668,1668,1668,1668,1668,1668,1668,1668,1668,1668,1668,1668,1668,1668,1670,1670,1670,1670,1670,1670,1670,1670,1670,1670,1670,1670,1670,1670,1670,1670,1670,1670,1670,1670,1670,1670,1670,1670,1670,1670,1670,1670,1670,1670,1670,1670,1670,1670,1670,1670,1670,1670,1670,1670,1670,1670,1670,1670,1670,1670,1670,1670,1670,1670,1670,1670,1670,1670,1670,1670,1670,1670,1670,1670,1670,1670,1670,1670,1670,1670,1670,1670,1670,1670,1670,1670,1670,1670,1670,1670,1670,1670,1670,1670,1670,1670,1670,1670,1670,1670,1670,1670,1670,1670,1670,1670,1670,1670,1670,1670,1670,1670,1670,1670,1670,1670,1670,1670,1670,1670,1670,1670,1670,1670,1670,1670,1670,1670,1670,1670,1670,1670,1670,1670,1670,1670,1670,1670,1670,1670,1670,1670,1670,1670,1670,1670,1670,1670,1670,1670,1670,1670,1670,1670,1670,1670,1670,1670,1670,1670,1670,1670,1670,1670,1672,1672,1672,1672,1672,1672,1672,1672,1672,1672,1672,1672,1672,1672,1672,1672,1672,1672,1672,1672,1672,1672,1672,1672,1672,1672,
50940,54956,55324,57820,59004,59164,59404,59596,59620,59636,59700,59700,59908,59940,59988,59988,59988,60004,60004,60004,60004,60004,60004,60228,60244,60252,60252,60252,60252,60252,60252,60252,60252,60252,60252,60252,60252,60272,60272,60272,60272,60272,60272,60272,60272,60272,60272,60272,60272,60272,60296,60296,60296,60296,60296,60296,60296,60296,60296,60328,60328,60328,60328,60328,60328,60328,60328,60328,60328,60328,60328,60328,60328,60328,60328,60328,60328,60328,60328,60328,60328,60328,60328,60328,60328,60336,60336,60336,60336,60336,60336,60338,60338,60338,60338,60338,60338,60338,60338,60338,60338,60338,60338,60338,60338,60338,60338,60338,60338,60338,60338,60338,60338,60338,60338,60338,60338,60338,60338,60338,60338,60338,60338,60338,60338,60338,60338,60338,60338,60338,60338,60338,60338,60338,60338,60338,60338,60338,60338,60338,60338,60338,60338,60338,60338,60338,60338,60338,60338,60338,60338,60338,60338,60338,60338,60338,60338,60338,60338,60338,60338,60338,60338,60338,60338,60338,60338,60338,60338,60338,60338,60338,60338,60338,60338,60338,60338,60338,60338,60338,60338,60338,60338,60338,60338,60338,60338,60338,60338,60338,60338,60338,60338,60338,60338,60338,60338,60338,60338,60338,60338,60338,60338,60338,60338,60338,60338,60338,60338,60338,60338,60338,60338,60338,60338,60338,60338,60338,60338,60338,60338,60338,60338,60338,60338,60338,60338,60338,60338,60338,60338,60338,60338,60338,60466,60466,60466,60466,60466,60466,60466,60466,60466,60466,60466,60466,60466,60466,60466,60466,60466,60466,60466,60466,60466,60466,60466,60466,60466,60466,60466,60466,60466,60466,60466,60592,60624,60626,60626,60626,60626,60626,60626,60626,60626,60626,60626,60626,60626,60626,60626,60626,60626,60626,60626,60626,60626,60626,60626,60626,60626,60626,60722,60722,60722,60722,60722,60872,60872,60872,60872,60872,60872,60872,60872,60872,60872,60872,60872,60880,60880,60880,60880,60880,60880,60880,60880,60880,60880,60880,60880,60880,60880,60880,60880,60882,60882,60882,60882,60882,60882,60882,60882,60882,60882,60882,60882,60882,60882,60882,60882,60882,60882,60882,60882,60882,60882,60882,60882,60882,60882,60882,60882,60882,60882,60882,60882,60882,60882,60882,60882,60882,60882,60882,60882,60882,60882,60882,60882,60882,60882,60882,60882,60882,60882,60882,60882,60882,60882,60882,60882,60882,60882,60882,60882,60882,60882,60882,60882,60882,60882,60882,60882,60882,60882,60882,60882,60882,60882,60882,60882,60882,60882,60882,60882,60882,60882,60882,60882,60882,60882,60882,60882,60882,60882,60882,60882,60882,60882,60882,60882,60882,60882,60882,60882,60882,60882,60882,60882,60882,60882,60882,60882,60882,60882,60882,60882,60882,60882,60882,60882,60882,60882,60882,60882,60882,60882,60882,60882,60882,60882,60882,60882,60882,60882,60882,60882,60882,60882,60882,60882,60882,60882,60882,60882,60882,60882,60882,60882,60882,60882,60882,60882,60882,60882,60884,60884,60884,60884,60884,60884,60884,60884,60884,60884,60884,60884,60884,60884,60884,60884,60884,60884,60884,60884,60884,60884,60884,60884,60884,60884,
0.710938,0.722656,0.729492,0.743164,0.751953,0.758789,0.761719,0.769531,0.772461,0.773438,0.777344,0.777344,0.778320,0.780273,0.786133,0.786133,0.786133,0.787109,0.787109,0.787109,0.787109,0.787109,0.787109,0.788086,0.789062,0.791016,0.791016,0.791016,0.791016,0.791016,0.791016,0.791016,0.791016,0.791016,0.791016,0.791016,0.791016,0.795898,0.795898,0.795898,0.795898,0.795898,0.795898,0.795898,0.795898,0.795898,0.795898,0.795898,0.795898,0.795898,0.797852,0.797852,0.797852,0.797852,0.797852,0.797852,0.797852,0.797852,0.797852,0.799805,0.799805,0.799805,0.799805,0.799805,0.799805,0.799805,0.799805,0.799805,0.799805,0.799805,0.799805,0.799805,0.799805,0.799805,0.799805,0.799805,0.799805,0.799805,0.799805,0.799805,0.799805,0.799805,0.799805,0.799805,0.799805,0.801758,0.801758,0.801758,0.801758,0.801758,0.801758,0.802734,0.802734,0.802734,0.802734,0.802734,0.802734,0.802734,0.802734,0.802734,0.802734,0.802734,0.802734,0.802734,0.802734,0.802734,0.802734,0.802734,0.802734,0.802734,0.802734,0.802734,0.802734,0.802734,0.802734,0.802734,0.802734,0.802734,0.802734,0.802734,0.802734,0.802734,0.802734,0.802734,0.802734,0.802734,0.802734,0.802734,0.802734,0.802734,0.802734,0.802734,0.802734,0.802734,0.802734,0.802734,0.802734,0.802734,0.802734,0.802734,0.802734,0.802734,0.802734,0.802734,0.802734,0.802734,0.802734,0.802734,0.802734,0.802734,0.802734,0.802734,0.802734,0.802734,0.802734,0.802734,0.802734,0.802734,0.802734,0.802734,0.802734,0.802734,0.802734,0.802734,0.802734,0.802734,0.802734,0.802734,0.802734,0.802734,0.802734,0.802734,0.802734,0.802734,0.802734,0.802734,0.802734,0.802734,0.802734,0.802734,0.802734,0.802734,0.802734,0.802734,0.802734,0.802734,0.802734,0.802734,0.802734,0.802734,0.802734,0.802734,0.802734,0.802734,0.802734,0.802734,0.802734,0.802734,0.802734,0.802734,0.802734,0.802734,0.802734,0.802734,0.802734,0.802734,0.802734,0.802734,0.802734,0.802734,0.802734,0.802734,0.802734,0.802734,0.802734,0.802734,0.802734,0.802734,0.802734,0.802734,0.802734,0.802734,0.802734,0.802734,0.802734,0.802734,0.802734,0.802734,0.802734,0.802734,0.802734,0.802734,0.802734,0.802734,0.804688,0.804688,0.804688,0.804688,0.804688,0.804688,0.804688,0.804688,0.804688,0.804688,0.804688,0.804688,0.804688,0.804688,0.804688,0.804688,0.804688,0.804688,0.804688,0.804688,0.804688,0.804688,0.804688,0.804688,0.804688,0.804688,0.804688,0.804688,0.804688,0.804688,0.804688,0.805664,0.806641,0.807617,0.807617,0.807617,0.807617,0.807617,0.807617,0.807617,0.807617,0.807617,0.807617,0.807617,0.807617,0.807617,0.807617,0.807617,0.807617,0.807617,0.807617,0.807617,0.807617,0.807617,0.807617,0.807617,0.807617,0.807617,0.810547,0.810547,0.810547,0.810547,0.810547,0.812500,0.812500,0.812500,0.812500,0.812500,0.812500,0.812500,0.812500,0.812500,0.812500,0.812500,0.812500,0.814453,0.814453,0.814453,0.814453,0.814453,0.814453,0.814453,0.814453,0.814453,0.814453,0.814453,0.814453,0.814453,0.814453,0.814453,0.814453,0.815430,0.815430,0.815430,0.815430,0.815430,0.815430,0.815430,0.815430,0.815430,0.815430,0.815430,0.815430,0.815430,0.815430,0.815430,0.815430,0.815430,0.815430,0.815430,0.815430,0.815430,0.815430,0.815430,0.815430,0.815430,0.815430,0.815430,0.815430,0.815430,0.815430,0.815430,0.815430,0.815430,0.815430,0.815430,0.815430,0.815430,0.815430,0.815430,0.815430,0.815430,0.815430,0.815430,0.815430,0.815430,0.815430,0.815430,0.815430,0.815430,0.815430,0.815430,0.815430,0.815430,0.815430,0.815430,0.815430,0.815430,0.815430,0.815430,0.815430,0.815430,0.815430,0.815430,0.815430,0.815430,0.815430,0.815430,0.815430,0.815430,0.815430,0.815430,0.815430,0.815430,0.815430,0.815430,0.815430,0.815430,0.815430,0.815430,0.815430,0.815430,0.815430,0.815430,0.815430,0.815430,0.815430,0.815430,0.815430,0.815430,0.815430,0.815430,0.815430,0.815430,0.815430,0.815430,0.815430,0.815430,0.815430,0.815430,0.815430,0.815430,0.815430,0.815430,0.815430,0.815430,0.815430,0.815430,0.815430,0.815430,0.815430,0.815430,0.815430,0.815430,0.815430,0.815430,0.815430,0.815430,0.815430,0.815430,0.815430,0.815430,0.815430,0.815430,0.815430,0.815430,0.815430,0.815430,0.815430,0.815430,0.815430,0.815430,0.815430,0.815430,0.815430,0.815430,0.815430,0.815430,0.815430,0.815430,0.815430,0.815430,0.815430,0.815430,0.815430,0.815430,0.815430,0.815430,0.815430,0.815430,0.815430,0.816406,0.816406,0.816406,0.816406,0.816406,0.816406,0.816406,0.816406,0.816406,0.816406,0.816406,0.816406,0.816406,0.816406,0.816406,0.816406,0.816406,0.816406,0.816406,0.816406,0.816406,0.816406,0.816406,0.816406,0.816406,0.816406,
0.777283,0.838562,0.844177,0.882263,0.900330,0.902771,0.906433,0.909363,0.909729,0.909973,0.910950,0.910950,0.914124,0.914612,0.915344,0.915344,0.915344,0.915588,0.915588,0.915588,0.915588,0.915588,0.915588,0.919006,0.919250,0.919373,0.919373,0.919373,0.919373,0.919373,0.919373,0.919373,0.919373,0.919373,0.919373,0.919373,0.919373,0.919678,0.919678,0.919678,0.919678,0.919678,0.919678,0.919678,0.919678,0.919678,0.919678,0.919678,0.919678,0.919678,0.920044,0.920044,0.920044,0.920044,0.920044,0.920044,0.920044,0.920044,0.920044,0.920532,0.920532,0.920532,0.920532,0.920532,0.920532,0.920532,0.920532,0.920532,0.920532,0.920532,0.920532,0.920532,0.920532,0.920532,0.920532,0.920532,0.920532,0.920532,0.920532,0.920532,0.920532,0.920532,0.920532,0.920532,0.920532,0.920654,0.920654,0.920654,0.920654,0.920654,0.920654,0.920685,0.920685,0.920685,0.920685,0.920685,0.920685,0.920685,0.920685,0.920685,0.920685,0.920685,0.920685,0.920685,0.920685,0.920685,0.920685,0.920685,0.920685,0.920685,0.920685,0.920685,0.920685,0.920685,0.920685,0.920685,0.920685,0.920685,0.920685,0.920685,0.920685,0.920685,0.920685,0.920685,0.920685,0.920685,0.920685,0.920685,0.920685,0.920685,0.920685,0.920685,0.920685,0.920685,0.920685,0.920685,0.920685,0.920685,0.920685,0.920685,0.920685,0.920685,0.920685,0.920685,0.920685,0.920685,0.920685,0.920685,0.920685,0.920685,0.920685,0.920685,0.920685,0.920685,0.920685,0.920685,0.920685,0.920685,0.920685,0.920685,0.920685,0.920685,0.920685,0.920685,0.920685,0.920685,0.920685,0.920685,0.920685,0.920685,0.920685,0.920685,0.920685,0.920685,0.920685,0.920685,0.920685,0.920685,0.920685,0.920685,0.920685,0.920685,0.920685,0.920685,0.920685,0.920685,0.920685,0.920685,0.920685,0.920685,0.920685,0.920685,0.920685,0.920685,0.920685,0.920685,0.920685,0.920685,0.920685,0.920685,0.920685,0.920685,0.920685,0.920685,0.920685,0.920685,0.920685,0.920685,0.920685,0.920685,0.920685,0.920685,0.920685,0.920685,0.920685,0.920685,0.920685,0.920685,0.920685,0.920685,0.920685,0.920685,0.920685,0.920685,0.920685,0.920685,0.920685,0.920685,0.920685,0.920685,0.920685,0.920685,0.920685,0.920685,0.922638,0.922638,0.922638,0.922638,0.922638,0.922638,0.922638,0.922638,0.922638,0.922638,0.922638,0.922638,0.922638,0.922638,0.922638,0.922638,0.922638,0.922638,0.922638,0.922638,0.922638,0.922638,0.922638,0.922638,0.922638,0.922638,0.922638,0.922638,0.922638,0.922638,0.922638,0.924561,0.925049,0.925079,0.925079,0.925079,0.925079,0.925079,0.925079,0.925079,0.925079,0.925079,0.925079,0.925079,0.925079,0.925079,0.925079,0.925079,0.925079,0.925079,0.925079,0.925079,0.925079,0.925079,0.925079,0.925079,0.925079,0.925079,0.926544,0.926544,0.926544,0.926544,0.926544,0.928833,0.928833,0.928833,0.928833,0.928833,0.928833,0.928833,0.928833,0.928833,0.928833,0.928833,0.928833,0.928955,0.928955,0.928955,0.928955,0.928955,0.928955,0.928955,0.928955,0.928955,0.928955,0.928955,0.928955,0.928955,0.928955,0.928955,0.928955,0.928986,0.928986,0.928986,0.928986,0.928986,0.928986,0.928986,0.928986,0.928986,0.928986,0.928986,0.928986,0.928986,0.928986,0.928986,0.928986,0.928986,0.928986,0.928986,0.928986,0.928986,0.928986,0.928986,0.928986,0.928986,0.928986,0.928986,0.928986,0.928986,0.928986,0.928986,0.928986,0.928986,0.928986,0.928986,0.928986,0.928986,0.928986,0.928986,0.928986,0.928986,0.928986,0.928986,0.928986,0.928986,0.928986,0.928986,0.928986,0.928986,0.928986,0.928986,0.928986,0.928986,0.928986,0.928986,0.928986,0.928986,0.928986,0.928986,0.928986,0.928986,0.928986,0.928986,0.928986,0.928986,0.928986,0.928986,0.928986,0.928986,0.928986,0.928986,0.928986,0.928986,0.928986,0.928986,0.928986,0.928986,0.928986,0.928986,0.928986,0.928986,0.928986,0.928986,0.928986,0.928986,0.928986,0.928986,0.928986,0.928986,0.928986,0.928986,0.928986,0.928986,0.928986,0.928986,0.928986,0.928986,0.928986,0.928986,0.928986,0.928986,0.928986,0.928986,0.928986,0.928986,0.928986,0.928986,0.928986,0.928986,0.928986,0.928986,0.928986,0.928986,0.928986,0.928986,0.928986,0.928986,0.928986,0.928986,0.928986,0.928986,0.928986,0.928986,0.928986,0.928986,0.928986,0.928986,0.928986,0.928986,0.928986,0.928986,0.928986,0.928986,0.928986,0.928986,0.928986,0.928986,0.928986,0.928986,0.928986,0.928986,0.928986,0.928986,0.928986,0.928986,0.928986,0.928986,0.928986,0.928986,0.928986,0.929016,0.929016,0.929016,0.929016,0.929016,0.929016,0.929016,0.929016,0.929016,0.929016,0.929016,0.929016,0.929016,0.929016,0.929016,0.929016,0.929016,0.929016,0.929016,0.929016,0.929016,0.929016,0.929016,0.929016,0.929016,0.929016,
