kBasicLog: 1
kBreedEdges: 1
kBreedGates: 1
kBreedSample: 4
kBreedType: 0
kChildren: 100
kEvaluations: 50000
kGens: 100
kLegalGateTypes: 1
kLog: 1
kLogIter: 0
kMaxGenStagnation: 300
kMessUp: 0
kMutatePercent: 3
kMutationMode: 1
kMutations: 16
kPruneOrphans: 1
kSaveDotGraphs: 1
kSeed: 0
kThreads: 4
kThreshold: 1000
kTruthWeight: 1
columns: 13
rows: 5,5,5,5,5,5,5,5,5,5,5,5,4
goal_correct_count: 256
goal_total_count: 2048
goal_total_weighted_count: 65536
~
gates_used: 34
total_count: 1650
total_weighted_count: 0
percent: 0.805664
weighted_percent: 0.000000
evaluations: 50100
~
1476,1492,1500,1540,1554,1556,1558,1564,1566,1570,1570,1574,1578,1582,1582,1586,1586,1586,1586,1586,1586,1586,1586,1586,1586,1586,1586,1586,1586,1586,1586,1586,1586,1586,1586,1586,1586,1586,1586,1586,1586,1586,1586,1586,1586,1586,1586,1586,1586,1586,1586,1586,1586,1586,1586,1586,1586,1586,1586,1586,1586,1586,1586,1586,1586,1586,1586,1586,1586,1586,1586,1586,1586,1586,1586,1586,1586,1586,1586,1586,1586,1586,1586,1586,1586,1586,1586,1586,1586,1586,1586,1586,1586,1586,1586,1586,1586,1586,1586,1586,1586,1586,1586,1586,1586,1586,1586,1586,1586,1588,1588,1588,1588,1592,1600,1602,1602,1602,1604,1604,1604,1604,1606,1606,1606,1606,1606,1606,1606,1606,1606,1606,1606,1606,1606,1606,1606,1606,1606,1606,1606,1606,1606,1606,1606,1606,1606,1606,1606,1606,1606,1606,1606,1606,1606,1606,1606,1606,1606,1606,1606,1606,1606,1606,1606,1606,1606,1606,1606,1606,1606,1606,1606,1606,1606,1606,1606,1606,1606,1606,1606,1606,1606,1606,1606,1606,1606,1606,1606,1606,1606,1606,1606,1606,1606,1606,1606,1606,1606,1606,1606,1606,1606,1606,1606,1606,1606,1606,1606,1606,1606,1606,1606,1606,1606,1606,1606,1606,1606,1606,1608,1608,1608,1608,1608,1610,1610,1612,1612,1612,1612,1612,1612,1612,1612,1612,1612,1612,1612,1612,1612,1612,1612,1612,1612,1612,1612,1612,1612,1612,1612,1612,1616,1616,1616,1616,1616,1616,1616,1616,1616,1616,1616,1616,1616,1616,1622,1622,1622,1622,1622,1622,1622,1622,1622,1622,1622,1622,1622,1622,1622,1622,1622,1622,1622,1622,1624,1624,1632,1632,1632,1632,1632,1632,1632,1632,1632,1632,1632,1632,1632,1632,1632,1632,1632,1632,1632,1632,1632,1632,1632,1632,1632,1632,1632,1632,1632,1632,1632,1633,1633,1633,1633,1633,1633,1633,1633,1633,1633,1633,1633,1633,1633,1633,1633,1633,1633,1634,1634,1634,1634,1634,1634,1634,1634,1634,1634,1634,1634,1634,1634,1634,1634,1634,1634,1634,1634,1634,1634,1634,1642,1642,1642,1642,1642,1642,1642,1642,1642,1642,1642,1642,1642,1642,1642,1642,1642,1642,1642,1642,1642,1642,1642,1642,1650,1650,1650,1650,1650,1650,1650,1650,1650,1650,1650,1650,1650,1650,1650,1650,1650,1650,1650,1650,1650,1650,1650,1650,1650,1650,1650,1650,1650,1650,1650,1650,1650,1650,1650,1650,1650,1650,1650,1650,1650,1650,1650,1650,1650,1650,1650,1650,1650,1650,1650,1650,1650,1650,1650,1650,1650,1650,1650,1650,1650,1650,1650,1650,1650,1650,1650,1650,1650,1650,1650,1650,1650,1650,1650,1650,1650,1650,1650,1650,1650,1650,1650,1650,1650,1650,1650,1650,1650,1650,1650,1650,1650,1650,1650,1650,1650,1650,1650,1650,1650,1650,1650,1650,1650,1650,1650,1650,1650,1650,1650,1650,1650,1650,1650,1650,1650,
46760,47328,47584,52704,54110,54158,54174,55566,55574,55606,55606,55858,55922,55926,55926,55942,55942,55942,55942,55942,55942,55942,55942,55942,55942,55942,55942,55942,55942,55942,55942,55942,55942,55942,55942,55942,55942,55942,55942,55942,55942,55942,55942,55942,55942,55942,55942,55942,55942,55942,55942,55942,55942,55942,55942,55942,55942,55942,55942,55942,55942,55942,55942,55942,55942,55942,55942,55942,55942,55942,55942,55942,55942,55942,55942,55942,55942,55942,55942,55942,55942,55942,55942,55942,55942,55942,55942,55942,55942,55942,55942,55942,55942,55942,55942,55942,55942,55942,55942,55942,55942,55942,55942,55942,55942,55942,55942,55942,55942,56006,56006,56006,56006,56028,56044,56076,56076,56076,56092,56092,56092,56092,56156,56156,56156,56156,56156,56156,56156,56156,56156,56156,56156,56156,56156,56156,56156,56156,56156,56156,56156,56156,56156,56156,56156,56156,56156,56156,56156,56156,56156,56156,56156,56156,56156,56156,56156,56156,56156,56156,56156,56156,56156,56156,56156,56156,56156,56156,56156,56156,56156,56156,56156,56156,56156,56156,56156,56156,56156,56156,56156,56156,56156,56156,56156,56156,56156,56156,56156,56156,56156,56156,56156,56156,56156,56156,56156,56156,56156,56156,56156,56156,56156,56156,56156,56156,56156,56156,56156,56156,56156,56156,56156,56156,56156,56156,56156,56156,56156,56156,56160,56160,56160,56160,56160,56164,56164,56168,56168,56168,56168,56168,56168,56168,56168,56168,56168,56168,56168,56168,56168,56168,56168,56168,56168,56168,56168,56168,56168,56168,56168,56168,56176,56176,56176,56176,56176,56176,56176,56176,56176,56176,56176,56176,56176,56176,56188,56188,56188,56188,56188,56188,56188,56188,56188,56188,56188,56188,56188,56188,56188,56188,56188,56188,56188,56188,56316,56316,56572,56572,56572,56572,56572,56572,56572,56572,56572,56572,56572,56572,56572,56572,56572,56572,56572,56572,56572,56572,56572,56572,56572,56572,56572,56572,56572,56572,56572,56572,56572,56604,56604,56604,56604,56604,56604,56604,56604,56604,56604,56604,56604,56604,56604,56604,56604,56604,56604,56636,56636,56636,56636,56636,56636,56636,56636,56636,56636,56636,56636,56636,56636,56636,56636,56636,56636,56636,56636,56636,56636,56636,57148,57148,57148,57148,57148,57148,57148,57148,57148,57148,57148,57148,57148,57148,57148,57148,57148,57148,57148,57148,57148,57148,57148,57148,57276,57276,57276,57276,57276,57276,57276,57276,57276,57276,57276,57276,57276,57276,57276,57276,57276,57276,57276,57276,57276,57276,57276,57276,57276,57276,57276,57276,57276,57276,57276,57276,57276,57276,57276,57276,57276,57276,57276,57276,57276,57276,57276,57276,57276,57276,57276,57276,57276,57276,57276,57276,57276,57276,57276,57276,57276,57276,57276,57276,57276,57276,57276,57276,57276,57276,57276,57276,57276,57276,57276,57276,57276,57276,57276,57276,57276,57276,57276,57276,57276,57276,57276,57276,57276,57276,57276,57276,57276,57276,57276,57276,57276,57276,57276,57276,57276,57276,57276,57276,57276,57276,57276,57276,57276,57276,57276,57276,57276,57276,57276,57276,57276,57276,57276,57276,57276,
0.720703,0.728516,0.732422,0.751953,0.758789,0.759766,0.760742,0.763672,0.764648,0.766602,0.766602,0.768555,0.770508,0.772461,0.772461,0.774414,0.774414,0.774414,0.774414,0.774414,0.774414,0.774414,0.774414,0.774414,0.774414,0.774414,0.774414,0.774414,0.774414,0.774414,0.774414,0.774414,0.774414,0.774414,0.774414,0.774414,0.774414,0.774414,0.774414,0.774414,0.774414,0.774414,0.774414,0.774414,0.774414,0.774414,0.774414,0.774414,0.774414,0.774414,0.774414,0.774414,0.774414,0.774414,0.774414,0.774414,0.774414,0.774414,0.774414,0.774414,0.774414,0.774414,0.774414,0.774414,0.774414,0.774414,0.774414,0.774414,0.774414,0.774414,0.774414,0.774414,0.774414,0.774414,0.774414,0.774414,0.774414,0.774414,0.774414,0.774414,0.774414,0.774414,0.774414,0.774414,0.774414,0.774414,0.774414,0.774414,0.774414,0.774414,0.774414,0.774414,0.774414,0.774414,0.774414,0.774414,0.774414,0.774414,0.774414,0.774414,0.774414,0.774414,0.774414,0.774414,0.774414,0.774414,0.774414,0.774414,0.774414,0.775391,0.775391,0.775391,0.775391,0.777344,0.781250,0.782227,0.782227,0.782227,0.783203,0.783203,0.783203,0.783203,0.784180,0.784180,0.784180,0.784180,0.784180,0.784180,0.784180,0.784180,0.784180,0.784180,0.784180,0.784180,0.784180,0.784180,0.784180,0.784180,0.784180,0.784180,0.784180,0.784180,0.784180,0.784180,0.784180,0.784180,0.784180,0.784180,0.784180,0.784180,0.784180,0.784180,0.784180,0.784180,0.784180,0.784180,0.784180,0.784180,0.784180,0.784180,0.784180,0.784180,0.784180,0.784180,0.784180,0.784180,0.784180,0.784180,0.784180,0.784180,0.784180,0.784180,0.784180,0.784180,0.784180,0.784180,0.784180,0.784180,0.784180,0.784180,0.784180,0.784180,0.784180,0.784180,0.784180,0.784180,0.784180,0.784180,0.784180,0.784180,0.784180,0.784180,0.784180,0.784180,0.784180,0.784180,0.784180,0.784180,0.784180,0.784180,0.784180,0.784180,0.784180,0.784180,0.784180,0.784180,0.784180,0.784180,0.784180,0.784180,0.784180,0.784180,0.784180,0.784180,0.784180,0.784180,0.784180,0.784180,0.784180,0.784180,0.785156,0.785156,0.785156,0.785156,0.785156,0.786133,0.786133,0.787109,0.787109,0.787109,0.787109,0.787109,0.787109,0.787109,0.787109,0.787109,0.787109,0.787109,0.787109,0.787109,0.787109,0.787109,0.787109,0.787109,0.787109,0.787109,0.787109,0.787109,0.787109,0.787109,0.787109,0.787109,0.789062,0.789062,0.789062,0.789062,0.789062,0.789062,0.789062,0.789062,0.789062,0.789062,0.789062,0.789062,0.789062,0.789062,0.791992,0.791992,0.791992,0.791992,0.791992,0.791992,0.791992,0.791992,0.791992,0.791992,0.791992,0.791992,0.791992,0.791992,0.791992,0.791992,0.791992,0.791992,0.791992,0.791992,0.792969,0.792969,0.796875,0.796875,0.796875,0.796875,0.796875,0.796875,0.796875,0.796875,0.796875,0.796875,0.796875,0.796875,0.796875,0.796875,0.796875,0.796875,0.796875,0.796875,0.796875,0.796875,0.796875,0.796875,0.796875,0.796875,0.796875,0.796875,0.796875,0.796875,0.796875,0.796875,0.796875,0.797363,0.797363,0.797363,0.797363,0.797363,0.797363,0.797363,0.797363,0.797363,0.797363,0.797363,0.797363,0.797363,0.797363,0.797363,0.797363,0.797363,0.797363,0.797852,0.797852,0.797852,0.797852,0.797852,0.797852,0.797852,0.797852,0.797852,0.797852,0.797852,0.797852,0.797852,0.797852,0.797852,0.797852,0.797852,0.797852,0.797852,0.797852,0.797852,0.797852,0.797852,0.801758,0.801758,0.801758,0.801758,0.801758,0.801758,0.801758,0.801758,0.801758,0.801758,0.801758,0.801758,0.801758,0.801758,0.801758,0.801758,0.801758,0.801758,0.801758,0.801758,0.801758,0.801758,0.801758,0.801758,0.805664,0.805664,0.805664,0.805664,0.805664,0.805664,0.805664,0.805664,0.805664,0.805664,0.805664,0.805664,0.805664,0.805664,0.805664,0.805664,0.805664,0.805664,0.805664,0.805664,0.805664,0.805664,0.805664,0.805664,0.805664,0.805664,0.805664,0.805664,0.805664,0.805664,0.805664,0.805664,0.805664,0.805664,0.805664,0.805664,0.805664,0.805664,0.805664,0.805664,0.805664,0.805664,0.805664,0.805664,0.805664,0.805664,0.805664,0.805664,0.805664,0.805664,0.805664,0.805664,0.805664,0.805664,0.805664,0.805664,0.805664,0.805664,0.805664,0.805664,0.805664,0.805664,0.805664,0.805664,0.805664,0.805664,0.805664,0.805664,0.805664,0.805664,0.805664,0.805664,0.805664,0.805664,0.805664,0.805664,0.805664,0.805664,0.805664,0.805664,0.805664,0.805664,0.805664,0.805664,0.805664,0.805664,0.805664,0.805664,0.805664,0.805664,0.805664,0.805664,0.805664,0.805664,0.805664,0.805664,0.805664,0.805664,0.805664,0.805664,0.805664,0.805664,0.805664,0.805664,0.805664,0.805664,0.805664,0.805664,0.805664,0.805664,0.805664,0.805664,0.805664,0.805664,0.805664,0.805664,0.805664,
0.713501,0.722168,0.726074,0.804199,0.825653,0.826385,0.826630,0.847870,0.847992,0.848480,0.848480,0.852325,0.853302,0.853363,0.853363,0.853607,0.853607,0.853607,0.853607,0.853607,0.853607,0.853607,0.853607,0.853607,0.853607,0.853607,0.853607,0.853607,0.853607,0.853607,0.853607,0.853607,0.853607,0.853607,0.853607,0.853607,0.853607,0.853607,0.853607,0.853607,0.853607,0.853607,0.853607,0.853607,0.853607,0.853607,0.853607,0.853607,0.853607,0.853607,0.853607,0.853607,0.853607,0.853607,0.853607,0.853607,0.853607,0.853607,0.853607,0.853607,0.853607,0.853607,0.853607,0.853607,0.853607,0.853607,0.853607,0.853607,0.853607,0.853607,0.853607,0.853607,0.853607,0.853607,0.853607,0.853607,0.853607,0.853607,0.853607,0.853607,0.853607,0.853607,0.853607,0.853607,0.853607,0.853607,0.853607,0.853607,0.853607,0.853607,0.853607,0.853607,0.853607,0.853607,0.853607,0.853607,0.853607,0.853607,0.853607,0.853607,0.853607,0.853607,0.853607,0.853607,0.853607,0.853607,0.853607,0.853607,0.853607,0.854584,0.854584,0.854584,0.854584,0.854919,0.855164,0.855652,0.855652,0.855652,0.855896,0.855896,0.855896,0.855896,0.856873,0.856873,0.856873,0.856873,0.856873,0.856873,0.856873,0.856873,0.856873,0.856873,0.856873,0.856873,0.856873,0.856873,0.856873,0.856873,0.856873,0.856873,0.856873,0.856873,0.856873,0.856873,0.856873,0.856873,0.856873,0.856873,0.856873,0.856873,0.856873,0.856873,0.856873,0.856873,0.856873,0.856873,0.856873,0.856873,0.856873,0.856873,0.856873,0.856873,0.856873,0.856873,0.856873,0.856873,0.856873,0.856873,0.856873,0.856873,0.856873,0.856873,0.856873,0.856873,0.856873,0.856873,0.856873,0.856873,0.856873,0.856873,0.856873,0.856873,0.856873,0.856873,0.856873,0.856873,0.856873,0.856873,0.856873,0.856873,0.856873,0.856873,0.856873,0.856873,0.856873,0.856873,0.856873,0.856873,0.856873,0.856873,0.856873,0.856873,0.856873,0.856873,0.856873,0.856873,0.856873,0.856873,0.856873,0.856873,0.856873,0.856873,0.856873,0.856873,0.856873,0.856873,0.856873,0.856873,0.856873,0.856873,0.856934,0.856934,0.856934,0.856934,0.856934,0.856995,0.856995,0.857056,0.857056,0.857056,0.857056,0.857056,0.857056,0.857056,0.857056,0.857056,0.857056,0.857056,0.857056,0.857056,0.857056,0.857056,0.857056,0.857056,0.857056,0.857056,0.857056,0.857056,0.857056,0.857056,0.857056,0.857056,0.857178,0.857178,0.857178,0.857178,0.857178,0.857178,0.857178,0.857178,0.857178,0.857178,0.857178,0.857178,0.857178,0.857178,0.857361,0.857361,0.857361,0.857361,0.857361,0.857361,0.857361,0.857361,0.857361,0.857361,0.857361,0.857361,0.857361,0.857361,0.857361,0.857361,0.857361,0.857361,0.857361,0.857361,0.859314,0.859314,0.863220,0.863220,0.863220,0.863220,0.863220,0.863220,0.863220,0.863220,0.863220,0.863220,0.863220,0.863220,0.863220,0.863220,0.863220,0.863220,0.863220,0.863220,0.863220,0.863220,0.863220,0.863220,0.863220,0.863220,0.863220,0.863220,0.863220,0.863220,0.863220,0.863220,0.863220,0.863708,0.863708,0.863708,0.863708,0.863708,0.863708,0.863708,0.863708,0.863708,0.863708,0.863708,0.863708,0.863708,0.863708,0.863708,0.863708,0.863708,0.863708,0.864197,0.864197,0.864197,0.864197,0.864197,0.864197,0.864197,0.864197,0.864197,0.864197,0.864197,0.864197,0.864197,0.864197,0.864197,0.864197,0.864197,0.864197,0.864197,0.864197,0.864197,0.864197,0.864197,0.872009,0.872009,0.872009,0.872009,0.872009,0.872009,0.872009,0.872009,0.872009,0.872009,0.872009,0.872009,0.872009,0.872009,0.872009,0.872009,0.872009,0.872009,0.872009,0.872009,0.872009,0.872009,0.872009,0.872009,0.873962,0.873962,0.873962,0.873962,0.873962,0.873962,0.873962,0.873962,0.873962,0.873962,0.873962,0.873962,0.873962,0.873962,0.873962,0.873962,0.873962,0.873962,0.873962,0.873962,0.873962,0.873962,0.873962,0.873962,0.873962,0.873962,0.873962,0.873962,0.873962,0.873962,0.873962,0.873962,0.873962,0.873962,0.873962,0.873962,0.873962,0.873962,0.873962,0.873962,0.873962,0.873962,0.873962,0.873962,0.873962,0.873962,0.873962,0.873962,0.873962,0.873962,0.873962,0.873962,0.873962,0.873962,0.873962,0.873962,0.873962,0.873962,0.873962,0.873962,0.873962,0.873962,0.873962,0.873962,0.873962,0.873962,0.873962,0.873962,0.873962,0.873962,0.873962,0.873962,0.873962,0.873962,0.873962,0.873962,0.873962,0.873962,0.873962,0.873962,0.873962,0.873962,0.873962,0.873962,0.873962,0.873962,0.873962,0.873962,0.873962,0.873962,0.873962,0.873962,0.873962,0.873962,0.873962,0.873962,0.873962,0.873962,0.873962,0.873962,0.873962,0.873962,0.873962,0.873962,0.873962,0.873962,0.873962,0.873962,0.873962,0.873962,0.873962,0.873962,0.873962,0.873962,0.873962,0.873962,0.873962,
