kBasicLog: 1
kBreedEdges: 1
kBreedGates: 1
kBreedSample: 4
kBreedType: 0
kChildren: 100
kEvaluations: 20000
kGens: 100
kLegalGateTypes: 1
kLog: 1
kLogIter: 17
kMaxGenStagnation: 300
kMessUp: 0
kMutatePercent: 1
kMutationMode: 1
kMutations: 6
kPruneOrphans: 1
kSaveDotGraphs: 1
kSeed: 0
kThreads: 4
kThreshold: 1000
kTruthWeight: 1
columns: 13
rows: 5,5,5,5,5,5,5,5,5,5,5,5,4
goal_correct_count: 256
goal_total_count: 2048
goal_total_weighted_count: 65536
~
gates_used: 26
total_count: 1624
total_weighted_count: 0
percent: 0.792969
weighted_percent: 0.000000
evaluations: 20100
~
1420,1428,1442,1450,1460,1492,1500,1508,1520,1530,1538,1538,1538,1538,1538,1538,1538,1538,1538,1538,1538,1538,1538,1538,1538,1538,1538,1538,1538,1540,1542,1546,1548,1564,1568,1572,1574,1582,1586,1590,1598,1600,1604,1604,1604,1604,1604,1604,1604,1604,1604,1604,1604,1604,1604,1604,1604,1604,1604,1604,1604,1604,1604,1604,1604,1604,1604,1604,1604,1604,1604,1604,1604,1604,1604,1604,1604,1604,1604,1604,1604,1604,1604,1604,1604,1604,1604,1604,1604,1604,1604,1606,1606,1608,1608,1608,1614,1614,1614,1614,1614,1614,1614,1614,1614,1614,1616,1616,1616,1616,1616,1616,1616,1616,1616,1616,1616,1618,1618,1618,1618,1618,1618,1618,1618,1618,1620,1620,1620,1620,1620,1620,1620,1620,1620,1620,1620,1620,1620,1620,1620,1620,1620,1620,1620,1620,1620,1620,1620,1620,1620,1620,1620,1620,1620,1620,1620,1620,1620,1620,1620,1620,1620,1620,1620,1620,1620,1620,1620,1620,1620,1620,1620,1620,1620,1620,1620,1624,1624,1624,1624,1624,1624,1624,1624,1624,1624,1624,1624,1624,1624,1624,1624,1624,1624,1624,1624,1624,1624,1624,1624,
45122,45154,46174,46308,46824,51944,51960,53496,53688,55524,55992,55992,55992,55992,55992,55992,55992,55992,55992,55992,55992,55992,55992,55992,55992,55992,55992,55992,55992,56000,56016,56024,56040,56552,58412,58428,58444,58512,58520,58584,58616,58624,58656,58656,58656,58656,58656,58656,58656,58656,58656,58656,58656,58656,58656,58656,58656,58656,58656,58656,58656,58656,58656,58656,58656,58656,58656,58656,58656,58656,58656,58656,58656,58656,58656,58656,58656,58656,58656,58656,58656,58656,58656,58656,58656,58656,58656,58656,58656,58656,58656,58664,58664,58666,58666,58666,58672,58672,58672,58672,58672,58672,58672,58672,58672,58672,58680,58680,58680,58680,58680,58680,58680,58680,58680,58680,58680,58682,58682,58682,58682,58682,58682,58682,58682,58682,58684,58684,58684,58684,58684,58684,58684,58684,58684,58684,58684,58684,58684,58684,58684,58684,58684,58684,58684,58684,58684,58684,58684,58684,58684,58684,58684,58684,58684,58684,58684,58684,58684,58684,58684,58684,58684,58684,58684,58684,58684,58684,58684,58684,58684,58684,58684,58684,58684,58684,58684,58688,58688,58688,58688,58688,58688,58688,58688,58688,58688,58688,58688,58688,58688,58688,58688,58688,58688,58688,58688,58688,58688,58688,58688,
0.693359,0.697266,0.704102,0.708008,0.712891,0.728516,0.732422,0.736328,0.742188,0.747070,0.750977,0.750977,0.750977,0.750977,0.750977,0.750977,0.750977,0.750977,0.750977,0.750977,0.750977,0.750977,0.750977,0.750977,0.750977,0.750977,0.750977,0.750977,0.750977,0.751953,0.752930,0.754883,0.755859,0.763672,0.765625,0.767578,0.768555,0.772461,0.774414,0.776367,0.780273,0.781250,0.783203,0.783203,0.783203,0.783203,0.783203,0.783203,0.783203,0.783203,0.783203,0.783203,0.783203,0.783203,0.783203,0.783203,0.783203,0.783203,0.783203,0.783203,0.783203,0.783203,0.783203,0.783203,0.783203,0.783203,0.783203,0.783203,0.783203,0.783203,0.783203,0.783203,0.783203,0.783203,0.783203,0.783203,0.783203,0.783203,0.783203,0.783203,0.783203,0.783203,0.783203,0.783203,0.783203,0.783203,0.783203,0.783203,0.783203,0.783203,0.783203,0.784180,0.784180,0.785156,0.785156,0.785156,0.788086,0.788086,0.788086,0.788086,0.788086,0.788086,0.788086,0.788086,0.788086,0.788086,0.789062,0.789062,0.789062,0.789062,0.789062,0.789062,0.789062,0.789062,0.789062,0.789062,0.789062,0.790039,0.790039,0.790039,0.790039,0.790039,0.790039,0.790039,0.790039,0.790039,0.791016,0.791016,0.791016,0.791016,0.791016,0.791016,0.791016,0.791016,0.791016,0.791016,0.791016,0.791016,0.791016,0.791016,0.791016,0.791016,0.791016,0.791016,0.791016,0.791016,0.791016,0.791016,0.791016,0.791016,0.791016,0.791016,0.791016,0.791016,0.791016,0.791016,0.791016,0.791016,0.791016,0.791016,0.791016,0.791016,0.791016,0.791016,0.791016,0.791016,0.791016,0.791016,0.791016,0.791016,0.791016,0.791016,0.791016,0.791016,0.791016,0.791016,0.791016,0.792969,0.792969,0.792969,0.792969,0.792969,0.792969,0.792969,0.792969,0.792969,0.792969,0.792969,0.792969,0.792969,0.792969,0.792969,0.792969,0.792969,0.792969,0.792969,0.792969,0.792969,0.792969,0.792969,0.792969,
0.688507,0.688995,0.704559,0.706604,0.714478,0.792603,0.792847,0.816284,0.819214,0.847229,0.854370,0.854370,0.854370,0.854370,0.854370,0.854370,0.854370,0.854370,0.854370,0.854370,0.854370,0.854370,0.854370,0.854370,0.854370,0.854370,0.854370,0.854370,0.854370,0.854492,0.854736,0.854858,0.855103,0.862915,0.891296,0.891541,0.891785,0.892822,0.892944,0.893921,0.894409,0.894531,0.895020,0.895020,0.895020,0.895020,0.895020,0.895020,0.895020,0.895020,0.895020,0.895020,0.895020,0.895020,0.895020,0.895020,0.895020,0.895020,0.895020,0.895020,0.895020,0.895020,0.895020,0.895020,0.895020,0.895020,0.895020,0.895020,0.895020,0.895020,0.895020,0.895020,0.895020,0.895020,0.895020,0.895020,0.895020,0.895020,0.895020,0.895020,0.895020,0.895020,0.895020,0.895020,0.895020,0.895020,0.895020,0.895020,0.895020,0.895020,0.895020,0.895142,0.895142,0.895172,0.895172,0.895172,0.895264,0.895264,0.895264,0.895264,0.895264,0.895264,0.895264,0.895264,0.895264,0.895264,0.895386,0.895386,0.895386,0.895386,0.895386,0.895386,0.895386,0.895386,0.895386,0.895386,0.895386,0.895416,0.895416,0.895416,0.895416,0.895416,0.895416,0.895416,0.895416,0.895416,0.895447,0.895447,0.895447,0.895447,0.895447,0.895447,0.895447,0.895447,0.895447,0.895447,0.895447,0.895447,0.895447,0.895447,0.895447,0.895447,0.895447,0.895447,0.895447,0.895447,0.895447,0.895447,0.895447,0.895447,0.895447,0.895447,0.895447,0.895447,0.895447,0.895447,0.895447,0.895447,0.895447,0.895447,0.895447,0.895447,0.895447,0.895447,0.895447,0.895447,0.895447,0.895447,0.895447,0.895447,0.895447,0.895447,0.895447,0.895447,0.895447,0.895447,0.895447,0.895508,0.895508,0.895508,0.895508,0.895508,0.895508,0.895508,0.895508,0.895508,0.895508,0.895508,0.895508,0.895508,0.895508,0.895508,0.895508,0.895508,0.895508,0.895508,0.895508,0.895508,0.895508,0.895508,0.895508,
