kBasicLog: 1
kBreedEdges: 1
kBreedGates: 1
kBreedSample: 4
kBreedType: 0
kChildren: 100
kEvaluations: 20000
kGens: 100
kLegalGateTypes: 1
kLog: 1
kLogIter: 19
kMaxGenStagnation: 300
kMessUp: 0
kMutatePercent: 1
kMutationMode: 1
kMutations: 6
kPruneOrphans: 1
kSaveDotGraphs: 1
kSeed: 0
kThreads: 4
kThreshold: 1000
kTruthWeight: 1
columns: 13
rows: 5,5,5,5,5,5,5,5,5,5,5,5,4
goal_correct_count: 256
goal_total_count: 2048
goal_total_weighted_count: 65536
~
gates_used: 28
total_count: 1654
total_weighted_count: 0
percent: 0.807617
weighted_percent: 0.000000
evaluations: 20100
~
1448,1458,1474,1490,1522,1530,1538,1544,1548,1552,1554,1556,1556,1556,1558,1558,1560,1564,1564,1564,1564,1564,1564,1584,1586,1586,1588,1588,1592,1592,1592,1592,1592,1592,1592,1592,1592,1596,1596,1596,1596,1596,1596,1596,1596,1596,1596,1596,1596,1596,1596,1596,1596,1596,1596,1604,1604,1604,1604,1606,1608,1608,1608,1618,1618,1620,1620,1620,1620,1620,1620,1620,1620,1620,1620,1620,1620,1620,1620,1620,1620,1620,1620,1620,1620,1620,1620,1620,1620,1620,1620,1620,1620,1620,1620,1620,1620,1620,1620,1620,1620,1620,1620,1620,1620,1620,1620,1620,1620,1620,1620,1620,1620,1620,1624,1624,1624,1624,1624,1624,1624,1624,1624,1624,1624,1624,1626,1626,1626,1626,1626,1626,1626,1626,1626,1626,1626,1626,1626,1626,1626,1626,1626,1626,1628,1628,1632,1632,1632,1634,1636,1636,1640,1646,1646,1646,1646,1646,1646,1646,1646,1646,1646,1646,1646,1646,1646,1646,1646,1646,1646,1646,1646,1646,1646,1646,1646,1646,1646,1654,1654,1654,1654,1654,1654,1654,1654,1654,1654,1654,1654,1654,1654,1654,1654,1654,1654,1654,1654,1654,1654,
46450,47462,49510,53606,55654,55896,56152,56176,56180,56212,56244,56246,56246,56246,56278,56278,56294,56388,56388,56388,56388,56388,56388,57444,57446,57446,57448,57448,57464,57464,57464,57464,57464,57464,57464,57464,57464,57468,57468,57468,57468,57468,57468,57468,57468,57468,57468,57468,57468,57468,57468,57468,57468,57468,57468,58436,58436,58436,58436,58444,58452,58452,58452,58532,58532,58548,58548,58548,58548,58548,58548,58548,58548,58548,58548,58548,58548,58548,58548,58548,58548,58548,58548,58548,58548,58548,58548,58548,58548,58548,58548,58548,58548,58548,58548,58548,58548,58548,58548,58548,58548,58548,58548,58548,58548,58548,58548,58548,58548,58548,58548,58548,58548,58548,58612,58612,58612,58612,58612,58612,58612,58612,58612,58612,58612,58612,58644,58644,58644,58644,58644,58644,58644,58644,58644,58644,58644,58644,58644,58644,58644,58644,58644,58644,58652,58652,58660,58660,58660,59124,59132,59132,59148,59172,59172,59172,59172,59172,59172,59172,59172,59172,59172,59172,59172,59172,59172,59172,59172,59172,59172,59172,59172,59172,59172,59172,59172,59172,59172,59428,59428,59428,59428,59428,59428,59428,59428,59428,59428,59428,59428,59428,59428,59428,59428,59428,59428,59428,59428,59428,59428,
0.707031,0.711914,0.719727,0.727539,0.743164,0.747070,0.750977,0.753906,0.755859,0.757812,0.758789,0.759766,0.759766,0.759766,0.760742,0.760742,0.761719,0.763672,0.763672,0.763672,0.763672,0.763672,0.763672,0.773438,0.774414,0.774414,0.775391,0.775391,0.777344,0.777344,0.777344,0.777344,0.777344,0.777344,0.777344,0.777344,0.777344,0.779297,0.779297,0.779297,0.779297,0.779297,0.779297,0.779297,0.779297,0.779297,0.779297,0.779297,0.779297,0.779297,0.779297,0.779297,0.779297,0.779297,0.779297,0.783203,0.783203,0.783203,0.783203,0.784180,0.785156,0.785156,0.785156,0.790039,0.790039,0.791016,0.791016,0.791016,0.791016,0.791016,0.791016,0.791016,0.791016,0.791016,0.791016,0.791016,0.791016,0.791016,0.791016,0.791016,0.791016,0.791016,0.791016,0.791016,0.791016,0.791016,0.791016,0.791016,0.791016,0.791016,0.791016,0.791016,0.791016,0.791016,0.791016,0.791016,0.791016,0.791016,0.791016,0.791016,0.791016,0.791016,0.791016,0.791016,0.791016,0.791016,0.791016,0.791016,0.791016,0.791016,0.791016,0.791016,0.791016,0.791016,0.792969,0.792969,0.792969,0.792969,0.792969,0.792969,0.792969,0.792969,0.792969,0.792969,0.792969,0.792969,0.793945,0.793945,0.793945,0.793945,0.793945,0.793945,0.793945,0.793945,0.793945,0.793945,0.793945,0.793945,0.793945,0.793945,0.793945,0.793945,0.793945,0.793945,0.794922,0.794922,0.796875,0.796875,0.796875,0.797852,0.798828,0.798828,0.800781,0.803711,0.803711,0.803711,0.803711,0.803711,0.803711,0.803711,0.803711,0.803711,0.803711,0.803711,0.803711,0.803711,0.803711,0.803711,0.803711,0.803711,0.803711,0.803711,0.803711,0.803711,0.803711,0.803711,0.803711,0.803711,0.803711,0.807617,0.807617,0.807617,0.807617,0.807617,0.807617,0.807617,0.807617,0.807617,0.807617,0.807617,0.807617,0.807617,0.807617,0.807617,0.807617,0.807617,0.807617,0.807617,0.807617,0.807617,0.807617,
0.708771,0.724213,0.755463,0.817963,0.849213,0.852905,0.856812,0.857178,0.857239,0.857727,0.858215,0.858246,0.858246,0.858246,0.858734,0.858734,0.858978,0.860413,0.860413,0.860413,0.860413,0.860413,0.860413,0.876526,0.876556,0.876556,0.876587,0.876587,0.876831,0.876831,0.876831,0.876831,0.876831,0.876831,0.876831,0.876831,0.876831,0.876892,0.876892,0.876892,0.876892,0.876892,0.876892,0.876892,0.876892,0.876892,0.876892,0.876892,0.876892,0.876892,0.876892,0.876892,0.876892,0.876892,0.876892,0.891663,0.891663,0.891663,0.891663,0.891785,0.891907,0.891907,0.891907,0.893127,0.893127,0.893372,0.893372,0.893372,0.893372,0.893372,0.893372,0.893372,0.893372,0.893372,0.893372,0.893372,0.893372,0.893372,0.893372,0.893372,0.893372,0.893372,0.893372,0.893372,0.893372,0.893372,0.893372,0.893372,0.893372,0.893372,0.893372,0.893372,0.893372,0.893372,0.893372,0.893372,0.893372,0.893372,0.893372,0.893372,0.893372,0.893372,0.893372,0.893372,0.893372,0.893372,0.893372,0.893372,0.893372,0.893372,0.893372,0.893372,0.893372,0.893372,0.894348,0.894348,0.894348,0.894348,0.894348,0.894348,0.894348,0.894348,0.894348,0.894348,0.894348,0.894348,0.894836,0.894836,0.894836,0.894836,0.894836,0.894836,0.894836,0.894836,0.894836,0.894836,0.894836,0.894836,0.894836,0.894836,0.894836,0.894836,0.894836,0.894836,0.894958,0.894958,0.895081,0.895081,0.895081,0.902161,0.902283,0.902283,0.902527,0.902893,0.902893,0.902893,0.902893,0.902893,0.902893,0.902893,0.902893,0.902893,0.902893,0.902893,0.902893,0.902893,0.902893,0.902893,0.902893,0.902893,0.902893,0.902893,0.902893,0.902893,0.902893,0.902893,0.902893,0.902893,0.902893,0.906799,0.906799,0.906799,0.906799,0.906799,0.906799,0.906799,0.906799,0.906799,0.906799,0.906799,0.906799,0.906799,0.906799,0.906799,0.906799,0.906799,0.906799,0.906799,0.906799,0.906799,0.906799,
