kBasicLog: 1
kBreedEdges: 1
kBreedGates: 1
kBreedSample: 4
kBreedType: 0
kChildren: 100
kEvaluations: 20000
kGens: 100
kLegalGateTypes: 1
kLog: 1
kLogIter: 8
kMaxGenStagnation: 300
kMessUp: 0
kMutatePercent: 1
kMutationMode: 1
kMutations: 6
kPruneOrphans: 1
kSaveDotGraphs: 1
kSeed: 0
kThreads: 4
kThreshold: 1000
kTruthWeight: 1
columns: 13
rows: 5,5,5,5,5,5,5,5,5,5,5,5,4
goal_correct_count: 256
goal_total_count: 2048
goal_total_weighted_count: 65536
~
gates_used: 31
total_count: 1650
total_weighted_count: 0
percent: 0.805664
weighted_percent: 0.000000
evaluations: 20100
~
1500,1518,1524,1528,1530,1530,1530,1530,1530,1530,1530,1530,1530,1536,1556,1580,1590,1596,1608,1610,1626,1632,1636,1644,1648,1648,1648,1648,1648,1648,1648,1648,1648,1648,1648,1648,1650,1650,1650,1650,1650,1650,1650,1650,1650,1650,1650,1650,1650,1650,1650,1650,1650,1650,1650,1650,1650,1650,1650,1650,1650,1650,1650,1650,1650,1650,1650,1650,1650,1650,1650,1650,1650,1650,1650,1650,1650,1650,1650,1650,1650,1650,1650,1650,1650,1650,1650,1650,1650,1650,1650,1650,1650,1650,1650,1650,1650,1650,1650,1650,1650,1650,1650,1650,1650,1650,1650,1650,1650,1650,1650,1650,1650,1650,1650,1650,1650,1650,1650,1650,1650,1650,1650,1650,1650,1650,1650,1650,1650,1650,1650,1650,1650,1650,1650,1650,1650,1650,1650,1650,1650,1650,1650,1650,1650,1650,1650,1650,1650,1650,1650,1650,1650,1650,1650,1650,1650,1650,1650,1650,1650,1650,1650,1650,1650,1650,1650,1650,1650,1650,1650,1650,1650,1650,1650,1650,1650,1650,1650,1650,1650,1650,1650,1650,1650,1650,1650,1650,1650,1650,1650,1650,1650,1650,1650,1650,1650,1650,1650,1650,1650,
56172,56432,56456,56488,56492,56492,56492,56492,56492,56492,56492,56492,56492,56498,59284,59450,59542,59548,59596,59804,60316,60364,60428,60684,60748,60748,60748,60748,60748,60748,60748,60748,60748,60748,60748,60748,60752,60752,60752,60752,60752,60752,60752,60752,60752,60752,60752,60752,60752,60752,60752,60752,60752,60752,60752,60752,60752,60752,60752,60752,60752,60752,60752,60752,60752,60752,60752,60752,60752,60752,60752,60752,60752,60752,60752,60752,60752,60752,60752,60752,60752,60752,60752,60752,60752,60752,60752,60752,60752,60752,60752,60752,60752,60752,60752,60752,60752,60752,60752,60752,60752,60752,60752,60752,60752,60752,60752,60752,60752,60752,60752,60752,60752,60752,60752,60752,60752,60752,60752,60752,60752,60752,60752,60752,60752,60752,60752,60752,60752,60752,60752,60752,60752,60752,60752,60752,60752,60752,60752,60752,60752,60752,60752,60752,60752,60752,60752,60752,60752,60752,60752,60752,60752,60752,60752,60752,60752,60752,60752,60752,60752,60752,60752,60752,60752,60752,60752,60752,60752,60752,60752,60752,60752,60752,60752,60752,60752,60752,60752,60752,60752,60752,60752,60752,60752,60752,60752,60752,60752,60752,60752,60752,60752,60752,60752,60752,60752,60752,60752,60752,60752,
0.732422,0.741211,0.744141,0.746094,0.747070,0.747070,0.747070,0.747070,0.747070,0.747070,0.747070,0.747070,0.747070,0.750000,0.759766,0.771484,0.776367,0.779297,0.785156,0.786133,0.793945,0.796875,0.798828,0.802734,0.804688,0.804688,0.804688,0.804688,0.804688,0.804688,0.804688,0.804688,0.804688,0.804688,0.804688,0.804688,0.805664,0.805664,0.805664,0.805664,0.805664,0.805664,0.805664,0.805664,0.805664,0.805664,0.805664,0.805664,0.805664,0.805664,0.805664,0.805664,0.805664,0.805664,0.805664,0.805664,0.805664,0.805664,0.805664,0.805664,0.805664,0.805664,0.805664,0.805664,0.805664,0.805664,0.805664,0.805664,0.805664,0.805664,0.805664,0.805664,0.805664,0.805664,0.805664,0.805664,0.805664,0.805664,0.805664,0.805664,0.805664,0.805664,0.805664,0.805664,0.805664,0.805664,0.805664,0.805664,0.805664,0.805664,0.805664,0.805664,0.805664,0.805664,0.805664,0.805664,0.805664,0.805664,0.805664,0.805664,0.805664,0.805664,0.805664,0.805664,0.805664,0.805664,0.805664,0.805664,0.805664,0.805664,0.805664,0.805664,0.805664,0.805664,0.805664,0.805664,0.805664,0.805664,0.805664,0.805664,0.805664,0.805664,0.805664,0.805664,0.805664,0.805664,0.805664,0.805664,0.805664,0.805664,0.805664,0.805664,0.805664,0.805664,0.805664,0.805664,0.805664,0.805664,0.805664,0.805664,0.805664,0.805664,0.805664,0.805664,0.805664,0.805664,0.805664,0.805664,0.805664,0.805664,0.805664,0.805664,0.805664,0.805664,0.805664,0.805664,0.805664,0.805664,0.805664,0.805664,0.805664,0.805664,0.805664,0.805664,0.805664,0.805664,0.805664,0.805664,0.805664,0.805664,0.805664,0.805664,0.805664,0.805664,0.805664,0.805664,0.805664,0.805664,0.805664,0.805664,0.805664,0.805664,0.805664,0.805664,0.805664,0.805664,0.805664,0.805664,0.805664,0.805664,0.805664,0.805664,0.805664,0.805664,0.805664,0.805664,0.805664,0.805664,0.805664,0.805664,0.805664,
0.857117,0.861084,0.861450,0.861938,0.862000,0.862000,0.862000,0.862000,0.862000,0.862000,0.862000,0.862000,0.862000,0.862091,0.904602,0.907135,0.908539,0.908630,0.909363,0.912537,0.920349,0.921082,0.922058,0.925964,0.926941,0.926941,0.926941,0.926941,0.926941,0.926941,0.926941,0.926941,0.926941,0.926941,0.926941,0.926941,0.927002,0.927002,0.927002,0.927002,0.927002,0.927002,0.927002,0.927002,0.927002,0.927002,0.927002,0.927002,0.927002,0.927002,0.927002,0.927002,0.927002,0.927002,0.927002,0.927002,0.927002,0.927002,0.927002,0.927002,0.927002,0.927002,0.927002,0.927002,0.927002,0.927002,0.927002,0.927002,0.927002,0.927002,0.927002,0.927002,0.927002,0.927002,0.927002,0.927002,0.927002,0.927002,0.927002,0.927002,0.927002,0.927002,0.927002,0.927002,0.927002,0.927002,0.927002,0.927002,0.927002,0.927002,0.927002,0.927002,0.927002,0.927002,0.927002,0.927002,0.927002,0.927002,0.927002,0.927002,0.927002,0.927002,0.927002,0.927002,0.927002,0.927002,0.927002,0.927002,0.927002,0.927002,0.927002,0.927002,0.927002,0.927002,0.927002,0.927002,0.927002,0.927002,0.927002,0.927002,0.927002,0.927002,0.927002,0.927002,0.927002,0.927002,0.927002,0.927002,0.927002,0.927002,0.927002,0.927002,0.927002,0.927002,0.927002,0.927002,0.927002,0.927002,0.927002,0.927002,0.927002,0.927002,0.927002,0.927002,0.927002,0.927002,0.927002,0.927002,0.927002,0.927002,0.927002,0.927002,0.927002,0.927002,0.927002,0.927002,0.927002,0.927002,0.927002,0.927002,0.927002,0.927002,0.927002,0.927002,0.927002,0.927002,0.927002,0.927002,0.927002,0.927002,0.927002,0.927002,0.927002,0.927002,0.927002,0.927002,0.927002,0.927002,0.927002,0.927002,0.927002,0.927002,0.927002,0.927002,0.927002,0.927002,0.927002,0.927002,0.927002,0.927002,0.927002,0.927002,0.927002,0.927002,0.927002,0.927002,0.927002,0.927002,0.927002,0.927002,0.927002,
