kBasicLog: 1
kBreedEdges: 1
kBreedGates: 1
kBreedSample: 4
kBreedType: 0
kChildren: 100
kEvaluations: 20000
kGens: 100
kLegalGateTypes: 1
kLog: 1
kLogIter: 2
kMaxGenStagnation: 300
kMessUp: 0
kMutatePercent: 1
kMutationMode: 1
kMutations: 6
kPruneOrphans: 1
kSaveDotGraphs: 1
kSeed: 0
kThreads: 4
kThreshold: 1000
kTruthWeight: 1
columns: 13
rows: 5,5,5,5,5,5,5,5,5,5,5,5,4
goal_correct_count: 256
goal_total_count: 2048
goal_total_weighted_count: 65536
~
gates_used: 37
total_count: 1574
total_weighted_count: 0
percent: 0.768555
weighted_percent: 0.000000
evaluations: 20100
~
1410,1420,1422,1422,1478,1486,1494,1502,1504,1522,1522,1534,1536,1536,1548,1548,1552,1552,1552,1554,1554,1554,1554,1554,1556,1556,1556,1556,1556,1556,1556,1556,1556,1556,1556,1556,1560,1560,1560,1560,1568,1568,1568,1568,1568,1568,1568,1568,1572,1572,1572,1572,1572,1572,1572,1572,1572,1572,1572,1572,1572,1572,1572,1572,1572,1572,1572,1572,1572,1572,1572,1572,1572,1572,1572,1572,1572,1572,1572,1572,1572,1572,1572,1572,1572,1572,1572,1572,1572,1572,1572,1572,1572,1572,1572,1572,1572,1572,1572,1572,1572,1572,1572,1572,1572,1572,1572,1572,1572,1572,1572,1572,1572,1572,1572,1572,1572,1572,1572,1572,1572,1572,1572,1572,1572,1572,1572,1572,1572,1572,1572,1572,1572,1572,1572,1572,1572,1572,1572,1572,1572,1572,1572,1572,1572,1572,1572,1572,1572,1572,1572,1572,1572,1574,1574,1574,1574,1574,1574,1574,1574,1574,1574,1574,1574,1574,1574,1574,1574,1574,1574,1574,1574,1574,1574,1574,1574,1574,1574,1574,1574,1574,1574,1574,1574,1574,1574,1574,1574,1574,1574,1574,1574,1574,1574,1574,1574,1574,1574,1574,1574,
46044,46124,46140,46140,53820,54332,54844,55356,55364,56396,56396,56444,56460,56460,57452,57452,57468,57468,57468,57484,57484,57484,57484,57484,57500,57500,57500,57500,57500,57500,57500,57500,57500,57500,57500,57500,57564,57564,57564,57564,57820,57820,57820,57820,57820,57820,57820,57820,57852,57852,57852,57852,57852,57852,57852,57852,57852,57852,57852,57852,57852,57852,57852,57852,57852,57852,57852,57852,57852,57852,57852,57852,57852,57852,57852,57852,57852,57852,57852,57852,57852,57852,57852,57852,57852,57852,57852,57852,57852,57852,57852,57852,57852,57852,57852,57852,57852,57852,57852,57852,57852,57852,57852,57852,57852,57852,57852,57852,57852,57852,57852,57852,57852,57852,57852,57852,57852,57852,57852,57852,57852,57852,57852,57852,57852,57852,57852,57852,57852,57852,57852,57852,57852,57852,57852,57852,57852,57852,57852,57852,57852,57852,57852,57852,57852,57852,57852,57852,57852,57852,57852,57852,57852,57856,57856,57856,57856,57856,57856,57856,57856,57856,57856,57856,57856,57856,57856,57856,57856,57856,57856,57856,57856,57856,57856,57856,57856,57856,57856,57856,57856,57856,57856,57856,57856,57856,57856,57856,57856,57856,57856,57856,57856,57856,57856,57856,57856,57856,57856,57856,57856,
0.688477,0.693359,0.694336,0.694336,0.721680,0.725586,0.729492,0.733398,0.734375,0.743164,0.743164,0.749023,0.750000,0.750000,0.755859,0.755859,0.757812,0.757812,0.757812,0.758789,0.758789,0.758789,0.758789,0.758789,0.759766,0.759766,0.759766,0.759766,0.759766,0.759766,0.759766,0.759766,0.759766,0.759766,0.759766,0.759766,0.761719,0.761719,0.761719,0.761719,0.765625,0.765625,0.765625,0.765625,0.765625,0.765625,0.765625,0.765625,0.767578,0.767578,0.767578,0.767578,0.767578,0.767578,0.767578,0.767578,0.767578,0.767578,0.767578,0.767578,0.767578,0.767578,0.767578,0.767578,0.767578,0.767578,0.767578,0.767578,0.767578,0.767578,0.767578,0.767578,0.767578,0.767578,0.767578,0.767578,0.767578,0.767578,0.767578,0.767578,0.767578,0.767578,0.767578,0.767578,0.767578,0.767578,0.767578,0.767578,0.767578,0.767578,0.767578,0.767578,0.767578,0.767578,0.767578,0.767578,0.767578,0.767578,0.767578,0.767578,0.767578,0.767578,0.767578,0.767578,0.767578,0.767578,0.767578,0.767578,0.767578,0.767578,0.767578,0.767578,0.767578,0.767578,0.767578,0.767578,0.767578,0.767578,0.767578,0.767578,0.767578,0.767578,0.767578,0.767578,0.767578,0.767578,0.767578,0.767578,0.767578,0.767578,0.767578,0.767578,0.767578,0.767578,0.767578,0.767578,0.767578,0.767578,0.767578,0.767578,0.767578,0.767578,0.767578,0.767578,0.767578,0.767578,0.767578,0.767578,0.767578,0.767578,0.767578,0.767578,0.767578,0.768555,0.768555,0.768555,0.768555,0.768555,0.768555,0.768555,0.768555,0.768555,0.768555,0.768555,0.768555,0.768555,0.768555,0.768555,0.768555,0.768555,0.768555,0.768555,0.768555,0.768555,0.768555,0.768555,0.768555,0.768555,0.768555,0.768555,0.768555,0.768555,0.768555,0.768555,0.768555,0.768555,0.768555,0.768555,0.768555,0.768555,0.768555,0.768555,0.768555,0.768555,0.768555,0.768555,0.768555,0.768555,0.768555,0.768555,0.768555,
0.702576,0.703796,0.704041,0.704041,0.821228,0.829041,0.836853,0.844666,0.844788,0.860535,0.860535,0.861267,0.861511,0.861511,0.876648,0.876648,0.876892,0.876892,0.876892,0.877136,0.877136,0.877136,0.877136,0.877136,0.877380,0.877380,0.877380,0.877380,0.877380,0.877380,0.877380,0.877380,0.877380,0.877380,0.877380,0.877380,0.878357,0.878357,0.878357,0.878357,0.882263,0.882263,0.882263,0.882263,0.882263,0.882263,0.882263,0.882263,0.882751,0.882751,0.882751,0.882751,0.882751,0.882751,0.882751,0.882751,0.882751,0.882751,0.882751,0.882751,0.882751,0.882751,0.882751,0.882751,0.882751,0.882751,0.882751,0.882751,0.882751,0.882751,0.882751,0.882751,0.882751,0.882751,0.882751,0.882751,0.882751,0.882751,0.882751,0.882751,0.882751,0.882751,0.882751,0.882751,0.882751,0.882751,0.882751,0.882751,0.882751,0.882751,0.882751,0.882751,0.882751,0.882751,0.882751,0.882751,0.882751,0.882751,0.882751,0.882751,0.882751,0.882751,0.882751,0.882751,0.882751,0.882751,0.882751,0.882751,0.882751,0.882751,0.882751,0.882751,0.882751,0.882751,0.882751,0.882751,0.882751,0.882751,0.882751,0.882751,0.882751,0.882751,0.882751,0.882751,0.882751,0.882751,0.882751,0.882751,0.882751,0.882751,0.882751,0.882751,0.882751,0.882751,0.882751,0.882751,0.882751,0.882751,0.882751,0.882751,0.882751,0.882751,0.882751,0.882751,0.882751,0.882751,0.882751,0.882751,0.882751,0.882751,0.882751,0.882751,0.882751,0.882812,0.882812,0.882812,0.882812,0.882812,0.882812,0.882812,0.882812,0.882812,0.882812,0.882812,0.882812,0.882812,0.882812,0.882812,0.882812,0.882812,0.882812,0.882812,0.882812,0.882812,0.882812,0.882812,0.882812,0.882812,0.882812,0.882812,0.882812,0.882812,0.882812,0.882812,0.882812,0.882812,0.882812,0.882812,0.882812,0.882812,0.882812,0.882812,0.882812,0.882812,0.882812,0.882812,0.882812,0.882812,0.882812,0.882812,0.882812,
