kBasicLog: 1
kBreedEdges: 1
kBreedGates: 1
kBreedSample: 4
kBreedType: 0
kChildren: 100
kEvaluations: 20000
kGens: 100
kLegalGateTypes: 1
kLog: 1
kLogIter: 10
kMaxGenStagnation: 300
kMessUp: 0
kMutatePercent: 1
kMutationMode: 1
kMutations: 6
kPruneOrphans: 1
kSaveDotGraphs: 1
kSeed: 0
kThreads: 4
kThreshold: 1000
kTruthWeight: 1
columns: 13
rows: 5,5,5,5,5,5,5,5,5,5,5,5,4
goal_correct_count: 256
goal_total_count: 2048
goal_total_weighted_count: 65536
~
gates_used: 36
total_count: 1638
total_weighted_count: 0
percent: 0.799805
weighted_percent: 0.000000
evaluations: 20100
~
1440,1460,1514,1530,1538,1548,1556,1584,1588,1588,1588,1588,1588,1594,1602,1606,1606,1610,1612,1612,1612,1616,1620,1620,1624,1624,1624,1628,1628,1628,1628,1628,1628,1628,1628,1628,1628,1630,1630,1630,1630,1630,1630,1630,1630,1630,1630,1630,1630,1630,1630,1630,1630,1630,1632,1632,1632,1632,1632,1632,1632,1632,1632,1632,1632,1632,1632,1632,1632,1632,1632,1632,1632,1634,1634,1634,1634,1634,1634,1634,1634,1634,1634,1634,1634,1634,1634,1634,1634,1634,1634,1634,1634,1634,1634,1634,1634,1634,1634,1634,1634,1634,1634,1634,1634,1634,1634,1634,1634,1634,1634,1634,1634,1634,1634,1634,1634,1634,1634,1634,1634,1634,1634,1634,1634,1634,1634,1634,1634,1634,1634,1634,1634,1634,1634,1634,1634,1634,1634,1634,1634,1634,1634,1634,1634,1634,1634,1634,1634,1634,1634,1634,1634,1634,1634,1634,1634,1636,1638,1638,1638,1638,1638,1638,1638,1638,1638,1638,1638,1638,1638,1638,1638,1638,1638,1638,1638,1638,1638,1638,1638,1638,1638,1638,1638,1638,1638,1638,1638,1638,1638,1638,1638,1638,1638,1638,1638,1638,1638,1638,1638,
46212,48772,53394,54418,55442,55538,56050,57602,57610,57610,57610,57610,57610,59134,59390,59518,59518,59526,59528,59528,59528,59656,59688,59688,59720,59720,59720,59848,59848,59848,59848,59848,59848,59848,59848,59848,59848,59856,59856,59856,59856,59856,59856,59856,59856,59856,59856,59856,59856,59856,59856,59856,59856,59856,59872,59872,59872,59872,59872,59872,59872,59872,59872,59872,59872,59872,59872,59872,59872,59872,59872,59872,59872,59880,59880,59880,59880,59880,59880,59880,59880,59880,59880,59880,59880,59880,59880,59880,59880,59880,59880,59880,59880,59880,59880,59880,59880,59880,59880,59880,59880,59880,59880,59880,59880,59880,59880,59880,59880,59880,59880,59880,59880,59880,59880,59880,59880,59880,59880,59880,59880,59880,59880,59880,59880,59880,59880,59880,59880,59880,59880,59880,59880,59880,59880,59880,59880,59880,59880,59880,59880,59880,59880,59880,59880,59880,59880,59880,59880,59880,59880,59880,59880,59880,59880,59880,59880,59896,59912,59912,59912,59912,59912,59912,59912,59912,59912,59912,59912,59912,59912,59912,59912,59912,59912,59912,59912,59912,59912,59912,59912,59912,59912,59912,59912,59912,59912,59912,59912,59912,59912,59912,59912,59912,59912,59912,59912,59912,59912,59912,59912,
0.703125,0.712891,0.739258,0.747070,0.750977,0.755859,0.759766,0.773438,0.775391,0.775391,0.775391,0.775391,0.775391,0.778320,0.782227,0.784180,0.784180,0.786133,0.787109,0.787109,0.787109,0.789062,0.791016,0.791016,0.792969,0.792969,0.792969,0.794922,0.794922,0.794922,0.794922,0.794922,0.794922,0.794922,0.794922,0.794922,0.794922,0.795898,0.795898,0.795898,0.795898,0.795898,0.795898,0.795898,0.795898,0.795898,0.795898,0.795898,0.795898,0.795898,0.795898,0.795898,0.795898,0.795898,0.796875,0.796875,0.796875,0.796875,0.796875,0.796875,0.796875,0.796875,0.796875,0.796875,0.796875,0.796875,0.796875,0.796875,0.796875,0.796875,0.796875,0.796875,0.796875,0.797852,0.797852,0.797852,0.797852,0.797852,0.797852,0.797852,0.797852,0.797852,0.797852,0.797852,0.797852,0.797852,0.797852,0.797852,0.797852,0.797852,0.797852,0.797852,0.797852,0.797852,0.797852,0.797852,0.797852,0.797852,0.797852,0.797852,0.797852,0.797852,0.797852,0.797852,0.797852,0.797852,0.797852,0.797852,0.797852,0.797852,0.797852,0.797852,0.797852,0.797852,0.797852,0.797852,0.797852,0.797852,0.797852,0.797852,0.797852,0.797852,0.797852,0.797852,0.797852,0.797852,0.797852,0.797852,0.797852,0.797852,0.797852,0.797852,0.797852,0.797852,0.797852,0.797852,0.797852,0.797852,0.797852,0.797852,0.797852,0.797852,0.797852,0.797852,0.797852,0.797852,0.797852,0.797852,0.797852,0.797852,0.797852,0.797852,0.797852,0.797852,0.797852,0.797852,0.797852,0.798828,0.799805,0.799805,0.799805,0.799805,0.799805,0.799805,0.799805,0.799805,0.799805,0.799805,0.799805,0.799805,0.799805,0.799805,0.799805,0.799805,0.799805,0.799805,0.799805,0.799805,0.799805,0.799805,0.799805,0.799805,0.799805,0.799805,0.799805,0.799805,0.799805,0.799805,0.799805,0.799805,0.799805,0.799805,0.799805,0.799805,0.799805,0.799805,0.799805,0.799805,0.799805,0.799805,0.799805,
0.705139,0.744202,0.814728,0.830353,0.845978,0.847443,0.855255,0.878937,0.879059,0.879059,0.879059,0.879059,0.879059,0.902313,0.906219,0.908173,0.908173,0.908295,0.908325,0.908325,0.908325,0.910278,0.910767,0.910767,0.911255,0.911255,0.911255,0.913208,0.913208,0.913208,0.913208,0.913208,0.913208,0.913208,0.913208,0.913208,0.913208,0.913330,0.913330,0.913330,0.913330,0.913330,0.913330,0.913330,0.913330,0.913330,0.913330,0.913330,0.913330,0.913330,0.913330,0.913330,0.913330,0.913330,0.913574,0.913574,0.913574,0.913574,0.913574,0.913574,0.913574,0.913574,0.913574,0.913574,0.913574,0.913574,0.913574,0.913574,0.913574,0.913574,0.913574,0.913574,0.913574,0.913696,0.913696,0.913696,0.913696,0.913696,0.913696,0.913696,0.913696,0.913696,0.913696,0.913696,0.913696,0.913696,0.913696,0.913696,0.913696,0.913696,0.913696,0.913696,0.913696,0.913696,0.913696,0.913696,0.913696,0.913696,0.913696,0.913696,0.913696,0.913696,0.913696,0.913696,0.913696,0.913696,0.913696,0.913696,0.913696,0.913696,0.913696,0.913696,0.913696,0.913696,0.913696,0.913696,0.913696,0.913696,0.913696,0.913696,0.913696,0.913696,0.913696,0.913696,0.913696,0.913696,0.913696,0.913696,0.913696,0.913696,0.913696,0.913696,0.913696,0.913696,0.913696,0.913696,0.913696,0.913696,0.913696,0.913696,0.913696,0.913696,0.913696,0.913696,0.913696,0.913696,0.913696,0.913696,0.913696,0.913696,0.913696,0.913696,0.913696,0.913696,0.913696,0.913696,0.913696,0.913940,0.914185,0.914185,0.914185,0.914185,0.914185,0.914185,0.914185,0.914185,0.914185,0.914185,0.914185,0.914185,0.914185,0.914185,0.914185,0.914185,0.914185,0.914185,0.914185,0.914185,0.914185,0.914185,0.914185,0.914185,0.914185,0.914185,0.914185,0.914185,0.914185,0.914185,0.914185,0.914185,0.914185,0.914185,0.914185,0.914185,0.914185,0.914185,0.914185,0.914185,0.914185,0.914185,0.914185,
