kBasicLog: 1
kBreedEdges: 1
kBreedGates: 1
kBreedSample: 4
kBreedType: 0
kChildren: 100
kEvaluations: 20000
kGens: 100
kLegalGateTypes: 1
kLog: 1
kLogIter: 14
kMaxGenStagnation: 300
kMessUp: 0
kMutatePercent: 1
kMutationMode: 1
kMutations: 6
kPruneOrphans: 1
kSaveDotGraphs: 1
kSeed: 0
kThreads: 4
kThreshold: 1000
kTruthWeight: 1
columns: 13
rows: 5,5,5,5,5,5,5,5,5,5,5,5,4
goal_correct_count: 256
goal_total_count: 2048
goal_total_weighted_count: 65536
~
gates_used: 40
total_count: 1713
total_weighted_count: 0
percent: 0.836426
weighted_percent: 0.000000
evaluations: 20100
~
1444,1488,1504,1520,1528,1542,1544,1550,1554,1558,1586,1590,1594,1600,1600,1600,1600,1600,1602,1602,1602,1602,1610,1612,1612,1614,1616,1616,1616,1616,1616,1616,1616,1618,1624,1626,1626,1626,1628,1630,1630,1630,1630,1630,1638,1638,1638,1640,1642,1648,1650,1650,1650,1650,1650,1650,1650,1650,1650,1650,1650,1654,1654,1654,1654,1654,1654,1656,1656,1656,1656,1656,1656,1656,1656,1656,1656,1656,1656,1656,1656,1656,1656,1656,1656,1656,1656,1656,1656,1658,1662,1662,1664,1668,1668,1668,1668,1668,1668,1668,1668,1668,1668,1668,1668,1668,1668,1671,1671,1671,1671,1671,1671,1671,1671,1671,1671,1671,1671,1671,1671,1671,1671,1671,1671,1671,1671,1671,1671,1671,1671,1671,1671,1671,1675,1675,1675,1675,1675,1675,1675,1675,1675,1675,1675,1675,1675,1675,1675,1675,1675,1675,1679,1679,1679,1679,1680,1681,1681,1681,1681,1681,1681,1683,1683,1683,1683,1685,1685,1685,1685,1685,1689,1689,1689,1689,1689,1689,1689,1689,1689,1689,1689,1696,1696,1698,1704,1704,1706,1710,1710,1711,1711,1711,1711,1711,1711,1711,1713,1713,1713,
47112,52148,53980,55356,55612,55620,55684,55780,55788,55820,59180,59252,59380,59452,59452,59452,59452,59452,59460,59460,59460,59460,59476,59484,59484,59492,59500,59500,59500,59500,59500,59500,59500,59564,59756,59772,59772,59772,59788,59804,59804,59804,59804,59804,59868,59868,59868,59900,59908,60028,60036,60036,60036,60036,60036,60036,60036,60036,60036,60036,60036,60044,60044,60044,60044,60044,60044,60048,60048,60048,60048,60048,60048,60048,60048,60048,60048,60048,60048,60048,60048,60048,60048,60048,60048,60048,60048,60048,60048,60112,60240,60240,60304,60312,60312,60312,60312,60312,60312,60312,60312,60312,60312,60312,60312,60312,60312,60408,60408,60408,60408,60408,60408,60408,60408,60408,60408,60408,60408,60408,60408,60408,60408,60408,60408,60408,60408,60408,60408,60408,60408,60408,60408,60408,60424,60424,60424,60424,60424,60424,60424,60424,60424,60424,60424,60424,60424,60424,60424,60424,60424,60424,60432,60432,60432,60432,60436,60464,60464,60464,60464,60464,60464,60472,60472,60472,60472,60552,60552,60552,60552,60552,60568,60568,60568,60568,60568,60568,60568,60568,60568,60568,60568,60792,60792,60856,60880,60880,60944,61072,61072,61104,61104,61104,61104,61104,61104,61104,61136,61136,61136,
0.705078,0.726562,0.734375,0.742188,0.746094,0.752930,0.753906,0.756836,0.758789,0.760742,0.774414,0.776367,0.778320,0.781250,0.781250,0.781250,0.781250,0.781250,0.782227,0.782227,0.782227,0.782227,0.786133,0.787109,0.787109,0.788086,0.789062,0.789062,0.789062,0.789062,0.789062,0.789062,0.789062,0.790039,0.792969,0.793945,0.793945,0.793945,0.794922,0.795898,0.795898,0.795898,0.795898,0.795898,0.799805,0.799805,0.799805,0.800781,0.801758,0.804688,0.805664,0.805664,0.805664,0.805664,0.805664,0.805664,0.805664,0.805664,0.805664,0.805664,0.805664,0.807617,0.807617,0.807617,0.807617,0.807617,0.807617,0.808594,0.808594,0.808594,0.808594,0.808594,0.808594,0.808594,0.808594,0.808594,0.808594,0.808594,0.808594,0.808594,0.808594,0.808594,0.808594,0.808594,0.808594,0.808594,0.808594,0.808594,0.808594,0.809570,0.811523,0.811523,0.812500,0.814453,0.814453,0.814453,0.814453,0.814453,0.814453,0.814453,0.814453,0.814453,0.814453,0.814453,0.814453,0.814453,0.814453,0.815918,0.815918,0.815918,0.815918,0.815918,0.815918,0.815918,0.815918,0.815918,0.815918,0.815918,0.815918,0.815918,0.815918,0.815918,0.815918,0.815918,0.815918,0.815918,0.815918,0.815918,0.815918,0.815918,0.815918,0.815918,0.815918,0.815918,0.817871,0.817871,0.817871,0.817871,0.817871,0.817871,0.817871,0.817871,0.817871,0.817871,0.817871,0.817871,0.817871,0.817871,0.817871,0.817871,0.817871,0.817871,0.819824,0.819824,0.819824,0.819824,0.820312,0.820801,0.820801,0.820801,0.820801,0.820801,0.820801,0.821777,0.821777,0.821777,0.821777,0.822754,0.822754,0.822754,0.822754,0.822754,0.824707,0.824707,0.824707,0.824707,0.824707,0.824707,0.824707,0.824707,0.824707,0.824707,0.824707,0.828125,0.828125,0.829102,0.832031,0.832031,0.833008,0.834961,0.834961,0.835449,0.835449,0.835449,0.835449,0.835449,0.835449,0.835449,0.836426,0.836426,0.836426,
0.718872,0.795715,0.823669,0.844666,0.848572,0.848694,0.849670,0.851135,0.851257,0.851746,0.903015,0.904114,0.906067,0.907166,0.907166,0.907166,0.907166,0.907166,0.907288,0.907288,0.907288,0.907288,0.907532,0.907654,0.907654,0.907776,0.907898,0.907898,0.907898,0.907898,0.907898,0.907898,0.907898,0.908875,0.911804,0.912048,0.912048,0.912048,0.912292,0.912537,0.912537,0.912537,0.912537,0.912537,0.913513,0.913513,0.913513,0.914001,0.914124,0.915955,0.916077,0.916077,0.916077,0.916077,0.916077,0.916077,0.916077,0.916077,0.916077,0.916077,0.916077,0.916199,0.916199,0.916199,0.916199,0.916199,0.916199,0.916260,0.916260,0.916260,0.916260,0.916260,0.916260,0.916260,0.916260,0.916260,0.916260,0.916260,0.916260,0.916260,0.916260,0.916260,0.916260,0.916260,0.916260,0.916260,0.916260,0.916260,0.916260,0.917236,0.919189,0.919189,0.920166,0.920288,0.920288,0.920288,0.920288,0.920288,0.920288,0.920288,0.920288,0.920288,0.920288,0.920288,0.920288,0.920288,0.920288,0.921753,0.921753,0.921753,0.921753,0.921753,0.921753,0.921753,0.921753,0.921753,0.921753,0.921753,0.921753,0.921753,0.921753,0.921753,0.921753,0.921753,0.921753,0.921753,0.921753,0.921753,0.921753,0.921753,0.921753,0.921753,0.921753,0.921753,0.921997,0.921997,0.921997,0.921997,0.921997,0.921997,0.921997,0.921997,0.921997,0.921997,0.921997,0.921997,0.921997,0.921997,0.921997,0.921997,0.921997,0.921997,0.922119,0.922119,0.922119,0.922119,0.922180,0.922607,0.922607,0.922607,0.922607,0.922607,0.922607,0.922729,0.922729,0.922729,0.922729,0.923950,0.923950,0.923950,0.923950,0.923950,0.924194,0.924194,0.924194,0.924194,0.924194,0.924194,0.924194,0.924194,0.924194,0.924194,0.924194,0.927612,0.927612,0.928589,0.928955,0.928955,0.929932,0.931885,0.931885,0.932373,0.932373,0.932373,0.932373,0.932373,0.932373,0.932373,0.932861,0.932861,0.932861,
