kBasicLog: 1
kBreedEdges: 1
kBreedGates: 1
kBreedSample: 4
kBreedType: 0
kChildren: 100
kEvaluations: 20000
kGens: 100
kLegalGateTypes: 1
kLog: 1
kLogIter: 1
kMaxGenStagnation: 300
kMessUp: 0
kMutatePercent: 1
kMutationMode: 1
kMutations: 6
kPruneOrphans: 1
kSaveDotGraphs: 1
kSeed: 0
kThreads: 4
kThreshold: 1000
kTruthWeight: 1
columns: 13
rows: 5,5,5,5,5,5,5,5,5,5,5,5,4
goal_correct_count: 256
goal_total_count: 2048
goal_total_weighted_count: 65536
~
gates_used: 34
total_count: 1644
total_weighted_count: 0
percent: 0.802734
weighted_percent: 0.000000
evaluations: 20100
~
1458,1468,1534,1538,1540,1540,1540,1542,1550,1556,1558,1558,1562,1562,1570,1570,1570,1572,1572,1580,1584,1588,1588,1588,1588,1590,1590,1590,1590,1590,1592,1592,1592,1592,1594,1594,1594,1594,1596,1596,1596,1596,1596,1596,1596,1596,1596,1596,1596,1596,1596,1600,1608,1608,1608,1610,1618,1618,1618,1622,1622,1622,1622,1622,1622,1622,1622,1622,1622,1622,1622,1622,1622,1622,1624,1624,1624,1624,1624,1624,1624,1624,1624,1624,1624,1624,1624,1624,1624,1624,1624,1624,1624,1624,1624,1624,1624,1624,1624,1624,1624,1624,1624,1624,1624,1624,1624,1624,1624,1624,1624,1624,1624,1624,1624,1624,1624,1624,1624,1624,1628,1628,1628,1628,1628,1628,1628,1628,1628,1628,1628,1628,1628,1628,1628,1628,1628,1628,1628,1628,1628,1628,1628,1628,1628,1628,1628,1628,1628,1628,1628,1628,1628,1628,1628,1628,1628,1628,1628,1628,1628,1628,1628,1628,1628,1628,1628,1628,1628,1628,1628,1628,1628,1628,1628,1628,1628,1628,1628,1628,1628,1628,1628,1628,1628,1628,1628,1628,1628,1628,1628,1628,1628,1644,1644,1644,1644,1644,1644,1644,1644,
47708,47752,55924,55940,55948,55948,55948,55952,56008,56032,56040,56040,56104,56104,56112,56112,56112,56116,56116,56552,56556,56564,56564,56564,56564,56566,56566,56566,56566,56566,56570,56570,56570,56570,56574,56574,56574,56574,56576,56576,56576,56576,56576,56576,56576,56576,56576,56576,56576,56576,56576,56592,56848,56848,56848,56856,57112,57112,57112,57128,57128,57128,57128,57128,57128,57128,57128,57128,57128,57128,57128,57128,57128,57128,57136,57136,57136,57136,57136,57136,57136,57136,57136,57136,57136,57136,57136,57136,57136,57136,57136,57136,57136,57136,57136,57136,57136,57136,57136,57136,57136,57136,57136,57136,57136,57136,57136,57136,57136,57136,57136,57136,57136,57136,57136,57136,57136,57136,57136,57136,57200,57200,57200,57200,57200,57200,57200,57200,57200,57200,57200,57200,57200,57200,57200,57200,57200,57200,57200,57200,57200,57200,57200,57200,57200,57200,57200,57200,57200,57200,57200,57200,57200,57200,57200,57200,57200,57200,57200,57200,57200,57200,57200,57200,57200,57200,57200,57200,57200,57200,57200,57200,57200,57200,57200,57200,57200,57200,57200,57200,57200,57200,57200,57200,57200,57200,57200,57200,57200,57200,57200,57200,57200,57712,57712,57712,57712,57712,57712,57712,57712,
0.711914,0.716797,0.749023,0.750977,0.751953,0.751953,0.751953,0.752930,0.756836,0.759766,0.760742,0.760742,0.762695,0.762695,0.766602,0.766602,0.766602,0.767578,0.767578,0.771484,0.773438,0.775391,0.775391,0.775391,0.775391,0.776367,0.776367,0.776367,0.776367,0.776367,0.777344,0.777344,0.777344,0.777344,0.778320,0.778320,0.778320,0.778320,0.779297,0.779297,0.779297,0.779297,0.779297,0.779297,0.779297,0.779297,0.779297,0.779297,0.779297,0.779297,0.779297,0.781250,0.785156,0.785156,0.785156,0.786133,0.790039,0.790039,0.790039,0.791992,0.791992,0.791992,0.791992,0.791992,0.791992,0.791992,0.791992,0.791992,0.791992,0.791992,0.791992,0.791992,0.791992,0.791992,0.792969,0.792969,0.792969,0.792969,0.792969,0.792969,0.792969,0.792969,0.792969,0.792969,0.792969,0.792969,0.792969,0.792969,0.792969,0.792969,0.792969,0.792969,0.792969,0.792969,0.792969,0.792969,0.792969,0.792969,0.792969,0.792969,0.792969,0.792969,0.792969,0.792969,0.792969,0.792969,0.792969,0.792969,0.792969,0.792969,0.792969,0.792969,0.792969,0.792969,0.792969,0.792969,0.792969,0.792969,0.792969,0.792969,0.794922,0.794922,0.794922,0.794922,0.794922,0.794922,0.794922,0.794922,0.794922,0.794922,0.794922,0.794922,0.794922,0.794922,0.794922,0.794922,0.794922,0.794922,0.794922,0.794922,0.794922,0.794922,0.794922,0.794922,0.794922,0.794922,0.794922,0.794922,0.794922,0.794922,0.794922,0.794922,0.794922,0.794922,0.794922,0.794922,0.794922,0.794922,0.794922,0.794922,0.794922,0.794922,0.794922,0.794922,0.794922,0.794922,0.794922,0.794922,0.794922,0.794922,0.794922,0.794922,0.794922,0.794922,0.794922,0.794922,0.794922,0.794922,0.794922,0.794922,0.794922,0.794922,0.794922,0.794922,0.794922,0.794922,0.794922,0.794922,0.794922,0.794922,0.794922,0.794922,0.794922,0.802734,0.802734,0.802734,0.802734,0.802734,0.802734,0.802734,0.802734,
0.727966,0.728638,0.853333,0.853577,0.853699,0.853699,0.853699,0.853760,0.854614,0.854980,0.855103,0.855103,0.856079,0.856079,0.856201,0.856201,0.856201,0.856262,0.856262,0.862915,0.862976,0.863098,0.863098,0.863098,0.863098,0.863129,0.863129,0.863129,0.863129,0.863129,0.863190,0.863190,0.863190,0.863190,0.863251,0.863251,0.863251,0.863251,0.863281,0.863281,0.863281,0.863281,0.863281,0.863281,0.863281,0.863281,0.863281,0.863281,0.863281,0.863281,0.863281,0.863525,0.867432,0.867432,0.867432,0.867554,0.871460,0.871460,0.871460,0.871704,0.871704,0.871704,0.871704,0.871704,0.871704,0.871704,0.871704,0.871704,0.871704,0.871704,0.871704,0.871704,0.871704,0.871704,0.871826,0.871826,0.871826,0.871826,0.871826,0.871826,0.871826,0.871826,0.871826,0.871826,0.871826,0.871826,0.871826,0.871826,0.871826,0.871826,0.871826,0.871826,0.871826,0.871826,0.871826,0.871826,0.871826,0.871826,0.871826,0.871826,0.871826,0.871826,0.871826,0.871826,0.871826,0.871826,0.871826,0.871826,0.871826,0.871826,0.871826,0.871826,0.871826,0.871826,0.871826,0.871826,0.871826,0.871826,0.871826,0.871826,0.872803,0.872803,0.872803,0.872803,0.872803,0.872803,0.872803,0.872803,0.872803,0.872803,0.872803,0.872803,0.872803,0.872803,0.872803,0.872803,0.872803,0.872803,0.872803,0.872803,0.872803,0.872803,0.872803,0.872803,0.872803,0.872803,0.872803,0.872803,0.872803,0.872803,0.872803,0.872803,0.872803,0.872803,0.872803,0.872803,0.872803,0.872803,0.872803,0.872803,0.872803,0.872803,0.872803,0.872803,0.872803,0.872803,0.872803,0.872803,0.872803,0.872803,0.872803,0.872803,0.872803,0.872803,0.872803,0.872803,0.872803,0.872803,0.872803,0.872803,0.872803,0.872803,0.872803,0.872803,0.872803,0.872803,0.872803,0.872803,0.872803,0.872803,0.872803,0.872803,0.872803,0.880615,0.880615,0.880615,0.880615,0.880615,0.880615,0.880615,0.880615,
