kBasicLog: 1
kBreedEdges: 1
kBreedGates: 1
kBreedSample: 4
kBreedType: 0
kChildren: 100
kEvaluations: 20000
kGens: 100
kLegalGateTypes: 1
kLog: 1
kLogIter: 13
kMaxGenStagnation: 300
kMessUp: 0
kMutatePercent: 1
kMutationMode: 1
kMutations: 6
kPruneOrphans: 1
kSaveDotGraphs: 1
kSeed: 0
kThreads: 4
kThreshold: 1000
kTruthWeight: 1
columns: 13
rows: 5,5,5,5,5,5,5,5,5,5,5,5,4
goal_correct_count: 256
goal_total_count: 2048
goal_total_weighted_count: 65536
~
gates_used: 43
total_count: 1632
total_weighted_count: 0
percent: 0.796875
weighted_percent: 0.000000
evaluations: 20100
~
1468,1488,1504,1520,1536,1546,1556,1564,1568,1568,1568,1568,1568,1568,1568,1568,1568,1568,1568,1568,1568,1568,1568,1568,1568,1568,1568,1568,1568,1568,1568,1568,1568,1568,1568,1568,1568,1568,1568,1568,1568,1568,1568,1568,1568,1568,1568,1568,1568,1568,1568,1568,1568,1568,1568,1568,1570,1570,1570,1572,1572,1572,1572,1572,1574,1574,1574,1574,1574,1574,1576,1578,1578,1578,1578,1578,1578,1578,1578,1578,1578,1582,1582,1582,1582,1584,1584,1584,1584,1584,1584,1584,1584,1584,1584,1584,1584,1584,1584,1584,1586,1588,1612,1612,1612,1612,1612,1614,1614,1614,1614,1614,1614,1614,1614,1614,1614,1616,1616,1616,1616,1616,1616,1616,1616,1616,1616,1616,1616,1616,1616,1616,1616,1616,1616,1616,1616,1616,1616,1616,1616,1616,1624,1624,1624,1624,1624,1624,1624,1624,1624,1624,1624,1624,1624,1624,1624,1624,1624,1624,1624,1624,1624,1624,1624,1624,1624,1624,1624,1624,1624,1624,1624,1624,1624,1624,1624,1624,1624,1624,1624,1624,1624,1624,1624,1624,1624,1624,1624,1624,1624,1624,1624,1624,1624,1624,1624,1624,1624,1624,1632,
50018,53362,53874,54898,55922,55962,55972,55986,55992,55992,55992,55992,55992,55992,55992,55992,55992,55992,55992,55992,55992,55992,55992,55992,55992,55992,55992,55992,55992,55992,55992,55992,55992,55992,55992,55992,55992,55992,55992,55992,55992,55992,55992,55992,55992,55992,55992,55992,55992,55992,55992,55992,55992,55992,55992,55992,56008,56008,56008,56024,56024,56024,56024,56024,56040,56040,56040,56040,56040,56072,56104,56112,56112,56112,56112,56112,56112,56112,56112,56112,56112,56144,56144,56144,56144,56176,56176,56176,56176,56176,56176,56176,56176,56176,56176,56176,56176,56176,56176,56176,56208,56240,57776,57776,57776,57776,57776,57780,57780,57780,57780,57780,57780,57780,57780,57780,57780,57788,57788,57788,57788,57788,57788,57788,57788,57788,57788,57788,57788,57788,57788,57788,57788,57788,57788,57788,57788,57788,57788,57788,57788,57788,57800,57800,57800,57800,57800,57800,57800,57800,57800,57800,57800,57800,57800,57800,57800,57800,57800,57800,57800,57800,57800,57800,57800,57800,57800,57800,57800,57800,57800,57800,57800,57800,57800,57800,57800,57800,57800,57800,57800,57800,57800,57800,57800,57800,57800,57800,57800,57800,57800,57800,57800,57800,57800,57800,57800,57800,57800,57800,58056,
0.716797,0.726562,0.734375,0.742188,0.750000,0.754883,0.759766,0.763672,0.765625,0.765625,0.765625,0.765625,0.765625,0.765625,0.765625,0.765625,0.765625,0.765625,0.765625,0.765625,0.765625,0.765625,0.765625,0.765625,0.765625,0.765625,0.765625,0.765625,0.765625,0.765625,0.765625,0.765625,0.765625,0.765625,0.765625,0.765625,0.765625,0.765625,0.765625,0.765625,0.765625,0.765625,0.765625,0.765625,0.765625,0.765625,0.765625,0.765625,0.765625,0.765625,0.765625,0.765625,0.765625,0.765625,0.765625,0.765625,0.766602,0.766602,0.766602,0.767578,0.767578,0.767578,0.767578,0.767578,0.768555,0.768555,0.768555,0.768555,0.768555,0.768555,0.769531,0.770508,0.770508,0.770508,0.770508,0.770508,0.770508,0.770508,0.770508,0.770508,0.770508,0.772461,0.772461,0.772461,0.772461,0.773438,0.773438,0.773438,0.773438,0.773438,0.773438,0.773438,0.773438,0.773438,0.773438,0.773438,0.773438,0.773438,0.773438,0.773438,0.774414,0.775391,0.787109,0.787109,0.787109,0.787109,0.787109,0.788086,0.788086,0.788086,0.788086,0.788086,0.788086,0.788086,0.788086,0.788086,0.788086,0.789062,0.789062,0.789062,0.789062,0.789062,0.789062,0.789062,0.789062,0.789062,0.789062,0.789062,0.789062,0.789062,0.789062,0.789062,0.789062,0.789062,0.789062,0.789062,0.789062,0.789062,0.789062,0.789062,0.789062,0.789062,0.792969,0.792969,0.792969,0.792969,0.792969,0.792969,0.792969,0.792969,0.792969,0.792969,0.792969,0.792969,0.792969,0.792969,0.792969,0.792969,0.792969,0.792969,0.792969,0.792969,0.792969,0.792969,0.792969,0.792969,0.792969,0.792969,0.792969,0.792969,0.792969,0.792969,0.792969,0.792969,0.792969,0.792969,0.792969,0.792969,0.792969,0.792969,0.792969,0.792969,0.792969,0.792969,0.792969,0.792969,0.792969,0.792969,0.792969,0.792969,0.792969,0.792969,0.792969,0.792969,0.792969,0.792969,0.792969,0.792969,0.792969,0.792969,0.796875,
0.763214,0.814240,0.822052,0.837677,0.853302,0.853912,0.854065,0.854279,0.854370,0.854370,0.854370,0.854370,0.854370,0.854370,0.854370,0.854370,0.854370,0.854370,0.854370,0.854370,0.854370,0.854370,0.854370,0.854370,0.854370,0.854370,0.854370,0.854370,0.854370,0.854370,0.854370,0.854370,0.854370,0.854370,0.854370,0.854370,0.854370,0.854370,0.854370,0.854370,0.854370,0.854370,0.854370,0.854370,0.854370,0.854370,0.854370,0.854370,0.854370,0.854370,0.854370,0.854370,0.854370,0.854370,0.854370,0.854370,0.854614,0.854614,0.854614,0.854858,0.854858,0.854858,0.854858,0.854858,0.855103,0.855103,0.855103,0.855103,0.855103,0.855591,0.856079,0.856201,0.856201,0.856201,0.856201,0.856201,0.856201,0.856201,0.856201,0.856201,0.856201,0.856689,0.856689,0.856689,0.856689,0.857178,0.857178,0.857178,0.857178,0.857178,0.857178,0.857178,0.857178,0.857178,0.857178,0.857178,0.857178,0.857178,0.857178,0.857178,0.857666,0.858154,0.881592,0.881592,0.881592,0.881592,0.881592,0.881653,0.881653,0.881653,0.881653,0.881653,0.881653,0.881653,0.881653,0.881653,0.881653,0.881775,0.881775,0.881775,0.881775,0.881775,0.881775,0.881775,0.881775,0.881775,0.881775,0.881775,0.881775,0.881775,0.881775,0.881775,0.881775,0.881775,0.881775,0.881775,0.881775,0.881775,0.881775,0.881775,0.881775,0.881775,0.881958,0.881958,0.881958,0.881958,0.881958,0.881958,0.881958,0.881958,0.881958,0.881958,0.881958,0.881958,0.881958,0.881958,0.881958,0.881958,0.881958,0.881958,0.881958,0.881958,0.881958,0.881958,0.881958,0.881958,0.881958,0.881958,0.881958,0.881958,0.881958,0.881958,0.881958,0.881958,0.881958,0.881958,0.881958,0.881958,0.881958,0.881958,0.881958,0.881958,0.881958,0.881958,0.881958,0.881958,0.881958,0.881958,0.881958,0.881958,0.881958,0.881958,0.881958,0.881958,0.881958,0.881958,0.881958,0.881958,0.881958,0.881958,0.885864,
