kBasicLog: 1
kBreedEdges: 1
kBreedGates: 1
kBreedSample: 4
kBreedType: 0
kChildren: 100
kEvaluations: 20000
kGens: 100
kLegalGateTypes: 1
kLog: 1
kLogIter: 18
kMaxGenStagnation: 300
kMessUp: 0
kMutatePercent: 1
kMutationMode: 1
kMutations: 6
kPruneOrphans: 1
kSaveDotGraphs: 1
kSeed: 0
kThreads: 4
kThreshold: 1000
kTruthWeight: 1
columns: 13
rows: 5,5,5,5,5,5,5,5,5,5,5,5,4
goal_correct_count: 256
goal_total_count: 2048
goal_total_weighted_count: 65536
~
gates_used: 29
total_count: 1676
total_weighted_count: 0
percent: 0.818359
weighted_percent: 0.000000
evaluations: 20100
~
1430,1438,1446,1452,1470,1480,1488,1496,1508,1516,1524,1532,1540,1546,1552,1552,1552,1552,1554,1560,1566,1570,1582,1588,1588,1592,1596,1596,1596,1596,1596,1596,1596,1596,1598,1598,1598,1598,1598,1598,1598,1602,1602,1602,1602,1602,1604,1606,1606,1610,1624,1632,1632,1632,1632,1632,1632,1632,1632,1632,1632,1632,1632,1634,1634,1634,1634,1634,1636,1636,1636,1636,1636,1636,1636,1640,1640,1644,1644,1644,1644,1644,1644,1644,1648,1650,1650,1650,1650,1650,1650,1650,1650,1650,1650,1650,1650,1650,1650,1650,1650,1650,1650,1650,1650,1650,1650,1650,1650,1650,1650,1658,1658,1660,1660,1660,1660,1660,1662,1662,1662,1662,1662,1662,1662,1662,1662,1662,1662,1662,1662,1662,1662,1662,1662,1662,1662,1662,1662,1662,1662,1662,1662,1662,1662,1662,1662,1666,1666,1666,1666,1666,1670,1670,1670,1670,1672,1672,1672,1676,1676,1676,1676,1676,1676,1676,1676,1676,1676,1676,1676,1676,1676,1676,1676,1676,1676,1676,1676,1676,1676,1676,1676,1676,1676,1676,1676,1676,1676,1676,1676,1676,1676,1676,1676,1676,1676,1676,1676,1676,1676,
47100,47164,47420,47444,49900,49956,50212,50980,51004,51260,51324,51836,52348,52354,52360,52360,52360,52360,53590,53630,53878,55654,55926,55932,55932,55964,55996,55996,55996,55996,55996,55996,55996,55996,56004,56004,56004,56004,56004,56004,56004,59012,59012,59012,59012,59012,59020,59028,59028,59092,59596,60108,60108,60108,60108,60108,60108,60108,60108,60108,60108,60108,60108,60116,60116,60116,60116,60116,60236,60236,60236,60236,60236,60236,60236,60252,60252,60380,60380,60380,60380,60380,60380,60380,60412,60428,60428,60428,60428,60428,60428,60428,60428,60428,60428,60428,60428,60428,60428,60428,60428,60428,60428,60428,60428,60428,60428,60428,60428,60428,60428,61044,61044,61052,61052,61052,61052,61052,61060,61060,61060,61060,61060,61060,61060,61060,61060,61060,61060,61060,61060,61060,61060,61060,61060,61060,61060,61060,61060,61060,61060,61060,61060,61060,61060,61060,61060,61188,61188,61188,61188,61188,61316,61316,61316,61316,61324,61324,61324,61340,61340,61340,61340,61340,61340,61340,61340,61340,61340,61340,61340,61340,61340,61340,61340,61340,61340,61340,61340,61340,61340,61340,61340,61340,61340,61340,61340,61340,61340,61340,61340,61340,61340,61340,61340,61340,61340,61340,61340,61340,61340,
0.698242,0.702148,0.706055,0.708984,0.717773,0.722656,0.726562,0.730469,0.736328,0.740234,0.744141,0.748047,0.751953,0.754883,0.757812,0.757812,0.757812,0.757812,0.758789,0.761719,0.764648,0.766602,0.772461,0.775391,0.775391,0.777344,0.779297,0.779297,0.779297,0.779297,0.779297,0.779297,0.779297,0.779297,0.780273,0.780273,0.780273,0.780273,0.780273,0.780273,0.780273,0.782227,0.782227,0.782227,0.782227,0.782227,0.783203,0.784180,0.784180,0.786133,0.792969,0.796875,0.796875,0.796875,0.796875,0.796875,0.796875,0.796875,0.796875,0.796875,0.796875,0.796875,0.796875,0.797852,0.797852,0.797852,0.797852,0.797852,0.798828,0.798828,0.798828,0.798828,0.798828,0.798828,0.798828,0.800781,0.800781,0.802734,0.802734,0.802734,0.802734,0.802734,0.802734,0.802734,0.804688,0.805664,0.805664,0.805664,0.805664,0.805664,0.805664,0.805664,0.805664,0.805664,0.805664,0.805664,0.805664,0.805664,0.805664,0.805664,0.805664,0.805664,0.805664,0.805664,0.805664,0.805664,0.805664,0.805664,0.805664,0.805664,0.805664,0.809570,0.809570,0.810547,0.810547,0.810547,0.810547,0.810547,0.811523,0.811523,0.811523,0.811523,0.811523,0.811523,0.811523,0.811523,0.811523,0.811523,0.811523,0.811523,0.811523,0.811523,0.811523,0.811523,0.811523,0.811523,0.811523,0.811523,0.811523,0.811523,0.811523,0.811523,0.811523,0.811523,0.811523,0.811523,0.811523,0.813477,0.813477,0.813477,0.813477,0.813477,0.815430,0.815430,0.815430,0.815430,0.816406,0.816406,0.816406,0.818359,0.818359,0.818359,0.818359,0.818359,0.818359,0.818359,0.818359,0.818359,0.818359,0.818359,0.818359,0.818359,0.818359,0.818359,0.818359,0.818359,0.818359,0.818359,0.818359,0.818359,0.818359,0.818359,0.818359,0.818359,0.818359,0.818359,0.818359,0.818359,0.818359,0.818359,0.818359,0.818359,0.818359,0.818359,0.818359,0.818359,0.818359,0.818359,0.818359,0.818359,0.818359,
0.718689,0.719666,0.723572,0.723938,0.761414,0.762268,0.766174,0.777893,0.778259,0.782166,0.783142,0.790955,0.798767,0.798859,0.798950,0.798950,0.798950,0.798950,0.817719,0.818329,0.822113,0.849213,0.853363,0.853455,0.853455,0.853943,0.854431,0.854431,0.854431,0.854431,0.854431,0.854431,0.854431,0.854431,0.854553,0.854553,0.854553,0.854553,0.854553,0.854553,0.854553,0.900452,0.900452,0.900452,0.900452,0.900452,0.900574,0.900696,0.900696,0.901672,0.909363,0.917175,0.917175,0.917175,0.917175,0.917175,0.917175,0.917175,0.917175,0.917175,0.917175,0.917175,0.917175,0.917297,0.917297,0.917297,0.917297,0.917297,0.919128,0.919128,0.919128,0.919128,0.919128,0.919128,0.919128,0.919373,0.919373,0.921326,0.921326,0.921326,0.921326,0.921326,0.921326,0.921326,0.921814,0.922058,0.922058,0.922058,0.922058,0.922058,0.922058,0.922058,0.922058,0.922058,0.922058,0.922058,0.922058,0.922058,0.922058,0.922058,0.922058,0.922058,0.922058,0.922058,0.922058,0.922058,0.922058,0.922058,0.922058,0.922058,0.922058,0.931458,0.931458,0.931580,0.931580,0.931580,0.931580,0.931580,0.931702,0.931702,0.931702,0.931702,0.931702,0.931702,0.931702,0.931702,0.931702,0.931702,0.931702,0.931702,0.931702,0.931702,0.931702,0.931702,0.931702,0.931702,0.931702,0.931702,0.931702,0.931702,0.931702,0.931702,0.931702,0.931702,0.931702,0.931702,0.931702,0.933655,0.933655,0.933655,0.933655,0.933655,0.935608,0.935608,0.935608,0.935608,0.935730,0.935730,0.935730,0.935974,0.935974,0.935974,0.935974,0.935974,0.935974,0.935974,0.935974,0.935974,0.935974,0.935974,0.935974,0.935974,0.935974,0.935974,0.935974,0.935974,0.935974,0.935974,0.935974,0.935974,0.935974,0.935974,0.935974,0.935974,0.935974,0.935974,0.935974,0.935974,0.935974,0.935974,0.935974,0.935974,0.935974,0.935974,0.935974,0.935974,0.935974,0.935974,0.935974,0.935974,0.935974,
