kBasicLog: 1
kBreedEdges: 1
kBreedGates: 1
kBreedSample: 4
kBreedType: 0
kChildren: 100
kEvaluations: 20000
kGens: 100
kLegalGateTypes: 1
kLog: 1
kLogIter: 16
kMaxGenStagnation: 300
kMessUp: 0
kMutatePercent: 1
kMutationMode: 1
kMutations: 6
kPruneOrphans: 1
kSaveDotGraphs: 1
kSeed: 0
kThreads: 4
kThreshold: 1000
kTruthWeight: 1
columns: 13
rows: 5,5,5,5,5,5,5,5,5,5,5,5,4
goal_correct_count: 256
goal_total_count: 2048
goal_total_weighted_count: 65536
~
gates_used: 33
total_count: 1624
total_weighted_count: 0
percent: 0.792969
weighted_percent: 0.000000
evaluations: 20100
~
1464,1480,1488,1492,1526,1536,1560,1560,1560,1560,1560,1560,1560,1564,1564,1564,1568,1576,1576,1576,1576,1576,1576,1576,1604,1604,1604,1604,1604,1604,1608,1608,1610,1610,1610,1610,1610,1612,1612,1612,1612,1612,1612,1612,1612,1614,1614,1614,1614,1614,1614,1614,1614,1614,1614,1614,1614,1614,1614,1614,1614,1614,1614,1614,1614,1614,1614,1614,1614,1614,1614,1614,1618,1618,1618,1618,1620,1620,1620,1620,1620,1620,1620,1620,1620,1620,1620,1620,1620,1620,1620,1620,1620,1620,1620,1620,1620,1620,1620,1624,1624,1624,1624,1624,1624,1624,1624,1624,1624,1624,1624,1624,1624,1624,1624,1624,1624,1624,1624,1624,1624,1624,1624,1624,1624,1624,1624,1624,1624,1624,1624,1624,1624,1624,1624,1624,1624,1624,1624,1624,1624,1624,1624,1624,1624,1624,1624,1624,1624,1624,1624,1624,1624,1624,1624,1624,1624,1624,1624,1624,1624,1624,1624,1624,1624,1624,1624,1624,1624,1624,1624,1624,1624,1624,1624,1624,1624,1624,1624,1624,1624,1624,1624,1624,1624,1624,1624,1624,1624,1624,1624,1624,1624,1624,1624,1624,1624,1624,1624,1624,1624,
50272,50832,50960,51216,55564,55584,57120,57120,57120,57120,57120,57120,57120,57136,57136,57136,57144,57208,57208,57208,57208,57208,57208,57208,58232,58232,58232,58232,58232,58232,58296,58296,58356,58356,58356,58356,58356,58360,58360,58360,58360,58360,58360,58360,58360,58368,58368,58368,58368,58368,58368,58368,58368,58368,58368,58368,58368,58368,58368,58368,58368,58368,58368,58368,58368,58368,58368,58368,58368,58368,58368,58368,58496,58496,58496,58496,58504,58504,58504,58504,58504,58504,58504,58504,58504,58504,58504,58504,58504,58504,58504,58504,58504,58504,58504,58504,58504,58504,58504,58632,58632,58632,58632,58632,58632,58632,58632,58632,58632,58632,58632,58632,58632,58632,58632,58632,58632,58632,58632,58632,58632,58632,58632,58632,58632,58632,58632,58632,58632,58632,58632,58632,58632,58632,58632,58632,58632,58632,58632,58632,58632,58632,58632,58632,58632,58632,58632,58632,58632,58632,58632,58632,58632,58632,58632,58632,58632,58632,58632,58632,58632,58632,58632,58632,58632,58632,58632,58632,58632,58632,58632,58632,58632,58632,58632,58632,58632,58632,58632,58632,58632,58632,58632,58632,58632,58632,58632,58632,58632,58632,58632,58632,58632,58632,58632,58632,58632,58632,58632,58632,58632,
0.714844,0.722656,0.726562,0.728516,0.745117,0.750000,0.761719,0.761719,0.761719,0.761719,0.761719,0.761719,0.761719,0.763672,0.763672,0.763672,0.765625,0.769531,0.769531,0.769531,0.769531,0.769531,0.769531,0.769531,0.783203,0.783203,0.783203,0.783203,0.783203,0.783203,0.785156,0.785156,0.786133,0.786133,0.786133,0.786133,0.786133,0.787109,0.787109,0.787109,0.787109,0.787109,0.787109,0.787109,0.787109,0.788086,0.788086,0.788086,0.788086,0.788086,0.788086,0.788086,0.788086,0.788086,0.788086,0.788086,0.788086,0.788086,0.788086,0.788086,0.788086,0.788086,0.788086,0.788086,0.788086,0.788086,0.788086,0.788086,0.788086,0.788086,0.788086,0.788086,0.790039,0.790039,0.790039,0.790039,0.791016,0.791016,0.791016,0.791016,0.791016,0.791016,0.791016,0.791016,0.791016,0.791016,0.791016,0.791016,0.791016,0.791016,0.791016,0.791016,0.791016,0.791016,0.791016,0.791016,0.791016,0.791016,0.791016,0.792969,0.792969,0.792969,0.792969,0.792969,0.792969,0.792969,0.792969,0.792969,0.792969,0.792969,0.792969,0.792969,0.792969,0.792969,0.792969,0.792969,0.792969,0.792969,0.792969,0.792969,0.792969,0.792969,0.792969,0.792969,0.792969,0.792969,0.792969,0.792969,0.792969,0.792969,0.792969,0.792969,0.792969,0.792969,0.792969,0.792969,0.792969,0.792969,0.792969,0.792969,0.792969,0.792969,0.792969,0.792969,0.792969,0.792969,0.792969,0.792969,0.792969,0.792969,0.792969,0.792969,0.792969,0.792969,0.792969,0.792969,0.792969,0.792969,0.792969,0.792969,0.792969,0.792969,0.792969,0.792969,0.792969,0.792969,0.792969,0.792969,0.792969,0.792969,0.792969,0.792969,0.792969,0.792969,0.792969,0.792969,0.792969,0.792969,0.792969,0.792969,0.792969,0.792969,0.792969,0.792969,0.792969,0.792969,0.792969,0.792969,0.792969,0.792969,0.792969,0.792969,0.792969,0.792969,0.792969,0.792969,0.792969,0.792969,0.792969,0.792969,0.792969,
0.767090,0.775635,0.777588,0.781494,0.847839,0.848145,0.871582,0.871582,0.871582,0.871582,0.871582,0.871582,0.871582,0.871826,0.871826,0.871826,0.871948,0.872925,0.872925,0.872925,0.872925,0.872925,0.872925,0.872925,0.888550,0.888550,0.888550,0.888550,0.888550,0.888550,0.889526,0.889526,0.890442,0.890442,0.890442,0.890442,0.890442,0.890503,0.890503,0.890503,0.890503,0.890503,0.890503,0.890503,0.890503,0.890625,0.890625,0.890625,0.890625,0.890625,0.890625,0.890625,0.890625,0.890625,0.890625,0.890625,0.890625,0.890625,0.890625,0.890625,0.890625,0.890625,0.890625,0.890625,0.890625,0.890625,0.890625,0.890625,0.890625,0.890625,0.890625,0.890625,0.892578,0.892578,0.892578,0.892578,0.892700,0.892700,0.892700,0.892700,0.892700,0.892700,0.892700,0.892700,0.892700,0.892700,0.892700,0.892700,0.892700,0.892700,0.892700,0.892700,0.892700,0.892700,0.892700,0.892700,0.892700,0.892700,0.892700,0.894653,0.894653,0.894653,0.894653,0.894653,0.894653,0.894653,0.894653,0.894653,0.894653,0.894653,0.894653,0.894653,0.894653,0.894653,0.894653,0.894653,0.894653,0.894653,0.894653,0.894653,0.894653,0.894653,0.894653,0.894653,0.894653,0.894653,0.894653,0.894653,0.894653,0.894653,0.894653,0.894653,0.894653,0.894653,0.894653,0.894653,0.894653,0.894653,0.894653,0.894653,0.894653,0.894653,0.894653,0.894653,0.894653,0.894653,0.894653,0.894653,0.894653,0.894653,0.894653,0.894653,0.894653,0.894653,0.894653,0.894653,0.894653,0.894653,0.894653,0.894653,0.894653,0.894653,0.894653,0.894653,0.894653,0.894653,0.894653,0.894653,0.894653,0.894653,0.894653,0.894653,0.894653,0.894653,0.894653,0.894653,0.894653,0.894653,0.894653,0.894653,0.894653,0.894653,0.894653,0.894653,0.894653,0.894653,0.894653,0.894653,0.894653,0.894653,0.894653,0.894653,0.894653,0.894653,0.894653,0.894653,0.894653,0.894653,0.894653,0.894653,0.894653,
