kBasicLog: 1
kBreedEdges: 1
kBreedGates: 1
kBreedSample: 4
kBreedType: 0
kChildren: 100
kEvaluations: 20000
kGens: 100
kLegalGateTypes: 1
kLog: 1
kLogIter: 4
kMaxGenStagnation: 300
kMessUp: 0
kMutatePercent: 1
kMutationMode: 1
kMutations: 6
kPruneOrphans: 1
kSaveDotGraphs: 1
kSeed: 0
kThreads: 4
kThreshold: 1000
kTruthWeight: 1
columns: 13
rows: 5,5,5,5,5,5,5,5,5,5,5,5,4
goal_correct_count: 256
goal_total_count: 2048
goal_total_weighted_count: 65536
~
gates_used: 41
total_count: 1656
total_weighted_count: 0
percent: 0.808594
weighted_percent: 0.000000
evaluations: 20100
~
1472,1504,1526,1534,1542,1550,1552,1552,1552,1552,1552,1552,1554,1554,1560,1560,1564,1564,1564,1564,1566,1566,1570,1570,1570,1570,1584,1586,1594,1600,1600,1600,1612,1624,1628,1628,1628,1628,1628,1628,1628,1632,1632,1632,1632,1632,1632,1632,1632,1632,1632,1632,1632,1632,1632,1632,1634,1634,1636,1636,1636,1636,1636,1636,1636,1636,1636,1636,1636,1638,1642,1642,1642,1642,1642,1642,1642,1642,1642,1642,1642,1642,1642,1642,1642,1642,1642,1642,1642,1642,1642,1642,1642,1642,1642,1642,1642,1642,1642,1642,1642,1642,1642,1642,1642,1642,1642,1642,1642,1642,1642,1642,1642,1642,1642,1642,1642,1642,1642,1642,1642,1642,1642,1642,1642,1642,1642,1642,1642,1642,1642,1642,1642,1642,1642,1642,1642,1642,1642,1642,1642,1642,1642,1642,1642,1642,1642,1648,1650,1650,1650,1650,1650,1650,1650,1650,1650,1650,1650,1650,1650,1650,1650,1650,1650,1650,1650,1650,1650,1650,1650,1650,1650,1650,1650,1656,1656,1656,1656,1656,1656,1656,1656,1656,1656,1656,1656,1656,1656,1656,1656,1656,1656,1656,1656,1656,1656,1656,1656,1656,1656,
47102,53246,55164,55204,55324,55332,55348,55348,55348,55348,55348,55348,55356,55356,55452,55452,55676,55676,55676,55676,55804,55804,56060,56060,56060,56060,56956,57966,57974,57980,57980,57980,58748,59516,59772,59772,59772,59772,59772,59772,59772,59836,59836,59836,59836,59836,59836,59836,59836,59836,59836,59836,59836,59836,59836,59836,59868,59868,59932,59932,59932,59932,59932,59932,59932,59932,59932,59932,59932,59964,60028,60028,60028,60028,60028,60028,60028,60028,60028,60028,60028,60028,60028,60028,60028,60028,60028,60028,60028,60028,60028,60028,60028,60028,60028,60028,60028,60028,60028,60028,60028,60028,60028,60028,60028,60028,60028,60028,60028,60028,60028,60028,60028,60028,60028,60028,60028,60028,60028,60028,60028,60028,60028,60028,60028,60028,60028,60028,60028,60028,60028,60028,60028,60028,60028,60028,60028,60028,60028,60028,60028,60028,60028,60028,60028,60028,60028,60076,60092,60092,60092,60092,60092,60092,60092,60092,60092,60092,60092,60092,60092,60092,60092,60092,60092,60092,60092,60092,60092,60092,60092,60092,60092,60092,60092,60098,60098,60098,60098,60098,60098,60098,60098,60098,60098,60098,60098,60098,60098,60098,60098,60098,60098,60098,60098,60098,60098,60098,60098,60098,60098,
0.718750,0.734375,0.745117,0.749023,0.752930,0.756836,0.757812,0.757812,0.757812,0.757812,0.757812,0.757812,0.758789,0.758789,0.761719,0.761719,0.763672,0.763672,0.763672,0.763672,0.764648,0.764648,0.766602,0.766602,0.766602,0.766602,0.773438,0.774414,0.778320,0.781250,0.781250,0.781250,0.787109,0.792969,0.794922,0.794922,0.794922,0.794922,0.794922,0.794922,0.794922,0.796875,0.796875,0.796875,0.796875,0.796875,0.796875,0.796875,0.796875,0.796875,0.796875,0.796875,0.796875,0.796875,0.796875,0.796875,0.797852,0.797852,0.798828,0.798828,0.798828,0.798828,0.798828,0.798828,0.798828,0.798828,0.798828,0.798828,0.798828,0.799805,0.801758,0.801758,0.801758,0.801758,0.801758,0.801758,0.801758,0.801758,0.801758,0.801758,0.801758,0.801758,0.801758,0.801758,0.801758,0.801758,0.801758,0.801758,0.801758,0.801758,0.801758,0.801758,0.801758,0.801758,0.801758,0.801758,0.801758,0.801758,0.801758,0.801758,0.801758,0.801758,0.801758,0.801758,0.801758,0.801758,0.801758,0.801758,0.801758,0.801758,0.801758,0.801758,0.801758,0.801758,0.801758,0.801758,0.801758,0.801758,0.801758,0.801758,0.801758,0.801758,0.801758,0.801758,0.801758,0.801758,0.801758,0.801758,0.801758,0.801758,0.801758,0.801758,0.801758,0.801758,0.801758,0.801758,0.801758,0.801758,0.801758,0.801758,0.801758,0.801758,0.801758,0.801758,0.801758,0.801758,0.801758,0.804688,0.805664,0.805664,0.805664,0.805664,0.805664,0.805664,0.805664,0.805664,0.805664,0.805664,0.805664,0.805664,0.805664,0.805664,0.805664,0.805664,0.805664,0.805664,0.805664,0.805664,0.805664,0.805664,0.805664,0.805664,0.805664,0.805664,0.805664,0.808594,0.808594,0.808594,0.808594,0.808594,0.808594,0.808594,0.808594,0.808594,0.808594,0.808594,0.808594,0.808594,0.808594,0.808594,0.808594,0.808594,0.808594,0.808594,0.808594,0.808594,0.808594,0.808594,0.808594,0.808594,0.808594,
0.718719,0.812469,0.841736,0.842346,0.844177,0.844299,0.844543,0.844543,0.844543,0.844543,0.844543,0.844543,0.844666,0.844666,0.846130,0.846130,0.849548,0.849548,0.849548,0.849548,0.851501,0.851501,0.855408,0.855408,0.855408,0.855408,0.869080,0.884491,0.884613,0.884705,0.884705,0.884705,0.896423,0.908142,0.912048,0.912048,0.912048,0.912048,0.912048,0.912048,0.912048,0.913025,0.913025,0.913025,0.913025,0.913025,0.913025,0.913025,0.913025,0.913025,0.913025,0.913025,0.913025,0.913025,0.913025,0.913025,0.913513,0.913513,0.914490,0.914490,0.914490,0.914490,0.914490,0.914490,0.914490,0.914490,0.914490,0.914490,0.914490,0.914978,0.915955,0.915955,0.915955,0.915955,0.915955,0.915955,0.915955,0.915955,0.915955,0.915955,0.915955,0.915955,0.915955,0.915955,0.915955,0.915955,0.915955,0.915955,0.915955,0.915955,0.915955,0.915955,0.915955,0.915955,0.915955,0.915955,0.915955,0.915955,0.915955,0.915955,0.915955,0.915955,0.915955,0.915955,0.915955,0.915955,0.915955,0.915955,0.915955,0.915955,0.915955,0.915955,0.915955,0.915955,0.915955,0.915955,0.915955,0.915955,0.915955,0.915955,0.915955,0.915955,0.915955,0.915955,0.915955,0.915955,0.915955,0.915955,0.915955,0.915955,0.915955,0.915955,0.915955,0.915955,0.915955,0.915955,0.915955,0.915955,0.915955,0.915955,0.915955,0.915955,0.915955,0.915955,0.915955,0.915955,0.915955,0.916687,0.916931,0.916931,0.916931,0.916931,0.916931,0.916931,0.916931,0.916931,0.916931,0.916931,0.916931,0.916931,0.916931,0.916931,0.916931,0.916931,0.916931,0.916931,0.916931,0.916931,0.916931,0.916931,0.916931,0.916931,0.916931,0.916931,0.916931,0.917023,0.917023,0.917023,0.917023,0.917023,0.917023,0.917023,0.917023,0.917023,0.917023,0.917023,0.917023,0.917023,0.917023,0.917023,0.917023,0.917023,0.917023,0.917023,0.917023,0.917023,0.917023,0.917023,0.917023,0.917023,0.917023,
