kBasicLog: 1
kBreedEdges: 1
kBreedGates: 1
kBreedSample: 4
kBreedType: 0
kChildren: 100
kEvaluations: 20000
kGens: 100
kLegalGateTypes: 1
kLog: 1
kLogIter: 15
kMaxGenStagnation: 300
kMessUp: 0
kMutatePercent: 1
kMutationMode: 1
kMutations: 6
kPruneOrphans: 1
kSaveDotGraphs: 1
kSeed: 0
kThreads: 4
kThreshold: 1000
kTruthWeight: 1
columns: 13
rows: 5,5,5,5,5,5,5,5,5,5,5,5,4
goal_correct_count: 256
goal_total_count: 2048
goal_total_weighted_count: 65536
~
gates_used: 27
total_count: 1672
total_weighted_count: 0
percent: 0.816406
weighted_percent: 0.000000
evaluations: 20100
~
1480,1496,1510,1518,1538,1550,1554,1576,1584,1588,1602,1608,1610,1610,1612,1616,1618,1618,1624,1624,1624,1626,1626,1628,1628,1628,1630,1644,1644,1644,1644,1644,1644,1644,1644,1644,1646,1646,1646,1646,1646,1646,1646,1648,1648,1650,1650,1650,1650,1650,1650,1654,1654,1654,1654,1654,1654,1654,1656,1656,1656,1656,1656,1660,1660,1660,1660,1660,1660,1660,1660,1660,1660,1660,1662,1662,1662,1662,1662,1662,1662,1662,1662,1662,1662,1662,1662,1662,1662,1662,1662,1662,1662,1662,1662,1662,1662,1662,1662,1662,1662,1662,1662,1662,1662,1662,1662,1662,1662,1662,1662,1662,1662,1662,1662,1662,1662,1662,1662,1662,1662,1662,1662,1662,1662,1662,1662,1668,1668,1668,1668,1670,1670,1670,1670,1670,1670,1670,1670,1670,1670,1670,1670,1670,1670,1670,1670,1670,1670,1670,1670,1670,1670,1670,1670,1672,1672,1672,1672,1672,1672,1672,1672,1672,1672,1672,1672,1672,1672,1672,1672,1672,1672,1672,1672,1672,1672,1672,1672,1672,1672,1672,1672,1672,1672,1672,1672,1672,1672,1672,1672,1672,1672,1672,1672,1672,1672,1672,1672,1672,1672,
54788,55812,56468,56500,57140,57154,57168,58656,58784,58848,59856,60104,60208,60208,60210,60226,60242,60242,60314,60314,60314,60330,60330,60332,60332,60332,60334,60830,60830,60830,60830,60830,60830,60830,60830,60830,60838,60838,60838,60838,60838,60838,60838,60840,60840,60848,60848,60848,60848,60848,60848,60852,60852,60852,60852,60852,60852,60852,60868,60868,60868,60868,60868,60872,60872,60872,60872,60872,60872,60872,60872,60872,60872,60872,60888,60888,60888,60888,60888,60888,60888,60888,60888,60888,60888,60888,60888,60888,60888,60888,60888,60888,60888,60888,60888,60888,60888,60888,60888,60888,60888,60888,60888,60888,60888,60888,60888,60888,60888,60888,60888,60888,60888,60888,60888,60888,60888,60888,60888,60888,60888,60888,60888,60888,60888,60888,60888,60936,60936,60936,60936,60952,60952,60952,60952,60952,60952,60952,60952,60952,60952,60952,60952,60952,60952,60952,60952,60952,60952,60952,60952,60952,60952,60952,60952,60954,60954,60954,60954,60954,60954,60954,60954,60954,60954,60954,60954,60954,60954,60954,60954,60954,60954,60954,60954,60954,60954,60954,60954,60954,60954,60954,60954,60954,60954,60954,60954,60954,60954,60954,60954,60954,60954,60954,60954,60954,60954,60954,60954,60954,60954,
0.722656,0.730469,0.737305,0.741211,0.750977,0.756836,0.758789,0.769531,0.773438,0.775391,0.782227,0.785156,0.786133,0.786133,0.787109,0.789062,0.790039,0.790039,0.792969,0.792969,0.792969,0.793945,0.793945,0.794922,0.794922,0.794922,0.795898,0.802734,0.802734,0.802734,0.802734,0.802734,0.802734,0.802734,0.802734,0.802734,0.803711,0.803711,0.803711,0.803711,0.803711,0.803711,0.803711,0.804688,0.804688,0.805664,0.805664,0.805664,0.805664,0.805664,0.805664,0.807617,0.807617,0.807617,0.807617,0.807617,0.807617,0.807617,0.808594,0.808594,0.808594,0.808594,0.808594,0.810547,0.810547,0.810547,0.810547,0.810547,0.810547,0.810547,0.810547,0.810547,0.810547,0.810547,0.811523,0.811523,0.811523,0.811523,0.811523,0.811523,0.811523,0.811523,0.811523,0.811523,0.811523,0.811523,0.811523,0.811523,0.811523,0.811523,0.811523,0.811523,0.811523,0.811523,0.811523,0.811523,0.811523,0.811523,0.811523,0.811523,0.811523,0.811523,0.811523,0.811523,0.811523,0.811523,0.811523,0.811523,0.811523,0.811523,0.811523,0.811523,0.811523,0.811523,0.811523,0.811523,0.811523,0.811523,0.811523,0.811523,0.811523,0.811523,0.811523,0.811523,0.811523,0.811523,0.811523,0.814453,0.814453,0.814453,0.814453,0.815430,0.815430,0.815430,0.815430,0.815430,0.815430,0.815430,0.815430,0.815430,0.815430,0.815430,0.815430,0.815430,0.815430,0.815430,0.815430,0.815430,0.815430,0.815430,0.815430,0.815430,0.815430,0.815430,0.815430,0.816406,0.816406,0.816406,0.816406,0.816406,0.816406,0.816406,0.816406,0.816406,0.816406,0.816406,0.816406,0.816406,0.816406,0.816406,0.816406,0.816406,0.816406,0.816406,0.816406,0.816406,0.816406,0.816406,0.816406,0.816406,0.816406,0.816406,0.816406,0.816406,0.816406,0.816406,0.816406,0.816406,0.816406,0.816406,0.816406,0.816406,0.816406,0.816406,0.816406,0.816406,0.816406,0.816406,0.816406,0.816406,0.816406,
0.835999,0.851624,0.861633,0.862122,0.871887,0.872101,0.872314,0.895020,0.896973,0.897949,0.913330,0.917114,0.918701,0.918701,0.918732,0.918976,0.919220,0.919220,0.920319,0.920319,0.920319,0.920563,0.920563,0.920593,0.920593,0.920593,0.920624,0.928192,0.928192,0.928192,0.928192,0.928192,0.928192,0.928192,0.928192,0.928192,0.928314,0.928314,0.928314,0.928314,0.928314,0.928314,0.928314,0.928345,0.928345,0.928467,0.928467,0.928467,0.928467,0.928467,0.928467,0.928528,0.928528,0.928528,0.928528,0.928528,0.928528,0.928528,0.928772,0.928772,0.928772,0.928772,0.928772,0.928833,0.928833,0.928833,0.928833,0.928833,0.928833,0.928833,0.928833,0.928833,0.928833,0.928833,0.929077,0.929077,0.929077,0.929077,0.929077,0.929077,0.929077,0.929077,0.929077,0.929077,0.929077,0.929077,0.929077,0.929077,0.929077,0.929077,0.929077,0.929077,0.929077,0.929077,0.929077,0.929077,0.929077,0.929077,0.929077,0.929077,0.929077,0.929077,0.929077,0.929077,0.929077,0.929077,0.929077,0.929077,0.929077,0.929077,0.929077,0.929077,0.929077,0.929077,0.929077,0.929077,0.929077,0.929077,0.929077,0.929077,0.929077,0.929077,0.929077,0.929077,0.929077,0.929077,0.929077,0.929810,0.929810,0.929810,0.929810,0.930054,0.930054,0.930054,0.930054,0.930054,0.930054,0.930054,0.930054,0.930054,0.930054,0.930054,0.930054,0.930054,0.930054,0.930054,0.930054,0.930054,0.930054,0.930054,0.930054,0.930054,0.930054,0.930054,0.930054,0.930084,0.930084,0.930084,0.930084,0.930084,0.930084,0.930084,0.930084,0.930084,0.930084,0.930084,0.930084,0.930084,0.930084,0.930084,0.930084,0.930084,0.930084,0.930084,0.930084,0.930084,0.930084,0.930084,0.930084,0.930084,0.930084,0.930084,0.930084,0.930084,0.930084,0.930084,0.930084,0.930084,0.930084,0.930084,0.930084,0.930084,0.930084,0.930084,0.930084,0.930084,0.930084,0.930084,0.930084,0.930084,0.930084,
