kBasicLog: 1
kBreedEdges: 1
kBreedGates: 1
kBreedSample: 4
kBreedType: 0
kChildren: 100
kEvaluations: 20000
kGens: 100
kLegalGateTypes: 1
kLog: 1
kLogIter: 3
kMaxGenStagnation: 300
kMessUp: 0
kMutatePercent: 1
kMutationMode: 1
kMutations: 6
kPruneOrphans: 1
kSaveDotGraphs: 1
kSeed: 0
kThreads: 4
kThreshold: 1000
kTruthWeight: 1
columns: 13
rows: 5,5,5,5,5,5,5,5,5,5,5,5,4
goal_correct_count: 256
goal_total_count: 2048
goal_total_weighted_count: 65536
~
gates_used: 32
total_count: 1648
total_weighted_count: 0
percent: 0.804688
weighted_percent: 0.000000
evaluations: 20100
~
1424,1436,1450,1454,1458,1464,1470,1472,1480,1494,1498,1502,1520,1536,1544,1548,1548,1548,1548,1548,1552,1560,1568,1576,1580,1584,1588,1588,1588,1592,1592,1594,1594,1594,1594,1594,1594,1594,1594,1594,1598,1598,1598,1598,1598,1598,1598,1598,1598,1598,1598,1598,1598,1598,1598,1598,1598,1598,1598,1598,1600,1602,1602,1602,1602,1602,1602,1602,1602,1602,1606,1606,1606,1606,1606,1606,1606,1606,1606,1606,1606,1606,1606,1606,1606,1606,1606,1606,1606,1606,1606,1606,1612,1618,1618,1618,1618,1618,1618,1618,1618,1618,1618,1618,1618,1618,1618,1618,1618,1618,1618,1618,1618,1618,1618,1618,1618,1618,1618,1618,1618,1618,1630,1630,1630,1630,1630,1630,1630,1634,1634,1634,1634,1634,1634,1642,1642,1642,1648,1648,1648,1648,1648,1648,1648,1648,1648,1648,1648,1648,1648,1648,1648,1648,1648,1648,1648,1648,1648,1648,1648,1648,1648,1648,1648,1648,1648,1648,1648,1648,1648,1648,1648,1648,1648,1648,1648,1648,1648,1648,1648,1648,1648,1648,1648,1648,1648,1648,1648,1648,1648,1648,1648,1648,1648,1648,1648,1648,1648,1648,1648,
45238,46020,46916,46920,46952,47000,47192,47194,47546,48458,48890,48906,55162,55610,55642,55706,55706,55706,55706,55706,56752,57008,57264,57272,57276,57340,57372,57372,57372,57376,57376,57392,57392,57392,57392,57392,57392,57392,57392,57392,57424,57424,57424,57424,57424,57424,57424,57424,57424,57424,57424,57424,57424,57424,57424,57424,57424,57424,57424,57424,57432,57440,57440,57440,57440,57440,57440,57440,57440,57440,57504,57504,57504,57504,57504,57504,57504,57504,57504,57504,57504,57504,57504,57504,57504,57504,57504,57504,57504,57504,57504,57504,57516,57528,57528,57528,57528,57528,57528,57528,57528,57528,57528,57528,57528,57528,57528,57528,57528,57528,57528,57528,57528,57528,57528,57528,57528,57528,57528,57528,57528,57528,57720,57720,57720,57720,57720,57720,57720,57784,57784,57784,57784,57784,57784,57986,57986,57986,57992,57992,57992,57992,57992,57992,57992,57992,57992,57992,57992,57992,57992,57992,57992,57992,57992,57992,57992,57992,57992,57992,57992,57992,57992,57992,57992,57992,57992,57992,57992,57992,57992,57992,57992,57992,57992,57992,57992,57992,57992,57992,57992,57992,57992,57992,57992,57992,57992,57992,57992,57992,57992,57992,57992,57992,57992,57992,57992,57992,57992,57992,57992,
0.695312,0.701172,0.708008,0.709961,0.711914,0.714844,0.717773,0.718750,0.722656,0.729492,0.731445,0.733398,0.742188,0.750000,0.753906,0.755859,0.755859,0.755859,0.755859,0.755859,0.757812,0.761719,0.765625,0.769531,0.771484,0.773438,0.775391,0.775391,0.775391,0.777344,0.777344,0.778320,0.778320,0.778320,0.778320,0.778320,0.778320,0.778320,0.778320,0.778320,0.780273,0.780273,0.780273,0.780273,0.780273,0.780273,0.780273,0.780273,0.780273,0.780273,0.780273,0.780273,0.780273,0.780273,0.780273,0.780273,0.780273,0.780273,0.780273,0.780273,0.781250,0.782227,0.782227,0.782227,0.782227,0.782227,0.782227,0.782227,0.782227,0.782227,0.784180,0.784180,0.784180,0.784180,0.784180,0.784180,0.784180,0.784180,0.784180,0.784180,0.784180,0.784180,0.784180,0.784180,0.784180,0.784180,0.784180,0.784180,0.784180,0.784180,0.784180,0.784180,0.787109,0.790039,0.790039,0.790039,0.790039,0.790039,0.790039,0.790039,0.790039,0.790039,0.790039,0.790039,0.790039,0.790039,0.790039,0.790039,0.790039,0.790039,0.790039,0.790039,0.790039,0.790039,0.790039,0.790039,0.790039,0.790039,0.790039,0.790039,0.790039,0.790039,0.795898,0.795898,0.795898,0.795898,0.795898,0.795898,0.795898,0.797852,0.797852,0.797852,0.797852,0.797852,0.797852,0.801758,0.801758,0.801758,0.804688,0.804688,0.804688,0.804688,0.804688,0.804688,0.804688,0.804688,0.804688,0.804688,0.804688,0.804688,0.804688,0.804688,0.804688,0.804688,0.804688,0.804688,0.804688,0.804688,0.804688,0.804688,0.804688,0.804688,0.804688,0.804688,0.804688,0.804688,0.804688,0.804688,0.804688,0.804688,0.804688,0.804688,0.804688,0.804688,0.804688,0.804688,0.804688,0.804688,0.804688,0.804688,0.804688,0.804688,0.804688,0.804688,0.804688,0.804688,0.804688,0.804688,0.804688,0.804688,0.804688,0.804688,0.804688,0.804688,0.804688,0.804688,0.804688,0.804688,0.804688,0.804688,0.804688,
0.690277,0.702209,0.715881,0.715942,0.716431,0.717163,0.720093,0.720123,0.725494,0.739410,0.746002,0.746246,0.841705,0.848541,0.849030,0.850006,0.850006,0.850006,0.850006,0.850006,0.865967,0.869873,0.873779,0.873901,0.873962,0.874939,0.875427,0.875427,0.875427,0.875488,0.875488,0.875732,0.875732,0.875732,0.875732,0.875732,0.875732,0.875732,0.875732,0.875732,0.876221,0.876221,0.876221,0.876221,0.876221,0.876221,0.876221,0.876221,0.876221,0.876221,0.876221,0.876221,0.876221,0.876221,0.876221,0.876221,0.876221,0.876221,0.876221,0.876221,0.876343,0.876465,0.876465,0.876465,0.876465,0.876465,0.876465,0.876465,0.876465,0.876465,0.877441,0.877441,0.877441,0.877441,0.877441,0.877441,0.877441,0.877441,0.877441,0.877441,0.877441,0.877441,0.877441,0.877441,0.877441,0.877441,0.877441,0.877441,0.877441,0.877441,0.877441,0.877441,0.877625,0.877808,0.877808,0.877808,0.877808,0.877808,0.877808,0.877808,0.877808,0.877808,0.877808,0.877808,0.877808,0.877808,0.877808,0.877808,0.877808,0.877808,0.877808,0.877808,0.877808,0.877808,0.877808,0.877808,0.877808,0.877808,0.877808,0.877808,0.877808,0.877808,0.880737,0.880737,0.880737,0.880737,0.880737,0.880737,0.880737,0.881714,0.881714,0.881714,0.881714,0.881714,0.881714,0.884796,0.884796,0.884796,0.884888,0.884888,0.884888,0.884888,0.884888,0.884888,0.884888,0.884888,0.884888,0.884888,0.884888,0.884888,0.884888,0.884888,0.884888,0.884888,0.884888,0.884888,0.884888,0.884888,0.884888,0.884888,0.884888,0.884888,0.884888,0.884888,0.884888,0.884888,0.884888,0.884888,0.884888,0.884888,0.884888,0.884888,0.884888,0.884888,0.884888,0.884888,0.884888,0.884888,0.884888,0.884888,0.884888,0.884888,0.884888,0.884888,0.884888,0.884888,0.884888,0.884888,0.884888,0.884888,0.884888,0.884888,0.884888,0.884888,0.884888,0.884888,0.884888,0.884888,0.884888,0.884888,0.884888,
