kBasicLog: 1
kBreedEdges: 1
kBreedGates: 1
kBreedSample: 4
kBreedType: 0
kChildren: 100
kEvaluations: 20000
kGens: 100
kLegalGateTypes: 1
kLog: 1
kLogIter: 6
kMaxGenStagnation: 300
kMessUp: 0
kMutatePercent: 1
kMutationMode: 1
kMutations: 6
kPruneOrphans: 1
kSaveDotGraphs: 1
kSeed: 0
kThreads: 4
kThreshold: 1000
kTruthWeight: 1
columns: 13
rows: 5,5,5,5,5,5,5,5,5,5,5,5,4
goal_correct_count: 256
goal_total_count: 2048
goal_total_weighted_count: 65536
~
gates_used: 34
total_count: 1614
total_weighted_count: 0
percent: 0.788086
weighted_percent: 0.000000
evaluations: 20100
~
1458,1486,1520,1530,1540,1544,1552,1554,1566,1568,1573,1574,1576,1576,1584,1584,1584,1584,1584,1584,1584,1584,1584,1584,1584,1584,1584,1584,1584,1584,1584,1584,1584,1584,1584,1584,1584,1584,1584,1584,1584,1584,1584,1584,1584,1584,1584,1584,1584,1584,1584,1584,1584,1584,1584,1584,1584,1584,1584,1584,1584,1584,1584,1584,1584,1584,1584,1584,1584,1584,1584,1584,1584,1584,1584,1584,1584,1584,1585,1585,1585,1587,1591,1591,1593,1593,1593,1593,1595,1595,1595,1598,1600,1600,1604,1604,1604,1604,1604,1604,1604,1604,1604,1604,1604,1604,1604,1604,1604,1604,1604,1604,1604,1604,1604,1604,1604,1604,1604,1604,1604,1604,1604,1604,1604,1604,1604,1604,1604,1604,1604,1604,1604,1604,1604,1604,1604,1604,1604,1604,1604,1604,1604,1604,1604,1604,1604,1606,1606,1606,1606,1606,1606,1610,1610,1610,1610,1610,1614,1614,1614,1614,1614,1614,1614,1614,1614,1614,1614,1614,1614,1614,1614,1614,1614,1614,1614,1614,1614,1614,1614,1614,1614,1614,1614,1614,1614,1614,1614,1614,1614,1614,1614,1614,1614,1614,1614,1614,1614,1614,1614,
48530,51218,55328,55388,55464,55592,55600,55608,55772,55828,55988,56020,56028,56028,56388,56388,56388,56388,56388,56388,56388,56388,56388,56388,56388,56388,56388,56388,56388,56388,56388,56388,56388,56388,56388,56388,56388,56388,56388,56388,56388,56388,56388,56388,56388,56388,56388,56388,56388,56388,56388,56388,56388,56388,56388,56388,56388,56388,56388,56388,56388,56388,56388,56388,56388,56388,56388,56388,56388,56388,56388,56388,56388,56388,56388,56388,56388,56388,56420,56420,56420,56484,56492,56492,56524,56524,56524,56524,56556,56556,56556,56652,56660,56660,56684,56684,56684,56684,56684,56684,56684,56684,56684,56684,56684,56684,56684,56684,56684,56684,56684,56684,56684,56684,56684,56684,56684,56684,56684,56684,56684,56684,56684,56684,56684,56684,56684,56684,56684,56684,56684,56684,56684,56684,56684,56684,56684,56684,56684,56684,56684,56684,56684,56684,56684,56684,56684,56700,56700,56700,56700,56700,56700,56956,56956,56956,56956,56956,57212,57212,57212,57212,57212,57212,57212,57212,57212,57212,57212,57212,57212,57212,57212,57212,57212,57212,57212,57212,57212,57212,57212,57212,57212,57212,57212,57212,57212,57212,57212,57212,57212,57212,57212,57212,57212,57212,57212,57212,57212,57212,57212,
0.711914,0.725586,0.742188,0.747070,0.751953,0.753906,0.757812,0.758789,0.764648,0.765625,0.768066,0.768555,0.769531,0.769531,0.773438,0.773438,0.773438,0.773438,0.773438,0.773438,0.773438,0.773438,0.773438,0.773438,0.773438,0.773438,0.773438,0.773438,0.773438,0.773438,0.773438,0.773438,0.773438,0.773438,0.773438,0.773438,0.773438,0.773438,0.773438,0.773438,0.773438,0.773438,0.773438,0.773438,0.773438,0.773438,0.773438,0.773438,0.773438,0.773438,0.773438,0.773438,0.773438,0.773438,0.773438,0.773438,0.773438,0.773438,0.773438,0.773438,0.773438,0.773438,0.773438,0.773438,0.773438,0.773438,0.773438,0.773438,0.773438,0.773438,0.773438,0.773438,0.773438,0.773438,0.773438,0.773438,0.773438,0.773438,0.773926,0.773926,0.773926,0.774902,0.776855,0.776855,0.777832,0.777832,0.777832,0.777832,0.778809,0.778809,0.778809,0.780273,0.781250,0.781250,0.783203,0.783203,0.783203,0.783203,0.783203,0.783203,0.783203,0.783203,0.783203,0.783203,0.783203,0.783203,0.783203,0.783203,0.783203,0.783203,0.783203,0.783203,0.783203,0.783203,0.783203,0.783203,0.783203,0.783203,0.783203,0.783203,0.783203,0.783203,0.783203,0.783203,0.783203,0.783203,0.783203,0.783203,0.783203,0.783203,0.783203,0.783203,0.783203,0.783203,0.783203,0.783203,0.783203,0.783203,0.783203,0.783203,0.783203,0.783203,0.783203,0.783203,0.783203,0.783203,0.783203,0.784180,0.784180,0.784180,0.784180,0.784180,0.784180,0.786133,0.786133,0.786133,0.786133,0.786133,0.788086,0.788086,0.788086,0.788086,0.788086,0.788086,0.788086,0.788086,0.788086,0.788086,0.788086,0.788086,0.788086,0.788086,0.788086,0.788086,0.788086,0.788086,0.788086,0.788086,0.788086,0.788086,0.788086,0.788086,0.788086,0.788086,0.788086,0.788086,0.788086,0.788086,0.788086,0.788086,0.788086,0.788086,0.788086,0.788086,0.788086,0.788086,0.788086,0.788086,0.788086,0.788086,0.788086,
0.740509,0.781525,0.844238,0.845154,0.846313,0.848267,0.848389,0.848511,0.851013,0.851868,0.854309,0.854797,0.854919,0.854919,0.860413,0.860413,0.860413,0.860413,0.860413,0.860413,0.860413,0.860413,0.860413,0.860413,0.860413,0.860413,0.860413,0.860413,0.860413,0.860413,0.860413,0.860413,0.860413,0.860413,0.860413,0.860413,0.860413,0.860413,0.860413,0.860413,0.860413,0.860413,0.860413,0.860413,0.860413,0.860413,0.860413,0.860413,0.860413,0.860413,0.860413,0.860413,0.860413,0.860413,0.860413,0.860413,0.860413,0.860413,0.860413,0.860413,0.860413,0.860413,0.860413,0.860413,0.860413,0.860413,0.860413,0.860413,0.860413,0.860413,0.860413,0.860413,0.860413,0.860413,0.860413,0.860413,0.860413,0.860413,0.860901,0.860901,0.860901,0.861877,0.862000,0.862000,0.862488,0.862488,0.862488,0.862488,0.862976,0.862976,0.862976,0.864441,0.864563,0.864563,0.864929,0.864929,0.864929,0.864929,0.864929,0.864929,0.864929,0.864929,0.864929,0.864929,0.864929,0.864929,0.864929,0.864929,0.864929,0.864929,0.864929,0.864929,0.864929,0.864929,0.864929,0.864929,0.864929,0.864929,0.864929,0.864929,0.864929,0.864929,0.864929,0.864929,0.864929,0.864929,0.864929,0.864929,0.864929,0.864929,0.864929,0.864929,0.864929,0.864929,0.864929,0.864929,0.864929,0.864929,0.864929,0.864929,0.864929,0.864929,0.864929,0.864929,0.864929,0.864929,0.864929,0.865173,0.865173,0.865173,0.865173,0.865173,0.865173,0.869080,0.869080,0.869080,0.869080,0.869080,0.872986,0.872986,0.872986,0.872986,0.872986,0.872986,0.872986,0.872986,0.872986,0.872986,0.872986,0.872986,0.872986,0.872986,0.872986,0.872986,0.872986,0.872986,0.872986,0.872986,0.872986,0.872986,0.872986,0.872986,0.872986,0.872986,0.872986,0.872986,0.872986,0.872986,0.872986,0.872986,0.872986,0.872986,0.872986,0.872986,0.872986,0.872986,0.872986,0.872986,0.872986,0.872986,0.872986,
