kBasicLog: 1
kBreedEdges: 1
kBreedGates: 1
kBreedSample: 4
kBreedType: 0
kChildren: 100
kEvaluations: 20000
kGens: 100
kLegalGateTypes: 1
kLog: 1
kLogIter: 9
kMaxGenStagnation: 300
kMessUp: 0
kMutatePercent: 1
kMutationMode: 1
kMutations: 6
kPruneOrphans: 1
kSaveDotGraphs: 1
kSeed: 0
kThreads: 4
kThreshold: 1000
kTruthWeight: 1
columns: 13
rows: 5,5,5,5,5,5,5,5,5,5,5,5,4
goal_correct_count: 256
goal_total_count: 2048
goal_total_weighted_count: 65536
~
gates_used: 39
total_count: 1656
total_weighted_count: 0
percent: 0.808594
weighted_percent: 0.000000
evaluations: 20100
~
1478,1492,1500,1508,1516,1522,1530,1530,1534,1536,1536,1542,1554,1554,1554,1554,1554,1554,1554,1558,1562,1568,1570,1578,1584,1588,1590,1592,1592,1592,1592,1592,1592,1592,1592,1592,1592,1592,1592,1592,1592,1600,1600,1600,1600,1600,1600,1600,1600,1600,1608,1608,1612,1614,1614,1620,1628,1628,1630,1634,1636,1644,1644,1644,1644,1644,1644,1644,1644,1646,1650,1650,1650,1650,1650,1650,1650,1650,1650,1650,1650,1650,1652,1652,1652,1652,1652,1652,1652,1654,1654,1654,1654,1654,1654,1654,1654,1654,1654,1654,1654,1654,1654,1654,1654,1654,1654,1654,1654,1654,1654,1654,1654,1654,1654,1654,1654,1654,1654,1654,1654,1654,1654,1654,1654,1654,1654,1654,1654,1654,1654,1654,1654,1654,1654,1654,1654,1654,1654,1654,1656,1656,1656,1656,1656,1656,1656,1656,1656,1656,1656,1656,1656,1656,1656,1656,1656,1656,1656,1656,1656,1656,1656,1656,1656,1656,1656,1656,1656,1656,1656,1656,1656,1656,1656,1656,1656,1656,1656,1656,1656,1656,1656,1656,1656,1656,1656,1656,1656,1656,1656,1656,1656,1656,1656,1656,1656,1656,1656,1656,1656,
53336,53896,54408,54664,54920,54968,55224,55224,55232,55240,55240,55248,55260,55260,55260,55260,55260,55260,55260,56188,56204,56316,56324,56394,56400,56464,56480,56496,56496,56496,56496,56496,56496,56496,56496,56496,56496,56496,56496,56496,56496,56752,56752,56752,56752,56752,56752,56752,56752,56752,57008,57008,57488,57496,57496,58000,58016,58016,58024,58056,58072,58136,58136,58136,58136,58136,58136,58136,58136,58144,58160,58160,58160,58160,58160,58160,58160,58160,58160,58160,58160,58160,58168,58168,58168,58168,58168,58168,58168,58176,58176,58176,58176,58176,58176,58176,58176,58176,58176,58176,58176,58176,58176,58176,58176,58176,58176,58176,58176,58176,58176,58176,58176,58176,58176,58176,58176,58176,58176,58176,58176,58176,58176,58176,58176,58176,58176,58176,58176,58176,58176,58176,58176,58176,58176,58176,58176,58176,58176,58176,58920,58920,58920,58920,58920,58920,58920,58920,58920,58920,58920,58920,58920,58920,58920,58920,58920,58920,58920,58920,58920,58920,58920,58920,58920,58920,58920,58920,58920,58920,58920,58920,58920,58920,58920,58920,58920,58920,58920,58920,58920,58920,58920,58920,58920,58920,58920,58920,58920,58920,58920,58920,58920,58920,58920,58920,58920,58920,58920,58920,58920,
0.721680,0.728516,0.732422,0.736328,0.740234,0.743164,0.747070,0.747070,0.749023,0.750000,0.750000,0.752930,0.758789,0.758789,0.758789,0.758789,0.758789,0.758789,0.758789,0.760742,0.762695,0.765625,0.766602,0.770508,0.773438,0.775391,0.776367,0.777344,0.777344,0.777344,0.777344,0.777344,0.777344,0.777344,0.777344,0.777344,0.777344,0.777344,0.777344,0.777344,0.777344,0.781250,0.781250,0.781250,0.781250,0.781250,0.781250,0.781250,0.781250,0.781250,0.785156,0.785156,0.787109,0.788086,0.788086,0.791016,0.794922,0.794922,0.795898,0.797852,0.798828,0.802734,0.802734,0.802734,0.802734,0.802734,0.802734,0.802734,0.802734,0.803711,0.805664,0.805664,0.805664,0.805664,0.805664,0.805664,0.805664,0.805664,0.805664,0.805664,0.805664,0.805664,0.806641,0.806641,0.806641,0.806641,0.806641,0.806641,0.806641,0.807617,0.807617,0.807617,0.807617,0.807617,0.807617,0.807617,0.807617,0.807617,0.807617,0.807617,0.807617,0.807617,0.807617,0.807617,0.807617,0.807617,0.807617,0.807617,0.807617,0.807617,0.807617,0.807617,0.807617,0.807617,0.807617,0.807617,0.807617,0.807617,0.807617,0.807617,0.807617,0.807617,0.807617,0.807617,0.807617,0.807617,0.807617,0.807617,0.807617,0.807617,0.807617,0.807617,0.807617,0.807617,0.807617,0.807617,0.807617,0.807617,0.807617,0.807617,0.808594,0.808594,0.808594,0.808594,0.808594,0.808594,0.808594,0.808594,0.808594,0.808594,0.808594,0.808594,0.808594,0.808594,0.808594,0.808594,0.808594,0.808594,0.808594,0.808594,0.808594,0.808594,0.808594,0.808594,0.808594,0.808594,0.808594,0.808594,0.808594,0.808594,0.808594,0.808594,0.808594,0.808594,0.808594,0.808594,0.808594,0.808594,0.808594,0.808594,0.808594,0.808594,0.808594,0.808594,0.808594,0.808594,0.808594,0.808594,0.808594,0.808594,0.808594,0.808594,0.808594,0.808594,0.808594,0.808594,0.808594,0.808594,0.808594,0.808594,0.808594,
0.813843,0.822388,0.830200,0.834106,0.838013,0.838745,0.842651,0.842651,0.842773,0.842896,0.842896,0.843018,0.843201,0.843201,0.843201,0.843201,0.843201,0.843201,0.843201,0.857361,0.857605,0.859314,0.859436,0.860504,0.860596,0.861572,0.861816,0.862061,0.862061,0.862061,0.862061,0.862061,0.862061,0.862061,0.862061,0.862061,0.862061,0.862061,0.862061,0.862061,0.862061,0.865967,0.865967,0.865967,0.865967,0.865967,0.865967,0.865967,0.865967,0.865967,0.869873,0.869873,0.877197,0.877319,0.877319,0.885010,0.885254,0.885254,0.885376,0.885864,0.886108,0.887085,0.887085,0.887085,0.887085,0.887085,0.887085,0.887085,0.887085,0.887207,0.887451,0.887451,0.887451,0.887451,0.887451,0.887451,0.887451,0.887451,0.887451,0.887451,0.887451,0.887451,0.887573,0.887573,0.887573,0.887573,0.887573,0.887573,0.887573,0.887695,0.887695,0.887695,0.887695,0.887695,0.887695,0.887695,0.887695,0.887695,0.887695,0.887695,0.887695,0.887695,0.887695,0.887695,0.887695,0.887695,0.887695,0.887695,0.887695,0.887695,0.887695,0.887695,0.887695,0.887695,0.887695,0.887695,0.887695,0.887695,0.887695,0.887695,0.887695,0.887695,0.887695,0.887695,0.887695,0.887695,0.887695,0.887695,0.887695,0.887695,0.887695,0.887695,0.887695,0.887695,0.887695,0.887695,0.887695,0.887695,0.887695,0.887695,0.899048,0.899048,0.899048,0.899048,0.899048,0.899048,0.899048,0.899048,0.899048,0.899048,0.899048,0.899048,0.899048,0.899048,0.899048,0.899048,0.899048,0.899048,0.899048,0.899048,0.899048,0.899048,0.899048,0.899048,0.899048,0.899048,0.899048,0.899048,0.899048,0.899048,0.899048,0.899048,0.899048,0.899048,0.899048,0.899048,0.899048,0.899048,0.899048,0.899048,0.899048,0.899048,0.899048,0.899048,0.899048,0.899048,0.899048,0.899048,0.899048,0.899048,0.899048,0.899048,0.899048,0.899048,0.899048,0.899048,0.899048,0.899048,0.899048,0.899048,0.899048,
