kBasicLog: 1
kBreedEdges: 1
kBreedGates: 1
kBreedSample: 4
kBreedType: 0
kChildren: 100
kEvaluations: 20000
kGens: 100
kLegalGateTypes: 1
kLog: 1
kLogIter: 12
kMaxGenStagnation: 300
kMessUp: 0
kMutatePercent: 1
kMutationMode: 1
kMutations: 6
kPruneOrphans: 1
kSaveDotGraphs: 1
kSeed: 0
kThreads: 4
kThreshold: 1000
kTruthWeight: 1
columns: 13
rows: 5,5,5,5,5,5,5,5,5,5,5,5,4
goal_correct_count: 256
goal_total_count: 2048
goal_total_weighted_count: 65536
~
gates_used: 30
total_count: 1644
total_weighted_count: 0
percent: 0.802734
weighted_percent: 0.000000
evaluations: 20100
~
1455,1473,1494,1508,1516,1524,1536,1544,1548,1560,1568,1570,1570,1570,1570,1570,1570,1574,1574,1574,1574,1574,1574,1574,1574,1574,1574,1574,1574,1574,1574,1574,1574,1574,1574,1574,1574,1574,1574,1574,1574,1574,1574,1574,1574,1574,1574,1574,1574,1574,1574,1574,1574,1574,1574,1574,1574,1574,1574,1574,1574,1574,1574,1574,1574,1574,1574,1574,1574,1574,1574,1574,1574,1574,1574,1574,1590,1590,1590,1590,1590,1590,1590,1590,1590,1590,1590,1590,1590,1590,1590,1590,1590,1590,1590,1590,1590,1590,1590,1590,1590,1590,1590,1590,1590,1590,1590,1590,1590,1590,1590,1590,1592,1592,1592,1592,1592,1592,1592,1592,1592,1592,1592,1596,1596,1602,1602,1612,1620,1620,1620,1620,1620,1620,1620,1620,1620,1620,1620,1620,1622,1622,1622,1622,1622,1624,1624,1624,1624,1624,1624,1624,1624,1624,1624,1624,1624,1624,1624,1624,1624,1624,1624,1624,1624,1624,1624,1624,1624,1624,1624,1624,1624,1624,1624,1624,1624,1624,1624,1624,1624,1624,1624,1624,1624,1624,1624,1624,1624,1624,1624,1624,1624,1624,1624,1630,1630,1632,1644,1644,1644,
51004,52044,53260,53756,53884,53948,55996,56018,56082,57012,57076,57080,57080,57080,57080,57080,57080,57088,57088,57088,57088,57088,57088,57088,57088,57088,57088,57088,57088,57088,57088,57088,57088,57088,57088,57088,57088,57088,57088,57088,57088,57088,57088,57088,57088,57088,57088,57088,57088,57088,57088,57088,57088,57088,57088,57088,57088,57088,57088,57088,57088,57088,57088,57088,57088,57088,57088,57088,57088,57088,57088,57088,57088,57088,57088,57088,59136,59136,59136,59136,59136,59136,59136,59136,59136,59136,59136,59136,59136,59136,59136,59136,59136,59136,59136,59136,59136,59136,59136,59136,59136,59136,59136,59136,59136,59136,59136,59136,59136,59136,59136,59136,59140,59140,59140,59140,59140,59140,59140,59140,59140,59140,59140,59268,59268,59640,59640,59900,60156,60156,60156,60156,60156,60156,60156,60156,60156,60156,60156,60156,60188,60188,60188,60188,60188,60192,60192,60192,60192,60192,60192,60192,60192,60192,60192,60192,60192,60192,60192,60192,60192,60192,60192,60192,60192,60192,60192,60192,60192,60192,60192,60192,60192,60192,60192,60192,60192,60192,60192,60192,60192,60192,60192,60192,60192,60192,60192,60192,60192,60192,60192,60192,60192,60192,60192,60204,60204,60206,60218,60218,60218,
0.710449,0.719238,0.729492,0.736328,0.740234,0.744141,0.750000,0.753906,0.755859,0.761719,0.765625,0.766602,0.766602,0.766602,0.766602,0.766602,0.766602,0.768555,0.768555,0.768555,0.768555,0.768555,0.768555,0.768555,0.768555,0.768555,0.768555,0.768555,0.768555,0.768555,0.768555,0.768555,0.768555,0.768555,0.768555,0.768555,0.768555,0.768555,0.768555,0.768555,0.768555,0.768555,0.768555,0.768555,0.768555,0.768555,0.768555,0.768555,0.768555,0.768555,0.768555,0.768555,0.768555,0.768555,0.768555,0.768555,0.768555,0.768555,0.768555,0.768555,0.768555,0.768555,0.768555,0.768555,0.768555,0.768555,0.768555,0.768555,0.768555,0.768555,0.768555,0.768555,0.768555,0.768555,0.768555,0.768555,0.776367,0.776367,0.776367,0.776367,0.776367,0.776367,0.776367,0.776367,0.776367,0.776367,0.776367,0.776367,0.776367,0.776367,0.776367,0.776367,0.776367,0.776367,0.776367,0.776367,0.776367,0.776367,0.776367,0.776367,0.776367,0.776367,0.776367,0.776367,0.776367,0.776367,0.776367,0.776367,0.776367,0.776367,0.776367,0.776367,0.777344,0.777344,0.777344,0.777344,0.777344,0.777344,0.777344,0.777344,0.777344,0.777344,0.777344,0.779297,0.779297,0.782227,0.782227,0.787109,0.791016,0.791016,0.791016,0.791016,0.791016,0.791016,0.791016,0.791016,0.791016,0.791016,0.791016,0.791016,0.791992,0.791992,0.791992,0.791992,0.791992,0.792969,0.792969,0.792969,0.792969,0.792969,0.792969,0.792969,0.792969,0.792969,0.792969,0.792969,0.792969,0.792969,0.792969,0.792969,0.792969,0.792969,0.792969,0.792969,0.792969,0.792969,0.792969,0.792969,0.792969,0.792969,0.792969,0.792969,0.792969,0.792969,0.792969,0.792969,0.792969,0.792969,0.792969,0.792969,0.792969,0.792969,0.792969,0.792969,0.792969,0.792969,0.792969,0.792969,0.792969,0.792969,0.792969,0.792969,0.792969,0.792969,0.792969,0.795898,0.795898,0.796875,0.802734,0.802734,0.802734,
0.778259,0.794128,0.812683,0.820251,0.822205,0.823181,0.854431,0.854767,0.855743,0.869934,0.870911,0.870972,0.870972,0.870972,0.870972,0.870972,0.870972,0.871094,0.871094,0.871094,0.871094,0.871094,0.871094,0.871094,0.871094,0.871094,0.871094,0.871094,0.871094,0.871094,0.871094,0.871094,0.871094,0.871094,0.871094,0.871094,0.871094,0.871094,0.871094,0.871094,0.871094,0.871094,0.871094,0.871094,0.871094,0.871094,0.871094,0.871094,0.871094,0.871094,0.871094,0.871094,0.871094,0.871094,0.871094,0.871094,0.871094,0.871094,0.871094,0.871094,0.871094,0.871094,0.871094,0.871094,0.871094,0.871094,0.871094,0.871094,0.871094,0.871094,0.871094,0.871094,0.871094,0.871094,0.871094,0.871094,0.902344,0.902344,0.902344,0.902344,0.902344,0.902344,0.902344,0.902344,0.902344,0.902344,0.902344,0.902344,0.902344,0.902344,0.902344,0.902344,0.902344,0.902344,0.902344,0.902344,0.902344,0.902344,0.902344,0.902344,0.902344,0.902344,0.902344,0.902344,0.902344,0.902344,0.902344,0.902344,0.902344,0.902344,0.902344,0.902344,0.902405,0.902405,0.902405,0.902405,0.902405,0.902405,0.902405,0.902405,0.902405,0.902405,0.902405,0.904358,0.904358,0.910034,0.910034,0.914001,0.917908,0.917908,0.917908,0.917908,0.917908,0.917908,0.917908,0.917908,0.917908,0.917908,0.917908,0.917908,0.918396,0.918396,0.918396,0.918396,0.918396,0.918457,0.918457,0.918457,0.918457,0.918457,0.918457,0.918457,0.918457,0.918457,0.918457,0.918457,0.918457,0.918457,0.918457,0.918457,0.918457,0.918457,0.918457,0.918457,0.918457,0.918457,0.918457,0.918457,0.918457,0.918457,0.918457,0.918457,0.918457,0.918457,0.918457,0.918457,0.918457,0.918457,0.918457,0.918457,0.918457,0.918457,0.918457,0.918457,0.918457,0.918457,0.918457,0.918457,0.918457,0.918457,0.918457,0.918457,0.918457,0.918457,0.918457,0.918640,0.918640,0.918671,0.918854,0.918854,0.918854,
