kBasicLog: 1
kBreedEdges: 1
kBreedGates: 1
kBreedSample: 4
kBreedType: 0
kChildren: 100
kEvaluations: 20000
kGens: 100
kLegalGateTypes: 1
kLog: 1
kLogIter: 11
kMaxGenStagnation: 300
kMessUp: 0
kMutatePercent: 1
kMutationMode: 1
kMutations: 6
kPruneOrphans: 1
kSaveDotGraphs: 1
kSeed: 0
kThreads: 4
kThreshold: 1000
kTruthWeight: 1
columns: 13
rows: 5,5,5,5,5,5,5,5,5,5,5,5,4
goal_correct_count: 256
goal_total_count: 2048
goal_total_weighted_count: 65536
~
gates_used: 37
total_count: 1590
total_weighted_count: 0
percent: 0.776367
weighted_percent: 0.000000
evaluations: 20100
~
1438,1470,1474,1476,1492,1502,1504,1522,1538,1554,1554,1556,1556,1556,1556,1556,1572,1572,1572,1572,1572,1572,1572,1572,1574,1574,1574,1574,1574,1574,1574,1574,1574,1574,1574,1574,1574,1574,1578,1578,1586,1590,1590,1590,1590,1590,1590,1590,1590,1590,1590,1590,1590,1590,1590,1590,1590,1590,1590,1590,1590,1590,1590,1590,1590,1590,1590,1590,1590,1590,1590,1590,1590,1590,1590,1590,1590,1590,1590,1590,1590,1590,1590,1590,1590,1590,1590,1590,1590,1590,1590,1590,1590,1590,1590,1590,1590,1590,1590,1590,1590,1590,1590,1590,1590,1590,1590,1590,1590,1590,1590,1590,1590,1590,1590,1590,1590,1590,1590,1590,1590,1590,1590,1590,1590,1590,1590,1590,1590,1590,1590,1590,1590,1590,1590,1590,1590,1590,1590,1590,1590,1590,1590,1590,1590,1590,1590,1590,1590,1590,1590,1590,1590,1590,1590,1590,1590,1590,1590,1590,1590,1590,1590,1590,1590,1590,1590,1590,1590,1590,1590,1590,1590,1590,1590,1590,1590,1590,1590,1590,1590,1590,1590,1590,1590,1590,1590,1590,1590,1590,1590,1590,1590,1590,1590,1590,1590,1590,1590,1590,1590,
47228,51292,51356,51372,51864,52384,52392,54448,56496,57520,57520,57536,57536,57536,57536,57536,57552,57552,57552,57552,57552,57552,57552,57552,57556,57556,57556,57556,57556,57556,57556,57556,57556,57556,57556,57556,57556,57556,57684,57684,57940,58068,58068,58068,58068,58068,58068,58068,58068,58068,58068,58068,58068,58068,58068,58068,58068,58068,58068,58068,58068,58068,58068,58068,58068,58068,58068,58068,58068,58068,58068,58068,58068,58068,58068,58068,58068,58068,58068,58068,58068,58068,58068,58068,58068,58068,58068,58068,58068,58068,58068,58068,58068,58068,58068,58068,58068,58068,58068,58068,58068,58068,58068,58068,58068,58068,58068,58068,58068,58068,58068,58068,58068,58068,58068,58068,58068,58068,58068,58068,58068,58068,58068,58068,58068,58068,58068,58068,58068,58068,58068,58068,58068,58068,58068,58068,58068,58068,58068,58068,58068,58068,58068,58068,58068,58068,58068,58068,58068,58068,58068,58068,58068,58068,58068,58068,58068,58068,58068,58068,58068,58068,58068,58068,58068,58068,58068,58068,58068,58068,58068,58068,58068,58068,58068,58068,58068,58068,58068,58068,58068,58068,58068,58068,58068,58068,58068,58068,58068,58068,58068,58068,58068,58068,58068,58068,58068,58068,58068,58068,58068,
0.702148,0.717773,0.719727,0.720703,0.728516,0.733398,0.734375,0.743164,0.750977,0.758789,0.758789,0.759766,0.759766,0.759766,0.759766,0.759766,0.767578,0.767578,0.767578,0.767578,0.767578,0.767578,0.767578,0.767578,0.768555,0.768555,0.768555,0.768555,0.768555,0.768555,0.768555,0.768555,0.768555,0.768555,0.768555,0.768555,0.768555,0.768555,0.770508,0.770508,0.774414,0.776367,0.776367,0.776367,0.776367,0.776367,0.776367,0.776367,0.776367,0.776367,0.776367,0.776367,0.776367,0.776367,0.776367,0.776367,0.776367,0.776367,0.776367,0.776367,0.776367,0.776367,0.776367,0.776367,0.776367,0.776367,0.776367,0.776367,0.776367,0.776367,0.776367,0.776367,0.776367,0.776367,0.776367,0.776367,0.776367,0.776367,0.776367,0.776367,0.776367,0.776367,0.776367,0.776367,0.776367,0.776367,0.776367,0.776367,0.776367,0.776367,0.776367,0.776367,0.776367,0.776367,0.776367,0.776367,0.776367,0.776367,0.776367,0.776367,0.776367,0.776367,0.776367,0.776367,0.776367,0.776367,0.776367,0.776367,0.776367,0.776367,0.776367,0.776367,0.776367,0.776367,0.776367,0.776367,0.776367,0.776367,0.776367,0.776367,0.776367,0.776367,0.776367,0.776367,0.776367,0.776367,0.776367,0.776367,0.776367,0.776367,0.776367,0.776367,0.776367,0.776367,0.776367,0.776367,0.776367,0.776367,0.776367,0.776367,0.776367,0.776367,0.776367,0.776367,0.776367,0.776367,0.776367,0.776367,0.776367,0.776367,0.776367,0.776367,0.776367,0.776367,0.776367,0.776367,0.776367,0.776367,0.776367,0.776367,0.776367,0.776367,0.776367,0.776367,0.776367,0.776367,0.776367,0.776367,0.776367,0.776367,0.776367,0.776367,0.776367,0.776367,0.776367,0.776367,0.776367,0.776367,0.776367,0.776367,0.776367,0.776367,0.776367,0.776367,0.776367,0.776367,0.776367,0.776367,0.776367,0.776367,0.776367,0.776367,0.776367,0.776367,0.776367,0.776367,0.776367,0.776367,0.776367,0.776367,0.776367,
0.720642,0.782654,0.783630,0.783875,0.791382,0.799316,0.799438,0.830811,0.862061,0.877686,0.877686,0.877930,0.877930,0.877930,0.877930,0.877930,0.878174,0.878174,0.878174,0.878174,0.878174,0.878174,0.878174,0.878174,0.878235,0.878235,0.878235,0.878235,0.878235,0.878235,0.878235,0.878235,0.878235,0.878235,0.878235,0.878235,0.878235,0.878235,0.880188,0.880188,0.884094,0.886047,0.886047,0.886047,0.886047,0.886047,0.886047,0.886047,0.886047,0.886047,0.886047,0.886047,0.886047,0.886047,0.886047,0.886047,0.886047,0.886047,0.886047,0.886047,0.886047,0.886047,0.886047,0.886047,0.886047,0.886047,0.886047,0.886047,0.886047,0.886047,0.886047,0.886047,0.886047,0.886047,0.886047,0.886047,0.886047,0.886047,0.886047,0.886047,0.886047,0.886047,0.886047,0.886047,0.886047,0.886047,0.886047,0.886047,0.886047,0.886047,0.886047,0.886047,0.886047,0.886047,0.886047,0.886047,0.886047,0.886047,0.886047,0.886047,0.886047,0.886047,0.886047,0.886047,0.886047,0.886047,0.886047,0.886047,0.886047,0.886047,0.886047,0.886047,0.886047,0.886047,0.886047,0.886047,0.886047,0.886047,0.886047,0.886047,0.886047,0.886047,0.886047,0.886047,0.886047,0.886047,0.886047,0.886047,0.886047,0.886047,0.886047,0.886047,0.886047,0.886047,0.886047,0.886047,0.886047,0.886047,0.886047,0.886047,0.886047,0.886047,0.886047,0.886047,0.886047,0.886047,0.886047,0.886047,0.886047,0.886047,0.886047,0.886047,0.886047,0.886047,0.886047,0.886047,0.886047,0.886047,0.886047,0.886047,0.886047,0.886047,0.886047,0.886047,0.886047,0.886047,0.886047,0.886047,0.886047,0.886047,0.886047,0.886047,0.886047,0.886047,0.886047,0.886047,0.886047,0.886047,0.886047,0.886047,0.886047,0.886047,0.886047,0.886047,0.886047,0.886047,0.886047,0.886047,0.886047,0.886047,0.886047,0.886047,0.886047,0.886047,0.886047,0.886047,0.886047,0.886047,0.886047,0.886047,0.886047,
