kBasicLog: 1
kBreedEdges: 1
kBreedGates: 1
kBreedSample: 4
kBreedType: 0
kChildren: 100
kEvaluations: 20000
kGens: 100
kLegalGateTypes: 1
kLog: 1
kLogIter: 5
kMaxGenStagnation: 300
kMessUp: 0
kMutatePercent: 1
kMutationMode: 1
kMutations: 6
kPruneOrphans: 1
kSaveDotGraphs: 1
kSeed: 0
kThreads: 4
kThreshold: 1000
kTruthWeight: 1
columns: 13
rows: 5,5,5,5,5,5,5,5,5,5,5,5,4
goal_correct_count: 256
goal_total_count: 2048
goal_total_weighted_count: 65536
~
gates_used: 31
total_count: 1664
total_weighted_count: 0
percent: 0.812500
weighted_percent: 0.000000
evaluations: 20100
~
1440,1468,1478,1494,1510,1526,1534,1534,1540,1540,1540,1540,1540,1544,1544,1548,1550,1550,1550,1550,1550,1566,1566,1566,1566,1566,1568,1572,1574,1574,1574,1582,1582,1582,1590,1594,1606,1606,1610,1610,1610,1610,1610,1610,1612,1612,1616,1616,1616,1618,1618,1618,1622,1622,1624,1626,1626,1626,1626,1626,1626,1626,1626,1626,1628,1628,1628,1628,1628,1628,1628,1628,1628,1628,1632,1632,1632,1636,1636,1636,1636,1636,1636,1636,1636,1636,1636,1636,1636,1636,1636,1636,1636,1650,1650,1650,1650,1650,1650,1650,1650,1650,1650,1650,1650,1650,1650,1650,1650,1650,1650,1650,1650,1650,1650,1650,1650,1650,1650,1654,1654,1654,1654,1654,1654,1654,1654,1654,1654,1654,1654,1658,1658,1658,1660,1660,1660,1660,1662,1662,1662,1662,1662,1662,1662,1662,1662,1662,1662,1662,1662,1662,1662,1662,1662,1662,1662,1662,1662,1662,1662,1662,1662,1662,1662,1662,1662,1662,1662,1662,1662,1662,1664,1664,1664,1664,1664,1664,1664,1664,1664,1664,1664,1664,1664,1664,1664,1664,1664,1664,1664,1664,1664,1664,1664,1664,1664,1664,1664,1664,1664,
47128,50436,50456,50520,53336,55384,56364,56364,56376,56376,56376,56376,56376,56408,56408,56632,56640,56640,56640,56640,56640,57664,57664,57664,57664,57664,57668,57700,57716,57716,57716,58228,58228,58228,58484,58612,58996,58996,59124,59124,59124,59124,59124,59124,59132,59132,59388,59388,59388,59420,59420,59420,59424,59424,59426,59428,59428,59428,59428,59428,59428,59428,59428,59428,59430,59430,59430,59430,59430,59430,59430,59430,59430,59430,59434,59434,59434,59444,59444,59444,59444,59444,59444,59444,59444,59444,59444,59444,59444,59444,59444,59444,59444,59668,59668,59668,59668,59668,59668,59668,59668,59668,59668,59668,59668,59668,59668,59668,59668,59668,59668,59668,59668,59668,59668,59668,59668,59668,59668,59796,59796,59796,59796,59796,59796,59796,59796,59796,59796,59796,59796,60052,60052,60052,60068,60068,60068,60068,60072,60072,60072,60072,60072,60072,60072,60072,60072,60072,60072,60072,60072,60072,60072,60072,60072,60072,60072,60072,60072,60072,60072,60072,60072,60072,60072,60072,60072,60072,60072,60072,60072,60072,60076,60076,60076,60076,60076,60076,60076,60076,60076,60076,60076,60076,60076,60076,60076,60076,60076,60076,60076,60076,60076,60076,60076,60076,60076,60076,60076,60076,60076,
0.703125,0.716797,0.721680,0.729492,0.737305,0.745117,0.749023,0.749023,0.751953,0.751953,0.751953,0.751953,0.751953,0.753906,0.753906,0.755859,0.756836,0.756836,0.756836,0.756836,0.756836,0.764648,0.764648,0.764648,0.764648,0.764648,0.765625,0.767578,0.768555,0.768555,0.768555,0.772461,0.772461,0.772461,0.776367,0.778320,0.784180,0.784180,0.786133,0.786133,0.786133,0.786133,0.786133,0.786133,0.787109,0.787109,0.789062,0.789062,0.789062,0.790039,0.790039,0.790039,0.791992,0.791992,0.792969,0.793945,0.793945,0.793945,0.793945,0.793945,0.793945,0.793945,0.793945,0.793945,0.794922,0.794922,0.794922,0.794922,0.794922,0.794922,0.794922,0.794922,0.794922,0.794922,0.796875,0.796875,0.796875,0.798828,0.798828,0.798828,0.798828,0.798828,0.798828,0.798828,0.798828,0.798828,0.798828,0.798828,0.798828,0.798828,0.798828,0.798828,0.798828,0.805664,0.805664,0.805664,0.805664,0.805664,0.805664,0.805664,0.805664,0.805664,0.805664,0.805664,0.805664,0.805664,0.805664,0.805664,0.805664,0.805664,0.805664,0.805664,0.805664,0.805664,0.805664,0.805664,0.805664,0.805664,0.805664,0.807617,0.807617,0.807617,0.807617,0.807617,0.807617,0.807617,0.807617,0.807617,0.807617,0.807617,0.807617,0.809570,0.809570,0.809570,0.810547,0.810547,0.810547,0.810547,0.811523,0.811523,0.811523,0.811523,0.811523,0.811523,0.811523,0.811523,0.811523,0.811523,0.811523,0.811523,0.811523,0.811523,0.811523,0.811523,0.811523,0.811523,0.811523,0.811523,0.811523,0.811523,0.811523,0.811523,0.811523,0.811523,0.811523,0.811523,0.811523,0.811523,0.811523,0.811523,0.811523,0.811523,0.812500,0.812500,0.812500,0.812500,0.812500,0.812500,0.812500,0.812500,0.812500,0.812500,0.812500,0.812500,0.812500,0.812500,0.812500,0.812500,0.812500,0.812500,0.812500,0.812500,0.812500,0.812500,0.812500,0.812500,0.812500,0.812500,0.812500,0.812500,0.812500,
0.719116,0.769592,0.769897,0.770874,0.813843,0.845093,0.860046,0.860046,0.860229,0.860229,0.860229,0.860229,0.860229,0.860718,0.860718,0.864136,0.864258,0.864258,0.864258,0.864258,0.864258,0.879883,0.879883,0.879883,0.879883,0.879883,0.879944,0.880432,0.880676,0.880676,0.880676,0.888489,0.888489,0.888489,0.892395,0.894348,0.900208,0.900208,0.902161,0.902161,0.902161,0.902161,0.902161,0.902161,0.902283,0.902283,0.906189,0.906189,0.906189,0.906677,0.906677,0.906677,0.906738,0.906738,0.906769,0.906799,0.906799,0.906799,0.906799,0.906799,0.906799,0.906799,0.906799,0.906799,0.906830,0.906830,0.906830,0.906830,0.906830,0.906830,0.906830,0.906830,0.906830,0.906830,0.906891,0.906891,0.906891,0.907043,0.907043,0.907043,0.907043,0.907043,0.907043,0.907043,0.907043,0.907043,0.907043,0.907043,0.907043,0.907043,0.907043,0.907043,0.907043,0.910461,0.910461,0.910461,0.910461,0.910461,0.910461,0.910461,0.910461,0.910461,0.910461,0.910461,0.910461,0.910461,0.910461,0.910461,0.910461,0.910461,0.910461,0.910461,0.910461,0.910461,0.910461,0.910461,0.910461,0.910461,0.910461,0.912415,0.912415,0.912415,0.912415,0.912415,0.912415,0.912415,0.912415,0.912415,0.912415,0.912415,0.912415,0.916321,0.916321,0.916321,0.916565,0.916565,0.916565,0.916565,0.916626,0.916626,0.916626,0.916626,0.916626,0.916626,0.916626,0.916626,0.916626,0.916626,0.916626,0.916626,0.916626,0.916626,0.916626,0.916626,0.916626,0.916626,0.916626,0.916626,0.916626,0.916626,0.916626,0.916626,0.916626,0.916626,0.916626,0.916626,0.916626,0.916626,0.916626,0.916626,0.916626,0.916626,0.916687,0.916687,0.916687,0.916687,0.916687,0.916687,0.916687,0.916687,0.916687,0.916687,0.916687,0.916687,0.916687,0.916687,0.916687,0.916687,0.916687,0.916687,0.916687,0.916687,0.916687,0.916687,0.916687,0.916687,0.916687,0.916687,0.916687,0.916687,0.916687,
