kBasicLog: 1
kBreedEdges: 1
kBreedGates: 1
kBreedSample: 4
kBreedType: 0
kChildren: 100
kEvaluations: 20000
kGens: 100
kLegalGateTypes: 1
kLog: 1
kLogIter: 0
kMaxGenStagnation: 300
kMessUp: 0
kMutatePercent: 1
kMutationMode: 1
kMutations: 6
kPruneOrphans: 1
kSaveDotGraphs: 1
kSeed: 0
kThreads: 4
kThreshold: 1000
kTruthWeight: 1
columns: 13
rows: 5,5,5,5,5,5,5,5,5,5,5,5,4
goal_correct_count: 256
goal_total_count: 2048
goal_total_weighted_count: 65536
~
gates_used: 35
total_count: 1600
total_weighted_count: 0
percent: 0.781250
weighted_percent: 0.000000
evaluations: 20100
~
1458,1490,1506,1510,1510,1510,1510,1516,1516,1516,1520,1520,1520,1524,1524,1524,1524,1552,1556,1556,1556,1560,1560,1560,1560,1560,1560,1560,1560,1560,1560,1560,1560,1560,1560,1560,1560,1560,1560,1560,1560,1560,1560,1560,1560,1560,1560,1560,1560,1560,1560,1560,1560,1560,1560,1560,1560,1560,1560,1560,1560,1564,1564,1564,1564,1564,1564,1564,1564,1564,1564,1564,1564,1564,1564,1564,1564,1564,1564,1564,1564,1572,1572,1572,1580,1580,1580,1584,1584,1584,1588,1588,1588,1588,1588,1588,1588,1588,1588,1588,1588,1588,1588,1588,1588,1588,1588,1588,1588,1588,1588,1588,1592,1592,1592,1592,1592,1592,1598,1598,1598,1598,1598,1598,1598,1598,1598,1598,1598,1598,1598,1598,1598,1598,1598,1598,1598,1598,1598,1598,1598,1598,1598,1598,1598,1598,1598,1598,1598,1598,1598,1598,1598,1598,1598,1598,1598,1598,1598,1598,1598,1598,1598,1598,1598,1598,1598,1598,1598,1598,1598,1598,1598,1598,1598,1598,1598,1598,1598,1598,1598,1598,1598,1600,1600,1600,1600,1600,1600,1600,1600,1600,1600,1600,1600,1600,1600,1600,1600,1600,1600,
48604,52700,53724,53788,53788,53788,53788,53812,53812,53812,53844,53844,53844,53876,53876,53876,53876,57940,58004,58004,58004,58036,58036,58036,58036,58036,58036,58036,58036,58036,58036,58036,58036,58036,58036,58036,58036,58036,58036,58036,58036,58036,58036,58036,58036,58036,58036,58036,58036,58036,58036,58036,58036,58036,58036,58036,58036,58036,58036,58036,58036,58052,58052,58052,58052,58052,58052,58052,58052,58052,58052,58052,58052,58052,58052,58052,58052,58052,58052,58052,58052,59012,59012,59012,59076,59076,59076,59084,59084,59084,59092,59092,59092,59092,59092,59092,59092,59092,59092,59092,59092,59092,59092,59092,59092,59092,59092,59092,59092,59092,59092,59092,59100,59100,59100,59100,59100,59100,59106,59106,59106,59106,59106,59106,59106,59106,59106,59106,59106,59106,59106,59106,59106,59106,59106,59106,59106,59106,59106,59106,59106,59106,59106,59106,59106,59106,59106,59106,59106,59106,59106,59106,59106,59106,59106,59106,59106,59106,59106,59106,59106,59106,59106,59106,59106,59106,59106,59106,59106,59106,59106,59106,59106,59106,59106,59106,59106,59106,59106,59106,59106,59106,59106,59108,59108,59108,59108,59108,59108,59108,59108,59108,59108,59108,59108,59108,59108,59108,59108,59108,59108,
0.711914,0.727539,0.735352,0.737305,0.737305,0.737305,0.737305,0.740234,0.740234,0.740234,0.742188,0.742188,0.742188,0.744141,0.744141,0.744141,0.744141,0.757812,0.759766,0.759766,0.759766,0.761719,0.761719,0.761719,0.761719,0.761719,0.761719,0.761719,0.761719,0.761719,0.761719,0.761719,0.761719,0.761719,0.761719,0.761719,0.761719,0.761719,0.761719,0.761719,0.761719,0.761719,0.761719,0.761719,0.761719,0.761719,0.761719,0.761719,0.761719,0.761719,0.761719,0.761719,0.761719,0.761719,0.761719,0.761719,0.761719,0.761719,0.761719,0.761719,0.761719,0.763672,0.763672,0.763672,0.763672,0.763672,0.763672,0.763672,0.763672,0.763672,0.763672,0.763672,0.763672,0.763672,0.763672,0.763672,0.763672,0.763672,0.763672,0.763672,0.763672,0.767578,0.767578,0.767578,0.771484,0.771484,0.771484,0.773438,0.773438,0.773438,0.775391,0.775391,0.775391,0.775391,0.775391,0.775391,0.775391,0.775391,0.775391,0.775391,0.775391,0.775391,0.775391,0.775391,0.775391,0.775391,0.775391,0.775391,0.775391,0.775391,0.775391,0.775391,0.777344,0.777344,0.777344,0.777344,0.777344,0.777344,0.780273,0.780273,0.780273,0.780273,0.780273,0.780273,0.780273,0.780273,0.780273,0.780273,0.780273,0.780273,0.780273,0.780273,0.780273,0.780273,0.780273,0.780273,0.780273,0.780273,0.780273,0.780273,0.780273,0.780273,0.780273,0.780273,0.780273,0.780273,0.780273,0.780273,0.780273,0.780273,0.780273,0.780273,0.780273,0.780273,0.780273,0.780273,0.780273,0.780273,0.780273,0.780273,0.780273,0.780273,0.780273,0.780273,0.780273,0.780273,0.780273,0.780273,0.780273,0.780273,0.780273,0.780273,0.780273,0.780273,0.780273,0.780273,0.780273,0.780273,0.780273,0.780273,0.780273,0.780273,0.780273,0.781250,0.781250,0.781250,0.781250,0.781250,0.781250,0.781250,0.781250,0.781250,0.781250,0.781250,0.781250,0.781250,0.781250,0.781250,0.781250,0.781250,0.781250,
0.741638,0.804138,0.819763,0.820740,0.820740,0.820740,0.820740,0.821106,0.821106,0.821106,0.821594,0.821594,0.821594,0.822083,0.822083,0.822083,0.822083,0.884094,0.885071,0.885071,0.885071,0.885559,0.885559,0.885559,0.885559,0.885559,0.885559,0.885559,0.885559,0.885559,0.885559,0.885559,0.885559,0.885559,0.885559,0.885559,0.885559,0.885559,0.885559,0.885559,0.885559,0.885559,0.885559,0.885559,0.885559,0.885559,0.885559,0.885559,0.885559,0.885559,0.885559,0.885559,0.885559,0.885559,0.885559,0.885559,0.885559,0.885559,0.885559,0.885559,0.885559,0.885803,0.885803,0.885803,0.885803,0.885803,0.885803,0.885803,0.885803,0.885803,0.885803,0.885803,0.885803,0.885803,0.885803,0.885803,0.885803,0.885803,0.885803,0.885803,0.885803,0.900452,0.900452,0.900452,0.901428,0.901428,0.901428,0.901550,0.901550,0.901550,0.901672,0.901672,0.901672,0.901672,0.901672,0.901672,0.901672,0.901672,0.901672,0.901672,0.901672,0.901672,0.901672,0.901672,0.901672,0.901672,0.901672,0.901672,0.901672,0.901672,0.901672,0.901672,0.901794,0.901794,0.901794,0.901794,0.901794,0.901794,0.901886,0.901886,0.901886,0.901886,0.901886,0.901886,0.901886,0.901886,0.901886,0.901886,0.901886,0.901886,0.901886,0.901886,0.901886,0.901886,0.901886,0.901886,0.901886,0.901886,0.901886,0.901886,0.901886,0.901886,0.901886,0.901886,0.901886,0.901886,0.901886,0.901886,0.901886,0.901886,0.901886,0.901886,0.901886,0.901886,0.901886,0.901886,0.901886,0.901886,0.901886,0.901886,0.901886,0.901886,0.901886,0.901886,0.901886,0.901886,0.901886,0.901886,0.901886,0.901886,0.901886,0.901886,0.901886,0.901886,0.901886,0.901886,0.901886,0.901886,0.901886,0.901886,0.901886,0.901886,0.901886,0.901917,0.901917,0.901917,0.901917,0.901917,0.901917,0.901917,0.901917,0.901917,0.901917,0.901917,0.901917,0.901917,0.901917,0.901917,0.901917,0.901917,0.901917,
