kBasicLog: 1
kBreedEdges: 1
kBreedGates: 1
kBreedSample: 4
kBreedType: 0
kChildren: 100
kEvaluations: 20000
kGens: 100
kLegalGateTypes: 1
kLog: 1
kLogIter: 7
kMaxGenStagnation: 300
kMessUp: 0
kMutatePercent: 1
kMutationMode: 1
kMutations: 6
kPruneOrphans: 1
kSaveDotGraphs: 1
kSeed: 0
kThreads: 4
kThreshold: 1000
kTruthWeight: 1
columns: 13
rows: 5,5,5,5,5,5,5,5,5,5,5,5,4
goal_correct_count: 256
goal_total_count: 2048
goal_total_weighted_count: 65536
~
gates_used: 35
total_count: 1630
total_weighted_count: 0
percent: 0.795898
weighted_percent: 0.000000
evaluations: 20100
~
1494,1502,1506,1508,1522,1526,1526,1526,1530,1562,1562,1562,1562,1562,1562,1562,1562,1562,1564,1572,1576,1576,1576,1576,1576,1576,1578,1578,1580,1580,1580,1580,1580,1582,1582,1586,1586,1586,1589,1592,1592,1592,1592,1592,1592,1592,1592,1592,1592,1592,1592,1592,1592,1592,1592,1592,1592,1592,1592,1592,1594,1594,1594,1596,1596,1596,1596,1596,1598,1598,1598,1598,1598,1598,1598,1598,1598,1598,1598,1598,1598,1600,1600,1600,1600,1602,1602,1602,1602,1602,1602,1602,1602,1602,1602,1602,1602,1602,1602,1602,1602,1602,1602,1602,1602,1602,1602,1602,1602,1604,1604,1604,1604,1604,1604,1608,1608,1608,1608,1608,1610,1610,1610,1610,1610,1610,1610,1610,1610,1610,1610,1610,1610,1610,1610,1610,1610,1610,1610,1610,1610,1610,1610,1610,1610,1610,1610,1610,1610,1610,1610,1610,1610,1610,1610,1610,1610,1610,1610,1610,1610,1610,1610,1610,1610,1610,1610,1610,1610,1610,1610,1610,1610,1610,1610,1610,1610,1610,1610,1616,1616,1618,1618,1618,1618,1618,1622,1630,1630,1630,1630,1630,1630,1630,1630,1630,1630,1630,1630,1630,1630,
50360,50616,50624,50656,51648,51712,51712,51712,51728,55824,55824,55824,55824,55824,55824,55824,55824,55824,55828,55892,55900,55900,55900,55900,55900,55900,55908,55908,55924,55924,55924,55924,55924,55940,55940,55972,55972,55972,55996,56020,56020,56020,56020,56020,56020,56020,56020,56020,56020,56020,56020,56020,56020,56020,56020,56020,56020,56020,56020,56020,56036,56036,56036,56044,56044,56044,56044,56044,56052,56052,56052,56052,56052,56052,56052,56052,56052,56052,56052,56052,56052,56060,56060,56060,56060,56068,56068,56068,56068,56068,56068,56068,56068,56068,56068,56068,56068,56068,56068,56068,56068,56068,56068,56068,56068,56068,56068,56068,56068,56076,56076,56076,56076,56076,56076,56080,56080,56080,56080,56080,56088,56088,56088,56088,56088,56088,56088,56088,56088,56088,56088,56088,56088,56088,56088,56088,56088,56088,56088,56088,56088,56088,56088,56088,56088,56088,56088,56088,56088,56088,56088,56088,56088,56088,56088,56088,56088,56088,56088,56088,56088,56088,56088,56088,56088,56088,56088,56088,56088,56088,56088,56088,56088,56088,56088,56088,56088,56088,56088,56280,56280,56344,56344,56344,56344,56344,56472,56984,56984,56984,56984,56984,56984,56984,56984,56984,56984,56984,56984,56984,56984,
0.729492,0.733398,0.735352,0.736328,0.743164,0.745117,0.745117,0.745117,0.747070,0.762695,0.762695,0.762695,0.762695,0.762695,0.762695,0.762695,0.762695,0.762695,0.763672,0.767578,0.769531,0.769531,0.769531,0.769531,0.769531,0.769531,0.770508,0.770508,0.771484,0.771484,0.771484,0.771484,0.771484,0.772461,0.772461,0.774414,0.774414,0.774414,0.775879,0.777344,0.777344,0.777344,0.777344,0.777344,0.777344,0.777344,0.777344,0.777344,0.777344,0.777344,0.777344,0.777344,0.777344,0.777344,0.777344,0.777344,0.777344,0.777344,0.777344,0.777344,0.778320,0.778320,0.778320,0.779297,0.779297,0.779297,0.779297,0.779297,0.780273,0.780273,0.780273,0.780273,0.780273,0.780273,0.780273,0.780273,0.780273,0.780273,0.780273,0.780273,0.780273,0.781250,0.781250,0.781250,0.781250,0.782227,0.782227,0.782227,0.782227,0.782227,0.782227,0.782227,0.782227,0.782227,0.782227,0.782227,0.782227,0.782227,0.782227,0.782227,0.782227,0.782227,0.782227,0.782227,0.782227,0.782227,0.782227,0.782227,0.782227,0.783203,0.783203,0.783203,0.783203,0.783203,0.783203,0.785156,0.785156,0.785156,0.785156,0.785156,0.786133,0.786133,0.786133,0.786133,0.786133,0.786133,0.786133,0.786133,0.786133,0.786133,0.786133,0.786133,0.786133,0.786133,0.786133,0.786133,0.786133,0.786133,0.786133,0.786133,0.786133,0.786133,0.786133,0.786133,0.786133,0.786133,0.786133,0.786133,0.786133,0.786133,0.786133,0.786133,0.786133,0.786133,0.786133,0.786133,0.786133,0.786133,0.786133,0.786133,0.786133,0.786133,0.786133,0.786133,0.786133,0.786133,0.786133,0.786133,0.786133,0.786133,0.786133,0.786133,0.786133,0.786133,0.786133,0.786133,0.786133,0.786133,0.786133,0.789062,0.789062,0.790039,0.790039,0.790039,0.790039,0.790039,0.791992,0.795898,0.795898,0.795898,0.795898,0.795898,0.795898,0.795898,0.795898,0.795898,0.795898,0.795898,0.795898,0.795898,0.795898,
0.768433,0.772339,0.772461,0.772949,0.788086,0.789062,0.789062,0.789062,0.789307,0.851807,0.851807,0.851807,0.851807,0.851807,0.851807,0.851807,0.851807,0.851807,0.851868,0.852844,0.852966,0.852966,0.852966,0.852966,0.852966,0.852966,0.853088,0.853088,0.853333,0.853333,0.853333,0.853333,0.853333,0.853577,0.853577,0.854065,0.854065,0.854065,0.854431,0.854797,0.854797,0.854797,0.854797,0.854797,0.854797,0.854797,0.854797,0.854797,0.854797,0.854797,0.854797,0.854797,0.854797,0.854797,0.854797,0.854797,0.854797,0.854797,0.854797,0.854797,0.855042,0.855042,0.855042,0.855164,0.855164,0.855164,0.855164,0.855164,0.855286,0.855286,0.855286,0.855286,0.855286,0.855286,0.855286,0.855286,0.855286,0.855286,0.855286,0.855286,0.855286,0.855408,0.855408,0.855408,0.855408,0.855530,0.855530,0.855530,0.855530,0.855530,0.855530,0.855530,0.855530,0.855530,0.855530,0.855530,0.855530,0.855530,0.855530,0.855530,0.855530,0.855530,0.855530,0.855530,0.855530,0.855530,0.855530,0.855530,0.855530,0.855652,0.855652,0.855652,0.855652,0.855652,0.855652,0.855713,0.855713,0.855713,0.855713,0.855713,0.855835,0.855835,0.855835,0.855835,0.855835,0.855835,0.855835,0.855835,0.855835,0.855835,0.855835,0.855835,0.855835,0.855835,0.855835,0.855835,0.855835,0.855835,0.855835,0.855835,0.855835,0.855835,0.855835,0.855835,0.855835,0.855835,0.855835,0.855835,0.855835,0.855835,0.855835,0.855835,0.855835,0.855835,0.855835,0.855835,0.855835,0.855835,0.855835,0.855835,0.855835,0.855835,0.855835,0.855835,0.855835,0.855835,0.855835,0.855835,0.855835,0.855835,0.855835,0.855835,0.855835,0.855835,0.855835,0.855835,0.855835,0.855835,0.855835,0.858765,0.858765,0.859741,0.859741,0.859741,0.859741,0.859741,0.861694,0.869507,0.869507,0.869507,0.869507,0.869507,0.869507,0.869507,0.869507,0.869507,0.869507,0.869507,0.869507,0.869507,0.869507,
